left_sample_id,right_sample_id,hamming_distance,label_conflict,review_status
38daaf9c106adcb36515,0cb879066179ea78139a,1,False,pending
38daaf9c106adcb36515,efb03c687e14e08fdfe9,1,False,pending
38daaf9c106adcb36515,f572549774366b0d0c89,1,False,pending
3552940ab5fdbf721d0a,0cb879066179ea78139a,1,False,pending
3552940ab5fdbf721d0a,efb03c687e14e08fdfe9,1,False,pending
3552940ab5fdbf721d0a,f572549774366b0d0c89,1,False,pending
636b9f3d95854f254184,736f8da0f94d6006925a,3,False,pending
636b9f3d95854f254184,45a9b76cf0883b4b273c,3,False,pending
636b9f3d95854f254184,6777a3fd4f85e909e00a,3,False,pending
636b9f3d95854f254184,a18413e238ff3bd2ceaa,3,False,pending
636b9f3d95854f254184,5b538c257d683570a082,3,False,pending
636b9f3d95854f254184,4c0a9df0383a33ec3499,2,False,pending
636b9f3d95854f254184,b155ab9e776de7d807b4,2,False,pending
636b9f3d95854f254184,793ca289141f14c902e7,2,False,pending
636b9f3d95854f254184,9d5fa53e36ab521931bd,3,False,pending
636b9f3d95854f254184,30b7ceadced9cb7697c1,3,False,pending
636b9f3d95854f254184,6e789998150f5ec2fd57,3,False,pending
417b2f7757c263efe1ce,9f699edeeddac2231d35,2,False,pending
417b2f7757c263efe1ce,e28d2c7cd1c44bbf22ed,2,False,pending
417b2f7757c263efe1ce,0e3847092135a18a6b15,2,False,pending
417b2f7757c263efe1ce,78be9ebc81a9beba5234,4,False,pending
417b2f7757c263efe1ce,b74fed75161ac81e1988,4,False,pending
417b2f7757c263efe1ce,7e29bcca6007b7fb83ac,4,False,pending
417b2f7757c263efe1ce,1040102ca8c17f21d4c5,4,False,pending
417b2f7757c263efe1ce,5f8d77984777f0b98985,4,False,pending
417b2f7757c263efe1ce,cb3579465355eeefa5dc,4,False,pending
417b2f7757c263efe1ce,8486e6f3195b1057df44,4,False,pending
a5b46261dfe4aa504bc7,9f699edeeddac2231d35,2,False,pending
a5b46261dfe4aa504bc7,e28d2c7cd1c44bbf22ed,2,False,pending
a5b46261dfe4aa504bc7,0e3847092135a18a6b15,2,False,pending
a5b46261dfe4aa504bc7,78be9ebc81a9beba5234,4,False,pending
a5b46261dfe4aa504bc7,b74fed75161ac81e1988,4,False,pending
a5b46261dfe4aa504bc7,7e29bcca6007b7fb83ac,4,False,pending
a5b46261dfe4aa504bc7,1040102ca8c17f21d4c5,4,False,pending
a5b46261dfe4aa504bc7,5f8d77984777f0b98985,4,False,pending
a5b46261dfe4aa504bc7,cb3579465355eeefa5dc,4,False,pending
a5b46261dfe4aa504bc7,8486e6f3195b1057df44,4,False,pending
bd9ba8752c0fc589f524,bb9767c4739e7454b3c7,1,False,pending
bd9ba8752c0fc589f524,a5f3a8c21f8252f8f978,1,False,pending
bd9ba8752c0fc589f524,0b0fff20b77908270459,1,False,pending
bd9ba8752c0fc589f524,ec95e07a85ffea62e4f8,3,False,pending
bd9ba8752c0fc589f524,5fb4e47134e80bb4851f,3,False,pending
bd9ba8752c0fc589f524,8f538a3311af459e852f,3,False,pending
d508db62544bdca29ebb,ec95e07a85ffea62e4f8,4,False,pending
d508db62544bdca29ebb,5fb4e47134e80bb4851f,4,False,pending
d508db62544bdca29ebb,8f538a3311af459e852f,4,False,pending
50877fdd8180d684be65,3b1dbf936ed21eb6e715,4,False,pending
50877fdd8180d684be65,6ce2db54bf75eb73048c,4,False,pending
50877fdd8180d684be65,52137a4410dd625eb794,4,False,pending
eb530efc0ec1e14d6950,3919e264a2dfb1fb480f,4,False,pending
eb530efc0ec1e14d6950,02976ca50003bc99de88,4,False,pending
eb530efc0ec1e14d6950,72681959c709a52b5920,4,False,pending
eb530efc0ec1e14d6950,a66f25eafc617fc78ccd,4,False,pending
eb530efc0ec1e14d6950,e4335727c289c1da659c,4,False,pending
eb530efc0ec1e14d6950,f4c421f0c99755520a65,4,False,pending
eb530efc0ec1e14d6950,bd43c580ad5eaf29f0e1,4,False,pending
eb530efc0ec1e14d6950,e21c7cc4f46139e595ff,4,False,pending
eb530efc0ec1e14d6950,f9ed9794c5846d1f1811,4,False,pending
3919e264a2dfb1fb480f,fcc9a8aeb87b031730e5,2,False,pending
3919e264a2dfb1fb480f,02976ca50003bc99de88,4,False,pending
3919e264a2dfb1fb480f,eaebd7f95b85780e48b4,4,False,pending
3919e264a2dfb1fb480f,aeaaea785e6e0c18546d,4,False,pending
3919e264a2dfb1fb480f,a4a7548554731337a5ad,2,False,pending
3919e264a2dfb1fb480f,c622e898d1cd3f9c8504,1,False,pending
3919e264a2dfb1fb480f,404da13ad2807f88920b,1,False,pending
3919e264a2dfb1fb480f,e4335727c289c1da659c,4,False,pending
3919e264a2dfb1fb480f,f4c421f0c99755520a65,4,False,pending
3919e264a2dfb1fb480f,bd43c580ad5eaf29f0e1,4,False,pending
3919e264a2dfb1fb480f,a8ecb5f509c5c78bf52f,3,False,pending
3919e264a2dfb1fb480f,881dad26d37575e55179,3,False,pending
3919e264a2dfb1fb480f,8b43e7a35efb859e25d4,3,False,pending
3919e264a2dfb1fb480f,884f06737cfa4b38c2c8,3,False,pending
3919e264a2dfb1fb480f,30e41e18166573fdf262,3,False,pending
3919e264a2dfb1fb480f,88f11cb1f38151606333,2,False,pending
3919e264a2dfb1fb480f,c3c6cbf634c996dfb258,2,False,pending
3919e264a2dfb1fb480f,1f1af33209792784720d,2,False,pending
3919e264a2dfb1fb480f,dcb01f34be04d4657902,3,False,pending
3919e264a2dfb1fb480f,0b11589db981513d4589,3,False,pending
3919e264a2dfb1fb480f,22e0710c0644fa936988,3,False,pending
3919e264a2dfb1fb480f,b23b268a546099458583,3,False,pending
3919e264a2dfb1fb480f,c9c959e0f7d13fec4d56,3,False,pending
3919e264a2dfb1fb480f,baf000635aef153fa23b,2,False,pending
3919e264a2dfb1fb480f,669f37836572beecc8c0,1,False,pending
3919e264a2dfb1fb480f,e21c7cc4f46139e595ff,4,False,pending
3919e264a2dfb1fb480f,f9ed9794c5846d1f1811,4,False,pending
3919e264a2dfb1fb480f,41fc5fd468498e7a5af2,3,False,pending
3919e264a2dfb1fb480f,b691e4d7d16f3fd0e389,3,False,pending
fcc9a8aeb87b031730e5,72681959c709a52b5920,2,False,pending
fcc9a8aeb87b031730e5,a66f25eafc617fc78ccd,2,False,pending
fcc9a8aeb87b031730e5,c622e898d1cd3f9c8504,1,False,pending
fcc9a8aeb87b031730e5,404da13ad2807f88920b,1,False,pending
fcc9a8aeb87b031730e5,f4c421f0c99755520a65,4,False,pending
fcc9a8aeb87b031730e5,bd43c580ad5eaf29f0e1,4,False,pending
fcc9a8aeb87b031730e5,a8ecb5f509c5c78bf52f,3,False,pending
fcc9a8aeb87b031730e5,881dad26d37575e55179,3,False,pending
fcc9a8aeb87b031730e5,8b43e7a35efb859e25d4,3,False,pending
fcc9a8aeb87b031730e5,88f11cb1f38151606333,2,False,pending
fcc9a8aeb87b031730e5,c3c6cbf634c996dfb258,2,False,pending
fcc9a8aeb87b031730e5,1f1af33209792784720d,2,False,pending
fcc9a8aeb87b031730e5,dcb01f34be04d4657902,3,False,pending
fcc9a8aeb87b031730e5,0b11589db981513d4589,3,False,pending
fcc9a8aeb87b031730e5,22e0710c0644fa936988,1,False,pending
fcc9a8aeb87b031730e5,b23b268a546099458583,1,False,pending
fcc9a8aeb87b031730e5,c9c959e0f7d13fec4d56,1,False,pending
fcc9a8aeb87b031730e5,669f37836572beecc8c0,1,False,pending
fcc9a8aeb87b031730e5,f9ed9794c5846d1f1811,4,False,pending
fcc9a8aeb87b031730e5,b691e4d7d16f3fd0e389,3,False,pending
02976ca50003bc99de88,eaebd7f95b85780e48b4,4,False,pending
02976ca50003bc99de88,aeaaea785e6e0c18546d,4,False,pending
02976ca50003bc99de88,72681959c709a52b5920,4,False,pending
02976ca50003bc99de88,a66f25eafc617fc78ccd,4,False,pending
02976ca50003bc99de88,a7f95579b1e21d0db1d4,3,False,pending
02976ca50003bc99de88,642e7c460e2fa2d7b3c1,3,False,pending
02976ca50003bc99de88,f4c421f0c99755520a65,2,False,pending
02976ca50003bc99de88,bd43c580ad5eaf29f0e1,2,False,pending
02976ca50003bc99de88,8fdd8df0a99fb43ea448,1,False,pending
02976ca50003bc99de88,733355cada7fbd6de4da,1,False,pending
02976ca50003bc99de88,a8ecb5f509c5c78bf52f,3,False,pending
02976ca50003bc99de88,881dad26d37575e55179,3,False,pending
02976ca50003bc99de88,8b43e7a35efb859e25d4,3,False,pending
02976ca50003bc99de88,88f11cb1f38151606333,4,False,pending
02976ca50003bc99de88,c3c6cbf634c996dfb258,4,False,pending
02976ca50003bc99de88,1f1af33209792784720d,4,False,pending
02976ca50003bc99de88,c617c224c2859199b606,3,False,pending
02976ca50003bc99de88,f9ed9794c5846d1f1811,2,False,pending
02976ca50003bc99de88,3781a0e98b5f8841f934,1,False,pending
c0465427e83cd9299115,6b3d8e88f8a2d7b76fb9,3,False,pending
c0465427e83cd9299115,3ac09a6544673a61e2a8,3,False,pending
c0465427e83cd9299115,01746886b4e772e800a6,0,False,pending
c0465427e83cd9299115,7644ca286bed9fbf231c,0,False,pending
c0465427e83cd9299115,44ae659ae2da5825b198,0,False,pending
c0465427e83cd9299115,1e5fed39931899fe7d4a,0,False,pending
c0465427e83cd9299115,c0fdf251d0bea58ad696,0,False,pending
c0465427e83cd9299115,928f2196d52567f3afa2,4,False,pending
c0465427e83cd9299115,49d9f3eb143a61d06203,4,False,pending
c0465427e83cd9299115,a46a288fdc01902c80fd,2,False,pending
c0465427e83cd9299115,76bb3da0bc28ae10a718,2,False,pending
c0465427e83cd9299115,a1891da73328b48068b3,2,False,pending
c0465427e83cd9299115,f6a1251291888b3691e4,3,False,pending
c0465427e83cd9299115,a878345117133df91bbf,0,False,pending
c0465427e83cd9299115,c4efb8904da4ab8c274b,4,False,pending
b20daf5d94b57b87ae01,50128bbb8d737a60a40c,4,False,pending
b20daf5d94b57b87ae01,a592442483ce1ee400de,4,False,pending
b20daf5d94b57b87ae01,f5e6ea3a2a1a40d15ba4,4,False,pending
b20daf5d94b57b87ae01,801a667f11d5f0e10267,2,False,pending
b20daf5d94b57b87ae01,af6124e39f41452786a5,2,False,pending
b20daf5d94b57b87ae01,c69b1360886157e0581e,2,False,pending
b20daf5d94b57b87ae01,0177460284d13c668a67,0,False,pending
b20daf5d94b57b87ae01,c9671b5d0198346b9255,0,False,pending
b20daf5d94b57b87ae01,3e01ddef649257bfb3c0,3,False,pending
b20daf5d94b57b87ae01,fc9d36429ee37a3928b6,3,False,pending
b20daf5d94b57b87ae01,2815cf97da77bcf9b1bc,0,False,pending
b20daf5d94b57b87ae01,33edaac6b2a8ec2ae66d,3,False,pending
1c0aef0b25c53e60a47d,b87b9850705ff918bd31,3,False,pending
1c0aef0b25c53e60a47d,2bec6120ba0bdb5d0c7f,3,False,pending
1c0aef0b25c53e60a47d,118c09f0fdccfa98a3bd,3,False,pending
59ea393de7187bdaf355,8309c0ecca999ae9a53e,1,False,pending
59ea393de7187bdaf355,5a806e034e7d3b4044f0,2,False,pending
59ea393de7187bdaf355,5c39a8aea0ffee1f6a38,1,False,pending
59ea393de7187bdaf355,fbbc639e19294dd69b95,1,False,pending
59ea393de7187bdaf355,9034e70a519bd1d37d54,2,False,pending
59ea393de7187bdaf355,17b0e59c7c304e20034c,3,False,pending
59ea393de7187bdaf355,af417835d3aae8ff22bd,3,False,pending
59ea393de7187bdaf355,53511bcbeebc697775f1,3,False,pending
59ea393de7187bdaf355,7b00dfeb34af03363aa1,3,False,pending
59ea393de7187bdaf355,be7c13c576b7c4d02595,1,False,pending
59ea393de7187bdaf355,215274620f1d9a46a33f,1,False,pending
59ea393de7187bdaf355,9b30f6c470633d8457cc,1,False,pending
59ea393de7187bdaf355,ddbe6836799d4709e922,1,False,pending
59ea393de7187bdaf355,0ff1c654d2956f206cd3,2,False,pending
59ea393de7187bdaf355,0e1f05536a9b4dbf6c1a,2,False,pending
59ea393de7187bdaf355,9f646efbf766b0ab006f,2,False,pending
59ea393de7187bdaf355,f5eba977740dba5ceffd,2,False,pending
59ea393de7187bdaf355,1c546b07b9af42b05435,2,False,pending
59ea393de7187bdaf355,95f4e863417fb593263a,2,False,pending
59ea393de7187bdaf355,fdec1d535ba44ccfe662,2,False,pending
59ea393de7187bdaf355,22b34cb908f9b5e4a98d,1,False,pending
59ea393de7187bdaf355,2f0f44a41184233408d5,1,False,pending
59ea393de7187bdaf355,44c4561dc23877ee9ed2,1,False,pending
59ea393de7187bdaf355,2b8f4e71664d50ef6281,1,False,pending
59ea393de7187bdaf355,6c0cb17ec3dfaedc9bd6,1,False,pending
59ea393de7187bdaf355,0007da6f35f0a9ec5efc,1,False,pending
59ea393de7187bdaf355,eec5262a3e3664bf50d5,2,False,pending
59ea393de7187bdaf355,0be94dac7ac618d43090,2,False,pending
59ea393de7187bdaf355,47e69124bb124b89ee73,2,False,pending
59ea393de7187bdaf355,5fa4e19ab17cc058c92a,2,False,pending
59ea393de7187bdaf355,308f1991bf931a815b73,2,False,pending
59ea393de7187bdaf355,53a266297bb98f9ec28d,3,False,pending
59ea393de7187bdaf355,df7436b090f7c9178603,3,False,pending
59ea393de7187bdaf355,9943d4624140c991fccd,4,False,pending
59ea393de7187bdaf355,6eb9b02da1c72c324578,4,False,pending
59ea393de7187bdaf355,e86f2bd0fce59ed85966,4,False,pending
59ea393de7187bdaf355,2ae4aa8005dc53fdc257,4,False,pending
59ea393de7187bdaf355,5e4e61b52c77d2d4956d,3,False,pending
59ea393de7187bdaf355,12be1682c5370d82bdaf,3,False,pending
59ea393de7187bdaf355,5c3bb3b6a654fc543103,3,False,pending
59ea393de7187bdaf355,35f70cb1879ace6ba0b2,4,False,pending
59ea393de7187bdaf355,a490a0e346030d465552,4,False,pending
59ea393de7187bdaf355,d9c775e4122422cd0a5f,4,False,pending
59ea393de7187bdaf355,9ba1ae2897dbda8a14a8,4,False,pending
59ea393de7187bdaf355,ad1243412c8169e6cc30,4,False,pending
59ea393de7187bdaf355,8ac5011dc42a22cd8715,4,False,pending
59ea393de7187bdaf355,c552c5efddd227aaf44e,4,False,pending
59ea393de7187bdaf355,db6325854b9a72c417a7,4,False,pending
59ea393de7187bdaf355,ecf2ec505f9549842f57,3,False,pending
59ea393de7187bdaf355,3e2358dfe5ab88455987,3,False,pending
59ea393de7187bdaf355,4e729c11518d047c1be5,3,False,pending
59ea393de7187bdaf355,2a644f83f1c1d72ec383,3,False,pending
59ea393de7187bdaf355,c747c7d9ac6a7331842d,3,False,pending
59ea393de7187bdaf355,26319d33aa13c8b2511a,2,False,pending
59ea393de7187bdaf355,7c10fc29b4b37e22ff5d,2,False,pending
59ea393de7187bdaf355,7e419d059b3c29de905f,2,False,pending
59ea393de7187bdaf355,a3a60bfc4d280dd7fa6a,2,False,pending
59ea393de7187bdaf355,e0c6a0d62c0357010449,2,False,pending
59ea393de7187bdaf355,57ece6052cb009ce34d3,2,False,pending
59ea393de7187bdaf355,4afb928ef68fded20d0f,2,False,pending
59ea393de7187bdaf355,377e7df0035e0acbfac7,4,False,pending
59ea393de7187bdaf355,0697e7777b066fb8d8d1,4,False,pending
59ea393de7187bdaf355,61d78ce58476e4fae645,3,False,pending
59ea393de7187bdaf355,46b812dc1001b7d3b6e5,4,False,pending
59ea393de7187bdaf355,ae46c54df758a7a30ff0,4,False,pending
59ea393de7187bdaf355,234fecbf65b6c0dcebd3,2,False,pending
59ea393de7187bdaf355,7ad7ca9d7436bd407ef2,3,False,pending
59ea393de7187bdaf355,1b1f9723e7318bf841ac,3,False,pending
59ea393de7187bdaf355,7d83dc58278ebef8d3a3,3,False,pending
59ea393de7187bdaf355,f728f90e984d76c12ba9,3,False,pending
59ea393de7187bdaf355,1dbe06181cdd45414a9d,4,False,pending
59ea393de7187bdaf355,f8080a59db0763d5ba43,4,False,pending
59ea393de7187bdaf355,ca517e90209b74e234aa,3,False,pending
59ea393de7187bdaf355,2fe0e29226e48d98168f,3,False,pending
59ea393de7187bdaf355,9657778bc49c6cdb6612,3,False,pending
59ea393de7187bdaf355,5efa4cb81101b3e2b680,4,False,pending
59ea393de7187bdaf355,a9df733be3ca722f05b7,4,False,pending
59ea393de7187bdaf355,6b59312903ac971959e2,3,False,pending
59ea393de7187bdaf355,408baf4fbb17803fb3d6,3,False,pending
59ea393de7187bdaf355,f07c3f628a3be785edd9,3,False,pending
59ea393de7187bdaf355,3b22ca9b2517d576f22e,3,False,pending
59ea393de7187bdaf355,191754d258d36fefbe05,3,False,pending
59ea393de7187bdaf355,3ee9ebe89dbac0ce6246,3,False,pending
59ea393de7187bdaf355,e906d3346b0f8c3676f8,3,False,pending
59ea393de7187bdaf355,0a139ca0315d6eae574d,4,False,pending
59ea393de7187bdaf355,fdc891ef7b15f5953c56,4,False,pending
59ea393de7187bdaf355,9b8b95815322d0a3ae79,4,False,pending
59ea393de7187bdaf355,4b00fd3983cf5315bdd2,3,False,pending
59ea393de7187bdaf355,c96e3bcc8986f4a0001a,3,False,pending
59ea393de7187bdaf355,b94caabc4b10487bdec5,1,False,pending
59ea393de7187bdaf355,107768ca7825c509d025,2,False,pending
59ea393de7187bdaf355,7263cae6e898bc7f20a8,2,False,pending
59ea393de7187bdaf355,05e8c1eee0399894908c,3,False,pending
59ea393de7187bdaf355,c33622b54ccb66b8ea42,4,False,pending
59ea393de7187bdaf355,250ae161e30aac952b55,4,False,pending
59ea393de7187bdaf355,1fc549a3f42c99dd7b4f,4,False,pending
59ea393de7187bdaf355,4ce09bb5dd2b2104683e,4,False,pending
59ea393de7187bdaf355,c263b10acbed7d9ce56e,3,False,pending
59ea393de7187bdaf355,7dfa8a88e189555d71ca,2,False,pending
59ea393de7187bdaf355,b77776a9914b2542a475,2,False,pending
59ea393de7187bdaf355,814a9b59de10f3bb0d37,4,False,pending
59ea393de7187bdaf355,a8381cf3831847e1b254,1,False,pending
59ea393de7187bdaf355,70bfcd6593828bddbc28,3,False,pending
59ea393de7187bdaf355,644b08ea92be7e5966f5,4,False,pending
59ea393de7187bdaf355,a9f2d079250f8ca533f2,4,False,pending
59ea393de7187bdaf355,3435b205cf2894c16d94,2,False,pending
59ea393de7187bdaf355,561e219f4507a73d9826,3,False,pending
59ea393de7187bdaf355,55fb626c9581efc07447,4,False,pending
59ea393de7187bdaf355,b8f70e59b3e6a470efd1,4,False,pending
59ea393de7187bdaf355,02637da2d1bec857f727,3,False,pending
59ea393de7187bdaf355,e7306963a8ec3a39a8c6,3,False,pending
5f0bc549afd7ea1ff39c,8309c0ecca999ae9a53e,1,False,pending
5f0bc549afd7ea1ff39c,5a806e034e7d3b4044f0,2,False,pending
5f0bc549afd7ea1ff39c,5c39a8aea0ffee1f6a38,1,False,pending
5f0bc549afd7ea1ff39c,fbbc639e19294dd69b95,1,False,pending
5f0bc549afd7ea1ff39c,9034e70a519bd1d37d54,2,False,pending
5f0bc549afd7ea1ff39c,17b0e59c7c304e20034c,3,False,pending
5f0bc549afd7ea1ff39c,af417835d3aae8ff22bd,3,False,pending
5f0bc549afd7ea1ff39c,53511bcbeebc697775f1,3,False,pending
5f0bc549afd7ea1ff39c,7b00dfeb34af03363aa1,3,False,pending
5f0bc549afd7ea1ff39c,be7c13c576b7c4d02595,1,False,pending
5f0bc549afd7ea1ff39c,215274620f1d9a46a33f,1,False,pending
5f0bc549afd7ea1ff39c,9b30f6c470633d8457cc,1,False,pending
5f0bc549afd7ea1ff39c,ddbe6836799d4709e922,1,False,pending
5f0bc549afd7ea1ff39c,0ff1c654d2956f206cd3,2,False,pending
5f0bc549afd7ea1ff39c,0e1f05536a9b4dbf6c1a,2,False,pending
5f0bc549afd7ea1ff39c,9f646efbf766b0ab006f,2,False,pending
5f0bc549afd7ea1ff39c,f5eba977740dba5ceffd,2,False,pending
5f0bc549afd7ea1ff39c,1c546b07b9af42b05435,2,False,pending
5f0bc549afd7ea1ff39c,95f4e863417fb593263a,2,False,pending
5f0bc549afd7ea1ff39c,fdec1d535ba44ccfe662,2,False,pending
5f0bc549afd7ea1ff39c,22b34cb908f9b5e4a98d,1,False,pending
5f0bc549afd7ea1ff39c,2f0f44a41184233408d5,1,False,pending
5f0bc549afd7ea1ff39c,44c4561dc23877ee9ed2,1,False,pending
5f0bc549afd7ea1ff39c,2b8f4e71664d50ef6281,1,False,pending
5f0bc549afd7ea1ff39c,6c0cb17ec3dfaedc9bd6,1,False,pending
5f0bc549afd7ea1ff39c,0007da6f35f0a9ec5efc,1,False,pending
5f0bc549afd7ea1ff39c,eec5262a3e3664bf50d5,2,False,pending
5f0bc549afd7ea1ff39c,0be94dac7ac618d43090,2,False,pending
5f0bc549afd7ea1ff39c,47e69124bb124b89ee73,2,False,pending
5f0bc549afd7ea1ff39c,5fa4e19ab17cc058c92a,2,False,pending
5f0bc549afd7ea1ff39c,308f1991bf931a815b73,2,False,pending
5f0bc549afd7ea1ff39c,53a266297bb98f9ec28d,3,False,pending
5f0bc549afd7ea1ff39c,df7436b090f7c9178603,3,False,pending
5f0bc549afd7ea1ff39c,9943d4624140c991fccd,4,False,pending
5f0bc549afd7ea1ff39c,6eb9b02da1c72c324578,4,False,pending
5f0bc549afd7ea1ff39c,e86f2bd0fce59ed85966,4,False,pending
5f0bc549afd7ea1ff39c,2ae4aa8005dc53fdc257,4,False,pending
5f0bc549afd7ea1ff39c,5e4e61b52c77d2d4956d,3,False,pending
5f0bc549afd7ea1ff39c,12be1682c5370d82bdaf,3,False,pending
5f0bc549afd7ea1ff39c,5c3bb3b6a654fc543103,3,False,pending
5f0bc549afd7ea1ff39c,35f70cb1879ace6ba0b2,4,False,pending
5f0bc549afd7ea1ff39c,a490a0e346030d465552,4,False,pending
5f0bc549afd7ea1ff39c,d9c775e4122422cd0a5f,4,False,pending
5f0bc549afd7ea1ff39c,9ba1ae2897dbda8a14a8,4,False,pending
5f0bc549afd7ea1ff39c,ad1243412c8169e6cc30,4,False,pending
5f0bc549afd7ea1ff39c,8ac5011dc42a22cd8715,4,False,pending
5f0bc549afd7ea1ff39c,c552c5efddd227aaf44e,4,False,pending
5f0bc549afd7ea1ff39c,db6325854b9a72c417a7,4,False,pending
5f0bc549afd7ea1ff39c,ecf2ec505f9549842f57,3,False,pending
5f0bc549afd7ea1ff39c,3e2358dfe5ab88455987,3,False,pending
5f0bc549afd7ea1ff39c,4e729c11518d047c1be5,3,False,pending
5f0bc549afd7ea1ff39c,2a644f83f1c1d72ec383,3,False,pending
5f0bc549afd7ea1ff39c,c747c7d9ac6a7331842d,3,False,pending
5f0bc549afd7ea1ff39c,26319d33aa13c8b2511a,2,False,pending
5f0bc549afd7ea1ff39c,7c10fc29b4b37e22ff5d,2,False,pending
5f0bc549afd7ea1ff39c,7e419d059b3c29de905f,2,False,pending
5f0bc549afd7ea1ff39c,a3a60bfc4d280dd7fa6a,2,False,pending
5f0bc549afd7ea1ff39c,e0c6a0d62c0357010449,2,False,pending
5f0bc549afd7ea1ff39c,57ece6052cb009ce34d3,2,False,pending
5f0bc549afd7ea1ff39c,4afb928ef68fded20d0f,2,False,pending
5f0bc549afd7ea1ff39c,377e7df0035e0acbfac7,4,False,pending
5f0bc549afd7ea1ff39c,0697e7777b066fb8d8d1,4,False,pending
5f0bc549afd7ea1ff39c,61d78ce58476e4fae645,3,False,pending
5f0bc549afd7ea1ff39c,46b812dc1001b7d3b6e5,4,False,pending
5f0bc549afd7ea1ff39c,ae46c54df758a7a30ff0,4,False,pending
5f0bc549afd7ea1ff39c,234fecbf65b6c0dcebd3,2,False,pending
5f0bc549afd7ea1ff39c,7ad7ca9d7436bd407ef2,3,False,pending
5f0bc549afd7ea1ff39c,1b1f9723e7318bf841ac,3,False,pending
5f0bc549afd7ea1ff39c,7d83dc58278ebef8d3a3,3,False,pending
5f0bc549afd7ea1ff39c,f728f90e984d76c12ba9,3,False,pending
5f0bc549afd7ea1ff39c,1dbe06181cdd45414a9d,4,False,pending
5f0bc549afd7ea1ff39c,f8080a59db0763d5ba43,4,False,pending
5f0bc549afd7ea1ff39c,ca517e90209b74e234aa,3,False,pending
5f0bc549afd7ea1ff39c,2fe0e29226e48d98168f,3,False,pending
5f0bc549afd7ea1ff39c,9657778bc49c6cdb6612,3,False,pending
5f0bc549afd7ea1ff39c,5efa4cb81101b3e2b680,4,False,pending
5f0bc549afd7ea1ff39c,a9df733be3ca722f05b7,4,False,pending
5f0bc549afd7ea1ff39c,6b59312903ac971959e2,3,False,pending
5f0bc549afd7ea1ff39c,408baf4fbb17803fb3d6,3,False,pending
5f0bc549afd7ea1ff39c,f07c3f628a3be785edd9,3,False,pending
5f0bc549afd7ea1ff39c,3b22ca9b2517d576f22e,3,False,pending
5f0bc549afd7ea1ff39c,191754d258d36fefbe05,3,False,pending
5f0bc549afd7ea1ff39c,3ee9ebe89dbac0ce6246,3,False,pending
5f0bc549afd7ea1ff39c,e906d3346b0f8c3676f8,3,False,pending
5f0bc549afd7ea1ff39c,0a139ca0315d6eae574d,4,False,pending
5f0bc549afd7ea1ff39c,fdc891ef7b15f5953c56,4,False,pending
5f0bc549afd7ea1ff39c,9b8b95815322d0a3ae79,4,False,pending
5f0bc549afd7ea1ff39c,4b00fd3983cf5315bdd2,3,False,pending
5f0bc549afd7ea1ff39c,c96e3bcc8986f4a0001a,3,False,pending
5f0bc549afd7ea1ff39c,b94caabc4b10487bdec5,1,False,pending
5f0bc549afd7ea1ff39c,107768ca7825c509d025,2,False,pending
5f0bc549afd7ea1ff39c,7263cae6e898bc7f20a8,2,False,pending
5f0bc549afd7ea1ff39c,05e8c1eee0399894908c,3,False,pending
5f0bc549afd7ea1ff39c,c33622b54ccb66b8ea42,4,False,pending
5f0bc549afd7ea1ff39c,250ae161e30aac952b55,4,False,pending
5f0bc549afd7ea1ff39c,1fc549a3f42c99dd7b4f,4,False,pending
5f0bc549afd7ea1ff39c,4ce09bb5dd2b2104683e,4,False,pending
5f0bc549afd7ea1ff39c,c263b10acbed7d9ce56e,3,False,pending
5f0bc549afd7ea1ff39c,7dfa8a88e189555d71ca,2,False,pending
5f0bc549afd7ea1ff39c,b77776a9914b2542a475,2,False,pending
5f0bc549afd7ea1ff39c,814a9b59de10f3bb0d37,4,False,pending
5f0bc549afd7ea1ff39c,a8381cf3831847e1b254,1,False,pending
5f0bc549afd7ea1ff39c,70bfcd6593828bddbc28,3,False,pending
5f0bc549afd7ea1ff39c,644b08ea92be7e5966f5,4,False,pending
5f0bc549afd7ea1ff39c,a9f2d079250f8ca533f2,4,False,pending
5f0bc549afd7ea1ff39c,3435b205cf2894c16d94,2,False,pending
5f0bc549afd7ea1ff39c,561e219f4507a73d9826,3,False,pending
5f0bc549afd7ea1ff39c,55fb626c9581efc07447,4,False,pending
5f0bc549afd7ea1ff39c,b8f70e59b3e6a470efd1,4,False,pending
5f0bc549afd7ea1ff39c,02637da2d1bec857f727,3,False,pending
5f0bc549afd7ea1ff39c,e7306963a8ec3a39a8c6,3,False,pending
8309c0ecca999ae9a53e,5a806e034e7d3b4044f0,1,False,pending
8309c0ecca999ae9a53e,157c90a6a771d5595266,4,False,pending
8309c0ecca999ae9a53e,5c39a8aea0ffee1f6a38,0,False,pending
8309c0ecca999ae9a53e,fbbc639e19294dd69b95,0,False,pending
8309c0ecca999ae9a53e,9034e70a519bd1d37d54,1,False,pending
8309c0ecca999ae9a53e,17b0e59c7c304e20034c,2,False,pending
8309c0ecca999ae9a53e,eb5d2025be3278f9e928,4,False,pending
8309c0ecca999ae9a53e,d1a5c09ad3918c9e7e25,4,False,pending
8309c0ecca999ae9a53e,ea89afe7ce32cdb08c47,4,False,pending
8309c0ecca999ae9a53e,af417835d3aae8ff22bd,2,False,pending
8309c0ecca999ae9a53e,53511bcbeebc697775f1,2,False,pending
8309c0ecca999ae9a53e,7b00dfeb34af03363aa1,2,False,pending
8309c0ecca999ae9a53e,65550e1189c7d1132513,1,False,pending
8309c0ecca999ae9a53e,9b30f6c470633d8457cc,0,False,pending
8309c0ecca999ae9a53e,ddbe6836799d4709e922,0,False,pending
8309c0ecca999ae9a53e,0ff1c654d2956f206cd3,1,False,pending
8309c0ecca999ae9a53e,0e1f05536a9b4dbf6c1a,1,False,pending
8309c0ecca999ae9a53e,9f646efbf766b0ab006f,1,False,pending
8309c0ecca999ae9a53e,f5eba977740dba5ceffd,1,False,pending
8309c0ecca999ae9a53e,1c546b07b9af42b05435,1,False,pending
8309c0ecca999ae9a53e,95f4e863417fb593263a,1,False,pending
8309c0ecca999ae9a53e,fdec1d535ba44ccfe662,1,False,pending
8309c0ecca999ae9a53e,22b34cb908f9b5e4a98d,0,False,pending
8309c0ecca999ae9a53e,2f0f44a41184233408d5,0,False,pending
8309c0ecca999ae9a53e,44c4561dc23877ee9ed2,0,False,pending
8309c0ecca999ae9a53e,2b8f4e71664d50ef6281,0,False,pending
8309c0ecca999ae9a53e,6c0cb17ec3dfaedc9bd6,0,False,pending
8309c0ecca999ae9a53e,0007da6f35f0a9ec5efc,0,False,pending
8309c0ecca999ae9a53e,eec5262a3e3664bf50d5,1,False,pending
8309c0ecca999ae9a53e,0be94dac7ac618d43090,1,False,pending
8309c0ecca999ae9a53e,47e69124bb124b89ee73,1,False,pending
8309c0ecca999ae9a53e,5fa4e19ab17cc058c92a,1,False,pending
8309c0ecca999ae9a53e,308f1991bf931a815b73,1,False,pending
8309c0ecca999ae9a53e,53a266297bb98f9ec28d,2,False,pending
8309c0ecca999ae9a53e,df7436b090f7c9178603,2,False,pending
8309c0ecca999ae9a53e,5e4e61b52c77d2d4956d,4,False,pending
8309c0ecca999ae9a53e,12be1682c5370d82bdaf,4,False,pending
8309c0ecca999ae9a53e,5c3bb3b6a654fc543103,4,False,pending
8309c0ecca999ae9a53e,fbf8459c54b5e7e34aef,4,False,pending
8309c0ecca999ae9a53e,d63e4b89254fd3d8c5f9,4,False,pending
8309c0ecca999ae9a53e,ec29764946c1376cccbe,4,False,pending
8309c0ecca999ae9a53e,9ba1ae2897dbda8a14a8,3,False,pending
8309c0ecca999ae9a53e,ad1243412c8169e6cc30,3,False,pending
8309c0ecca999ae9a53e,8ac5011dc42a22cd8715,3,False,pending
8309c0ecca999ae9a53e,c552c5efddd227aaf44e,3,False,pending
8309c0ecca999ae9a53e,db6325854b9a72c417a7,3,False,pending
8309c0ecca999ae9a53e,ecf2ec505f9549842f57,2,False,pending
8309c0ecca999ae9a53e,3e2358dfe5ab88455987,2,False,pending
8309c0ecca999ae9a53e,4e729c11518d047c1be5,2,False,pending
8309c0ecca999ae9a53e,2a644f83f1c1d72ec383,2,False,pending
8309c0ecca999ae9a53e,c747c7d9ac6a7331842d,2,False,pending
8309c0ecca999ae9a53e,26319d33aa13c8b2511a,1,False,pending
8309c0ecca999ae9a53e,7c10fc29b4b37e22ff5d,1,False,pending
8309c0ecca999ae9a53e,7e419d059b3c29de905f,1,False,pending
8309c0ecca999ae9a53e,a3a60bfc4d280dd7fa6a,1,False,pending
8309c0ecca999ae9a53e,e0c6a0d62c0357010449,1,False,pending
8309c0ecca999ae9a53e,57ece6052cb009ce34d3,1,False,pending
8309c0ecca999ae9a53e,4afb928ef68fded20d0f,1,False,pending
8309c0ecca999ae9a53e,61d78ce58476e4fae645,2,False,pending
8309c0ecca999ae9a53e,46b812dc1001b7d3b6e5,3,False,pending
8309c0ecca999ae9a53e,ae46c54df758a7a30ff0,3,False,pending
8309c0ecca999ae9a53e,234fecbf65b6c0dcebd3,1,False,pending
8309c0ecca999ae9a53e,7ad7ca9d7436bd407ef2,2,False,pending
8309c0ecca999ae9a53e,1b1f9723e7318bf841ac,2,False,pending
8309c0ecca999ae9a53e,8a124b4a7aac984a1de8,4,False,pending
8309c0ecca999ae9a53e,2633580c5487f1c8726c,4,False,pending
8309c0ecca999ae9a53e,7d83dc58278ebef8d3a3,2,False,pending
8309c0ecca999ae9a53e,f728f90e984d76c12ba9,2,False,pending
8309c0ecca999ae9a53e,1dbe06181cdd45414a9d,3,False,pending
8309c0ecca999ae9a53e,f8080a59db0763d5ba43,3,False,pending
8309c0ecca999ae9a53e,ca517e90209b74e234aa,2,False,pending
8309c0ecca999ae9a53e,2fe0e29226e48d98168f,2,False,pending
8309c0ecca999ae9a53e,9657778bc49c6cdb6612,2,False,pending
8309c0ecca999ae9a53e,5efa4cb81101b3e2b680,3,False,pending
8309c0ecca999ae9a53e,a9df733be3ca722f05b7,3,False,pending
8309c0ecca999ae9a53e,6b59312903ac971959e2,2,False,pending
8309c0ecca999ae9a53e,408baf4fbb17803fb3d6,2,False,pending
8309c0ecca999ae9a53e,f07c3f628a3be785edd9,2,False,pending
8309c0ecca999ae9a53e,3b22ca9b2517d576f22e,2,False,pending
8309c0ecca999ae9a53e,daddf8167bdfcd608d41,4,False,pending
8309c0ecca999ae9a53e,658e22365c321dd489fe,4,False,pending
8309c0ecca999ae9a53e,191754d258d36fefbe05,2,False,pending
8309c0ecca999ae9a53e,3ee9ebe89dbac0ce6246,2,False,pending
8309c0ecca999ae9a53e,e906d3346b0f8c3676f8,2,False,pending
8309c0ecca999ae9a53e,0a139ca0315d6eae574d,3,False,pending
8309c0ecca999ae9a53e,fdc891ef7b15f5953c56,3,False,pending
8309c0ecca999ae9a53e,9b8b95815322d0a3ae79,3,False,pending
8309c0ecca999ae9a53e,1340507560e8d4d692bb,4,False,pending
8309c0ecca999ae9a53e,c36e8f45e46cd2c20a14,4,False,pending
8309c0ecca999ae9a53e,ca031beab1a7fb2cd198,4,False,pending
8309c0ecca999ae9a53e,c1027b69b773fd8abb77,4,False,pending
8309c0ecca999ae9a53e,4b00fd3983cf5315bdd2,2,False,pending
8309c0ecca999ae9a53e,c96e3bcc8986f4a0001a,2,False,pending
8309c0ecca999ae9a53e,b94caabc4b10487bdec5,0,False,pending
8309c0ecca999ae9a53e,107768ca7825c509d025,1,False,pending
8309c0ecca999ae9a53e,7263cae6e898bc7f20a8,1,False,pending
8309c0ecca999ae9a53e,05e8c1eee0399894908c,2,False,pending
8309c0ecca999ae9a53e,593775773d3c5912b25e,4,False,pending
8309c0ecca999ae9a53e,335603eeb8e00360812a,4,False,pending
8309c0ecca999ae9a53e,1fc549a3f42c99dd7b4f,3,False,pending
8309c0ecca999ae9a53e,4ce09bb5dd2b2104683e,3,False,pending
8309c0ecca999ae9a53e,c263b10acbed7d9ce56e,2,False,pending
8309c0ecca999ae9a53e,7dfa8a88e189555d71ca,1,False,pending
8309c0ecca999ae9a53e,b77776a9914b2542a475,1,False,pending
8309c0ecca999ae9a53e,a8381cf3831847e1b254,0,False,pending
8309c0ecca999ae9a53e,70bfcd6593828bddbc28,2,False,pending
8309c0ecca999ae9a53e,644b08ea92be7e5966f5,3,False,pending
8309c0ecca999ae9a53e,a9f2d079250f8ca533f2,3,False,pending
8309c0ecca999ae9a53e,3435b205cf2894c16d94,1,False,pending
8309c0ecca999ae9a53e,561e219f4507a73d9826,2,False,pending
8309c0ecca999ae9a53e,55fb626c9581efc07447,3,False,pending
8309c0ecca999ae9a53e,b8f70e59b3e6a470efd1,3,False,pending
8309c0ecca999ae9a53e,02637da2d1bec857f727,2,False,pending
8309c0ecca999ae9a53e,e7306963a8ec3a39a8c6,2,False,pending
8309c0ecca999ae9a53e,5dd7c49e1a9ce0914e81,4,False,pending
5a806e034e7d3b4044f0,157c90a6a771d5595266,3,False,pending
5a806e034e7d3b4044f0,5c39a8aea0ffee1f6a38,1,False,pending
5a806e034e7d3b4044f0,fbbc639e19294dd69b95,1,False,pending
5a806e034e7d3b4044f0,9034e70a519bd1d37d54,2,False,pending
5a806e034e7d3b4044f0,17b0e59c7c304e20034c,3,False,pending
5a806e034e7d3b4044f0,af417835d3aae8ff22bd,3,False,pending
5a806e034e7d3b4044f0,53511bcbeebc697775f1,3,False,pending
5a806e034e7d3b4044f0,7b00dfeb34af03363aa1,3,False,pending
5a806e034e7d3b4044f0,65550e1189c7d1132513,2,False,pending
5a806e034e7d3b4044f0,be7c13c576b7c4d02595,1,False,pending
5a806e034e7d3b4044f0,215274620f1d9a46a33f,1,False,pending
5a806e034e7d3b4044f0,9b30f6c470633d8457cc,1,False,pending
5a806e034e7d3b4044f0,ddbe6836799d4709e922,1,False,pending
5a806e034e7d3b4044f0,0ff1c654d2956f206cd3,0,False,pending
5a806e034e7d3b4044f0,0e1f05536a9b4dbf6c1a,0,False,pending
5a806e034e7d3b4044f0,9f646efbf766b0ab006f,0,False,pending
5a806e034e7d3b4044f0,95f4e863417fb593263a,0,False,pending
5a806e034e7d3b4044f0,fdec1d535ba44ccfe662,0,False,pending
5a806e034e7d3b4044f0,22b34cb908f9b5e4a98d,1,False,pending
5a806e034e7d3b4044f0,2f0f44a41184233408d5,1,False,pending
5a806e034e7d3b4044f0,44c4561dc23877ee9ed2,1,False,pending
5a806e034e7d3b4044f0,2b8f4e71664d50ef6281,1,False,pending
5a806e034e7d3b4044f0,6c0cb17ec3dfaedc9bd6,1,False,pending
5a806e034e7d3b4044f0,0007da6f35f0a9ec5efc,1,False,pending
5a806e034e7d3b4044f0,eec5262a3e3664bf50d5,2,False,pending
5a806e034e7d3b4044f0,0be94dac7ac618d43090,2,False,pending
5a806e034e7d3b4044f0,47e69124bb124b89ee73,2,False,pending
5a806e034e7d3b4044f0,5fa4e19ab17cc058c92a,2,False,pending
5a806e034e7d3b4044f0,308f1991bf931a815b73,2,False,pending
5a806e034e7d3b4044f0,53a266297bb98f9ec28d,3,False,pending
5a806e034e7d3b4044f0,df7436b090f7c9178603,3,False,pending
5a806e034e7d3b4044f0,9943d4624140c991fccd,4,False,pending
5a806e034e7d3b4044f0,6eb9b02da1c72c324578,4,False,pending
5a806e034e7d3b4044f0,e86f2bd0fce59ed85966,4,False,pending
5a806e034e7d3b4044f0,2ae4aa8005dc53fdc257,4,False,pending
5a806e034e7d3b4044f0,5e4e61b52c77d2d4956d,3,False,pending
5a806e034e7d3b4044f0,12be1682c5370d82bdaf,3,False,pending
5a806e034e7d3b4044f0,5c3bb3b6a654fc543103,3,False,pending
5a806e034e7d3b4044f0,9ba1ae2897dbda8a14a8,4,False,pending
5a806e034e7d3b4044f0,ad1243412c8169e6cc30,4,False,pending
5a806e034e7d3b4044f0,9baa6ef45158569a58ea,4,False,pending
5a806e034e7d3b4044f0,cf3e12b4b2af6f3f02b0,4,False,pending
5a806e034e7d3b4044f0,de29f740c1d96b65d168,4,False,pending
5a806e034e7d3b4044f0,8ac5011dc42a22cd8715,4,False,pending
5a806e034e7d3b4044f0,c552c5efddd227aaf44e,4,False,pending
5a806e034e7d3b4044f0,db6325854b9a72c417a7,4,False,pending
5a806e034e7d3b4044f0,ecf2ec505f9549842f57,3,False,pending
5a806e034e7d3b4044f0,3e2358dfe5ab88455987,3,False,pending
5a806e034e7d3b4044f0,4e729c11518d047c1be5,3,False,pending
5a806e034e7d3b4044f0,2a644f83f1c1d72ec383,3,False,pending
5a806e034e7d3b4044f0,c747c7d9ac6a7331842d,3,False,pending
5a806e034e7d3b4044f0,26319d33aa13c8b2511a,2,False,pending
5a806e034e7d3b4044f0,7c10fc29b4b37e22ff5d,2,False,pending
5a806e034e7d3b4044f0,7e419d059b3c29de905f,2,False,pending
5a806e034e7d3b4044f0,a3a60bfc4d280dd7fa6a,2,False,pending
5a806e034e7d3b4044f0,e0c6a0d62c0357010449,2,False,pending
5a806e034e7d3b4044f0,57ece6052cb009ce34d3,2,False,pending
5a806e034e7d3b4044f0,4afb928ef68fded20d0f,2,False,pending
5a806e034e7d3b4044f0,61d78ce58476e4fae645,3,False,pending
5a806e034e7d3b4044f0,46b812dc1001b7d3b6e5,4,False,pending
5a806e034e7d3b4044f0,ae46c54df758a7a30ff0,4,False,pending
5a806e034e7d3b4044f0,234fecbf65b6c0dcebd3,2,False,pending
5a806e034e7d3b4044f0,7ad7ca9d7436bd407ef2,3,False,pending
5a806e034e7d3b4044f0,1b1f9723e7318bf841ac,3,False,pending
5a806e034e7d3b4044f0,7d83dc58278ebef8d3a3,3,False,pending
5a806e034e7d3b4044f0,f728f90e984d76c12ba9,3,False,pending
5a806e034e7d3b4044f0,1dbe06181cdd45414a9d,4,False,pending
5a806e034e7d3b4044f0,f8080a59db0763d5ba43,4,False,pending
5a806e034e7d3b4044f0,ca517e90209b74e234aa,3,False,pending
5a806e034e7d3b4044f0,2fe0e29226e48d98168f,3,False,pending
5a806e034e7d3b4044f0,9657778bc49c6cdb6612,3,False,pending
5a806e034e7d3b4044f0,5efa4cb81101b3e2b680,4,False,pending
5a806e034e7d3b4044f0,a9df733be3ca722f05b7,4,False,pending
5a806e034e7d3b4044f0,6b59312903ac971959e2,3,False,pending
5a806e034e7d3b4044f0,408baf4fbb17803fb3d6,3,False,pending
5a806e034e7d3b4044f0,f07c3f628a3be785edd9,3,False,pending
5a806e034e7d3b4044f0,3b22ca9b2517d576f22e,3,False,pending
5a806e034e7d3b4044f0,191754d258d36fefbe05,3,False,pending
5a806e034e7d3b4044f0,3ee9ebe89dbac0ce6246,3,False,pending
5a806e034e7d3b4044f0,e906d3346b0f8c3676f8,3,False,pending
5a806e034e7d3b4044f0,0a139ca0315d6eae574d,4,False,pending
5a806e034e7d3b4044f0,fdc891ef7b15f5953c56,4,False,pending
5a806e034e7d3b4044f0,9b8b95815322d0a3ae79,4,False,pending
5a806e034e7d3b4044f0,4b00fd3983cf5315bdd2,3,False,pending
5a806e034e7d3b4044f0,c96e3bcc8986f4a0001a,3,False,pending
5a806e034e7d3b4044f0,9be23342ee406607c718,4,False,pending
5a806e034e7d3b4044f0,b94caabc4b10487bdec5,1,False,pending
5a806e034e7d3b4044f0,107768ca7825c509d025,0,False,pending
5a806e034e7d3b4044f0,7263cae6e898bc7f20a8,2,False,pending
5a806e034e7d3b4044f0,05e8c1eee0399894908c,3,False,pending
5a806e034e7d3b4044f0,c33622b54ccb66b8ea42,4,False,pending
5a806e034e7d3b4044f0,250ae161e30aac952b55,4,False,pending
5a806e034e7d3b4044f0,593775773d3c5912b25e,3,False,pending
5a806e034e7d3b4044f0,335603eeb8e00360812a,3,False,pending
5a806e034e7d3b4044f0,1fc549a3f42c99dd7b4f,4,False,pending
5a806e034e7d3b4044f0,4ce09bb5dd2b2104683e,4,False,pending
5a806e034e7d3b4044f0,c263b10acbed7d9ce56e,3,False,pending
5a806e034e7d3b4044f0,7dfa8a88e189555d71ca,2,False,pending
5a806e034e7d3b4044f0,b77776a9914b2542a475,2,False,pending
5a806e034e7d3b4044f0,a8381cf3831847e1b254,1,False,pending
5a806e034e7d3b4044f0,70bfcd6593828bddbc28,3,False,pending
5a806e034e7d3b4044f0,644b08ea92be7e5966f5,4,False,pending
5a806e034e7d3b4044f0,a9f2d079250f8ca533f2,4,False,pending
5a806e034e7d3b4044f0,3435b205cf2894c16d94,2,False,pending
5a806e034e7d3b4044f0,561e219f4507a73d9826,3,False,pending
5a806e034e7d3b4044f0,55fb626c9581efc07447,4,False,pending
5a806e034e7d3b4044f0,b8f70e59b3e6a470efd1,4,False,pending
5a806e034e7d3b4044f0,02637da2d1bec857f727,3,False,pending
5a806e034e7d3b4044f0,e7306963a8ec3a39a8c6,3,False,pending
1938a66d8976ff949631,8996f39de8dd20e355dc,4,False,pending
1938a66d8976ff949631,3062e2e59c5817e7c28b,4,False,pending
1938a66d8976ff949631,73d3a5196cb38b777946,4,False,pending
1938a66d8976ff949631,6358bcd4488719deae42,2,False,pending
1938a66d8976ff949631,3cd653fe3462b44f384d,2,False,pending
1938a66d8976ff949631,387aceb1d47a131e8817,2,False,pending
1938a66d8976ff949631,9943d4624140c991fccd,3,False,pending
1938a66d8976ff949631,6eb9b02da1c72c324578,3,False,pending
1938a66d8976ff949631,e86f2bd0fce59ed85966,3,False,pending
1938a66d8976ff949631,4fa58483508063cddcd8,2,False,pending
1938a66d8976ff949631,4547dd29eed84d4d78a6,2,False,pending
1938a66d8976ff949631,2ae4aa8005dc53fdc257,3,False,pending
1938a66d8976ff949631,5e4e61b52c77d2d4956d,4,False,pending
1938a66d8976ff949631,12be1682c5370d82bdaf,4,False,pending
1938a66d8976ff949631,5c3bb3b6a654fc543103,4,False,pending
1938a66d8976ff949631,e2183315cd82e5f762f7,4,False,pending
1938a66d8976ff949631,5aaed92ade61f0667324,4,False,pending
1938a66d8976ff949631,7c9c871f531293c4e57a,4,False,pending
1938a66d8976ff949631,8252eceecef1ba121f59,2,False,pending
1938a66d8976ff949631,c33622b54ccb66b8ea42,3,False,pending
1938a66d8976ff949631,250ae161e30aac952b55,3,False,pending
157c90a6a771d5595266,5c39a8aea0ffee1f6a38,4,False,pending
157c90a6a771d5595266,fbbc639e19294dd69b95,4,False,pending
157c90a6a771d5595266,ea89afe7ce32cdb08c47,4,False,pending
157c90a6a771d5595266,be7c13c576b7c4d02595,4,False,pending
157c90a6a771d5595266,215274620f1d9a46a33f,4,False,pending
157c90a6a771d5595266,9b30f6c470633d8457cc,4,False,pending
157c90a6a771d5595266,ddbe6836799d4709e922,4,False,pending
157c90a6a771d5595266,0ff1c654d2956f206cd3,3,False,pending
157c90a6a771d5595266,0e1f05536a9b4dbf6c1a,3,False,pending
157c90a6a771d5595266,9f646efbf766b0ab006f,3,False,pending
157c90a6a771d5595266,f5eba977740dba5ceffd,3,False,pending
157c90a6a771d5595266,1c546b07b9af42b05435,3,False,pending
157c90a6a771d5595266,95f4e863417fb593263a,3,False,pending
157c90a6a771d5595266,fdec1d535ba44ccfe662,3,False,pending
157c90a6a771d5595266,22b34cb908f9b5e4a98d,4,False,pending
157c90a6a771d5595266,2f0f44a41184233408d5,4,False,pending
157c90a6a771d5595266,44c4561dc23877ee9ed2,4,False,pending
157c90a6a771d5595266,2b8f4e71664d50ef6281,4,False,pending
157c90a6a771d5595266,6c0cb17ec3dfaedc9bd6,4,False,pending
157c90a6a771d5595266,0007da6f35f0a9ec5efc,4,False,pending
157c90a6a771d5595266,5fa4e19ab17cc058c92a,3,False,pending
157c90a6a771d5595266,308f1991bf931a815b73,3,False,pending
157c90a6a771d5595266,53a266297bb98f9ec28d,4,False,pending
157c90a6a771d5595266,df7436b090f7c9178603,4,False,pending
157c90a6a771d5595266,3062e2e59c5817e7c28b,4,False,pending
157c90a6a771d5595266,73d3a5196cb38b777946,4,False,pending
157c90a6a771d5595266,5e4e61b52c77d2d4956d,4,False,pending
157c90a6a771d5595266,12be1682c5370d82bdaf,4,False,pending
157c90a6a771d5595266,5c3bb3b6a654fc543103,4,False,pending
157c90a6a771d5595266,35f70cb1879ace6ba0b2,3,False,pending
157c90a6a771d5595266,a490a0e346030d465552,3,False,pending
157c90a6a771d5595266,d9c775e4122422cd0a5f,3,False,pending
157c90a6a771d5595266,fbf8459c54b5e7e34aef,2,False,pending
157c90a6a771d5595266,d63e4b89254fd3d8c5f9,2,False,pending
157c90a6a771d5595266,ec29764946c1376cccbe,2,False,pending
157c90a6a771d5595266,9ba1ae2897dbda8a14a8,1,False,pending
157c90a6a771d5595266,ad1243412c8169e6cc30,1,False,pending
157c90a6a771d5595266,9baa6ef45158569a58ea,1,False,pending
157c90a6a771d5595266,cf3e12b4b2af6f3f02b0,1,False,pending
157c90a6a771d5595266,de29f740c1d96b65d168,1,False,pending
157c90a6a771d5595266,ecf2ec505f9549842f57,4,False,pending
157c90a6a771d5595266,3e2358dfe5ab88455987,4,False,pending
157c90a6a771d5595266,4e729c11518d047c1be5,4,False,pending
157c90a6a771d5595266,2a644f83f1c1d72ec383,4,False,pending
157c90a6a771d5595266,c747c7d9ac6a7331842d,4,False,pending
157c90a6a771d5595266,61d78ce58476e4fae645,4,False,pending
157c90a6a771d5595266,7d83dc58278ebef8d3a3,4,False,pending
157c90a6a771d5595266,f728f90e984d76c12ba9,4,False,pending
157c90a6a771d5595266,ca517e90209b74e234aa,4,False,pending
157c90a6a771d5595266,2fe0e29226e48d98168f,4,False,pending
157c90a6a771d5595266,9657778bc49c6cdb6612,4,False,pending
157c90a6a771d5595266,6b59312903ac971959e2,4,False,pending
157c90a6a771d5595266,ca031beab1a7fb2cd198,4,False,pending
157c90a6a771d5595266,c1027b69b773fd8abb77,4,False,pending
157c90a6a771d5595266,4b00fd3983cf5315bdd2,4,False,pending
157c90a6a771d5595266,c96e3bcc8986f4a0001a,4,False,pending
157c90a6a771d5595266,9be23342ee406607c718,3,False,pending
157c90a6a771d5595266,b94caabc4b10487bdec5,4,False,pending
157c90a6a771d5595266,107768ca7825c509d025,3,False,pending
157c90a6a771d5595266,7263cae6e898bc7f20a8,3,False,pending
157c90a6a771d5595266,05e8c1eee0399894908c,4,False,pending
157c90a6a771d5595266,7c9c871f531293c4e57a,4,False,pending
157c90a6a771d5595266,1fc549a3f42c99dd7b4f,1,False,pending
157c90a6a771d5595266,c263b10acbed7d9ce56e,4,False,pending
157c90a6a771d5595266,e174998ba34c2ba61621,4,False,pending
157c90a6a771d5595266,b7c4dd5b39b047b665c9,4,False,pending
157c90a6a771d5595266,a8381cf3831847e1b254,4,False,pending
157c90a6a771d5595266,70bfcd6593828bddbc28,4,False,pending
157c90a6a771d5595266,561e219f4507a73d9826,4,False,pending
157c90a6a771d5595266,02637da2d1bec857f727,4,False,pending
157c90a6a771d5595266,e7306963a8ec3a39a8c6,4,False,pending
15b9dd4f311a23604841,51ac89d409762f295d71,4,False,pending
15b9dd4f311a23604841,5e6796d75481d5e704de,1,False,pending
15b9dd4f311a23604841,fa5cdeb63eabf7ef8b38,1,False,pending
15b9dd4f311a23604841,c33d7fbf4516f46f5ad6,1,False,pending
15b9dd4f311a23604841,a636990196d03c3632c3,3,False,pending
15b9dd4f311a23604841,898f0a671f854ddbb424,3,False,pending
15b9dd4f311a23604841,ab74f015f767814d574e,3,False,pending
15b9dd4f311a23604841,9916f970ab9edb678a84,2,False,pending
15b9dd4f311a23604841,beb79fadb21f6a373a9d,2,False,pending
15b9dd4f311a23604841,dc3160d59fa7e473b291,2,False,pending
15b9dd4f311a23604841,9e2fa3e8a95afe5be995,2,False,pending
15b9dd4f311a23604841,82eed377d1f1c6bbd01a,4,False,pending
15b9dd4f311a23604841,af3b85747852530afe80,4,False,pending
a8c94b789278000ea08a,51ac89d409762f295d71,4,False,pending
a8c94b789278000ea08a,5e6796d75481d5e704de,1,False,pending
a8c94b789278000ea08a,fa5cdeb63eabf7ef8b38,1,False,pending
a8c94b789278000ea08a,c33d7fbf4516f46f5ad6,1,False,pending
a8c94b789278000ea08a,a636990196d03c3632c3,3,False,pending
a8c94b789278000ea08a,898f0a671f854ddbb424,3,False,pending
a8c94b789278000ea08a,ab74f015f767814d574e,3,False,pending
a8c94b789278000ea08a,9916f970ab9edb678a84,2,False,pending
a8c94b789278000ea08a,beb79fadb21f6a373a9d,2,False,pending
a8c94b789278000ea08a,dc3160d59fa7e473b291,2,False,pending
a8c94b789278000ea08a,9e2fa3e8a95afe5be995,2,False,pending
a8c94b789278000ea08a,82eed377d1f1c6bbd01a,4,False,pending
a8c94b789278000ea08a,af3b85747852530afe80,4,False,pending
b3e238e81501bb78a17f,3e448d3003434e896c44,3,False,pending
b3e238e81501bb78a17f,f6f6b4517bf3110669e2,3,False,pending
b3e238e81501bb78a17f,81b778c3b1533b63793a,3,False,pending
e5a92040aed20d7f6968,7b540783004398d8523f,2,False,pending
e5a92040aed20d7f6968,647f3e41ce4bfe370433,3,False,pending
e5a92040aed20d7f6968,efa5ed86e98eef6b05a9,0,False,pending
e5a92040aed20d7f6968,205f8838a09d6e964c6f,1,False,pending
e5a92040aed20d7f6968,28d579410c34761cd788,1,False,pending
e5a92040aed20d7f6968,1f7422a1142b0657dd31,1,False,pending
e5a92040aed20d7f6968,2dccbb15ca68a84671b9,2,False,pending
e5a92040aed20d7f6968,f6dd023a41beff394636,2,False,pending
e5a92040aed20d7f6968,6fa5969b1a5d2ad9c90a,2,False,pending
e5a92040aed20d7f6968,e293188fd8d0b4e993cd,1,False,pending
e5a92040aed20d7f6968,ba9071218fab79a55546,1,False,pending
e5a92040aed20d7f6968,5976b195b362cde699c5,3,False,pending
e5a92040aed20d7f6968,95a9007e1e7bbf76dc5f,3,False,pending
e5a92040aed20d7f6968,3c1055f5fd26457e04ed,3,False,pending
e5a92040aed20d7f6968,7d3c342688228bd120ed,3,False,pending
e5a92040aed20d7f6968,608aad897a203d6db23c,3,False,pending
e5a92040aed20d7f6968,8a9b0118f749f46fee61,3,False,pending
e5a92040aed20d7f6968,3991432061a3cba6f7ce,0,False,pending
e5a92040aed20d7f6968,809e7de53a77ba6fe344,0,False,pending
e5a92040aed20d7f6968,d3e3ac77447dcc1c6a8b,1,False,pending
e5a92040aed20d7f6968,52c647ea2d0295eb3a97,2,False,pending
e5a92040aed20d7f6968,f690152a7687eb90f3ff,1,False,pending
7b540783004398d8523f,647f3e41ce4bfe370433,1,False,pending
7b540783004398d8523f,e87d56becbf9f95e2182,2,False,pending
7b540783004398d8523f,efa5ed86e98eef6b05a9,2,False,pending
7b540783004398d8523f,205f8838a09d6e964c6f,1,False,pending
7b540783004398d8523f,28d579410c34761cd788,1,False,pending
7b540783004398d8523f,1f7422a1142b0657dd31,1,False,pending
7b540783004398d8523f,f6dd023a41beff394636,0,False,pending
7b540783004398d8523f,6fa5969b1a5d2ad9c90a,0,False,pending
7b540783004398d8523f,e293188fd8d0b4e993cd,1,False,pending
7b540783004398d8523f,ba9071218fab79a55546,1,False,pending
7b540783004398d8523f,608aad897a203d6db23c,1,False,pending
7b540783004398d8523f,8a9b0118f749f46fee61,1,False,pending
7b540783004398d8523f,3991432061a3cba6f7ce,2,False,pending
7b540783004398d8523f,809e7de53a77ba6fe344,2,False,pending
7b540783004398d8523f,d3e3ac77447dcc1c6a8b,1,False,pending
7b540783004398d8523f,f690152a7687eb90f3ff,1,False,pending
5de3a920170539f60bc8,28cef35b4848e9ee884b,4,False,pending
5de3a920170539f60bc8,8cc48f59fdd54b5692b3,4,False,pending
5de3a920170539f60bc8,9eab70dc812fd0bd0175,4,False,pending
5de3a920170539f60bc8,ef3d925b7d3d066bdbb3,4,False,pending
54130347f0814551b65d,b3f1e09b6bc50b402db9,2,False,pending
54130347f0814551b65d,feeae51c2ef5cfe939b1,3,False,pending
54130347f0814551b65d,f93b26b9cf1358809578,3,False,pending
54130347f0814551b65d,b8e845c3343646ebb03c,0,False,pending
54130347f0814551b65d,7a391bf792f7844fa776,0,False,pending
54130347f0814551b65d,d99142aff91fb57e8895,2,False,pending
54130347f0814551b65d,7d992a3477105c7f1d59,3,False,pending
54130347f0814551b65d,738cf7d623aa270d6904,3,False,pending
54130347f0814551b65d,65f8c461b9d8fac3fef9,3,False,pending
54130347f0814551b65d,e678c12829b37d617944,3,False,pending
54130347f0814551b65d,a242668fa4b35955d500,3,False,pending
54130347f0814551b65d,eb2076680a913b9d11dc,3,False,pending
54130347f0814551b65d,445348984d78b1a03c57,2,False,pending
54130347f0814551b65d,b36ee4cdb9b42885241d,2,False,pending
54130347f0814551b65d,125c057295824f0369c7,0,False,pending
54130347f0814551b65d,1a48a408851dab6540de,2,False,pending
54130347f0814551b65d,d7578bc0a9ca62383e56,3,False,pending
54130347f0814551b65d,ad92397dcbd78e14b658,2,False,pending
b3f1e09b6bc50b402db9,feeae51c2ef5cfe939b1,3,False,pending
b3f1e09b6bc50b402db9,b8e845c3343646ebb03c,2,False,pending
b3f1e09b6bc50b402db9,7a391bf792f7844fa776,2,False,pending
b3f1e09b6bc50b402db9,d99f2e06ed1906ab3421,2,False,pending
b3f1e09b6bc50b402db9,a388eb54d09d4d59e49b,2,False,pending
b3f1e09b6bc50b402db9,7d992a3477105c7f1d59,3,False,pending
b3f1e09b6bc50b402db9,738cf7d623aa270d6904,3,False,pending
b3f1e09b6bc50b402db9,65f8c461b9d8fac3fef9,3,False,pending
b3f1e09b6bc50b402db9,e678c12829b37d617944,3,False,pending
b3f1e09b6bc50b402db9,445348984d78b1a03c57,4,False,pending
b3f1e09b6bc50b402db9,b36ee4cdb9b42885241d,4,False,pending
b3f1e09b6bc50b402db9,125c057295824f0369c7,2,False,pending
b3f1e09b6bc50b402db9,d7578bc0a9ca62383e56,3,False,pending
b3f1e09b6bc50b402db9,ad92397dcbd78e14b658,4,False,pending
feeae51c2ef5cfe939b1,f93b26b9cf1358809578,2,False,pending
feeae51c2ef5cfe939b1,b8e845c3343646ebb03c,3,False,pending
feeae51c2ef5cfe939b1,7a391bf792f7844fa776,3,False,pending
feeae51c2ef5cfe939b1,d99f2e06ed1906ab3421,3,False,pending
feeae51c2ef5cfe939b1,a388eb54d09d4d59e49b,3,False,pending
feeae51c2ef5cfe939b1,d99142aff91fb57e8895,3,False,pending
feeae51c2ef5cfe939b1,7d992a3477105c7f1d59,4,False,pending
feeae51c2ef5cfe939b1,738cf7d623aa270d6904,4,False,pending
feeae51c2ef5cfe939b1,a242668fa4b35955d500,2,False,pending
feeae51c2ef5cfe939b1,eb2076680a913b9d11dc,2,False,pending
feeae51c2ef5cfe939b1,445348984d78b1a03c57,1,False,pending
feeae51c2ef5cfe939b1,b36ee4cdb9b42885241d,1,False,pending
feeae51c2ef5cfe939b1,125c057295824f0369c7,3,False,pending
feeae51c2ef5cfe939b1,1a48a408851dab6540de,3,False,pending
feeae51c2ef5cfe939b1,d7578bc0a9ca62383e56,4,False,pending
feeae51c2ef5cfe939b1,ad92397dcbd78e14b658,1,False,pending
f93b26b9cf1358809578,b8e845c3343646ebb03c,3,False,pending
f93b26b9cf1358809578,7a391bf792f7844fa776,3,False,pending
f93b26b9cf1358809578,d99f2e06ed1906ab3421,3,False,pending
f93b26b9cf1358809578,a388eb54d09d4d59e49b,3,False,pending
f93b26b9cf1358809578,7d992a3477105c7f1d59,4,False,pending
f93b26b9cf1358809578,738cf7d623aa270d6904,4,False,pending
f93b26b9cf1358809578,65f8c461b9d8fac3fef9,2,False,pending
f93b26b9cf1358809578,e678c12829b37d617944,2,False,pending
f93b26b9cf1358809578,445348984d78b1a03c57,1,False,pending
f93b26b9cf1358809578,b36ee4cdb9b42885241d,1,False,pending
f93b26b9cf1358809578,125c057295824f0369c7,3,False,pending
f93b26b9cf1358809578,d7578bc0a9ca62383e56,4,False,pending
f93b26b9cf1358809578,ad92397dcbd78e14b658,1,False,pending
f40eae1441915f08897a,f22045e756d13ce00cae,3,False,pending
f40eae1441915f08897a,54608a515b2e1423cfdd,3,False,pending
f40eae1441915f08897a,0610ddc544dc39a6b680,4,False,pending
f40eae1441915f08897a,8b4fec3fc27a918309d1,4,False,pending
f40eae1441915f08897a,69c3b15e74f73d0f8610,4,False,pending
f40eae1441915f08897a,33407514499043613d76,4,False,pending
f40eae1441915f08897a,92c9d668d4ca42db4020,1,False,pending
f40eae1441915f08897a,4820f0f3352c77b6b45f,1,False,pending
f40eae1441915f08897a,abd6968d49eea2f56cd8,2,False,pending
f40eae1441915f08897a,857566217e24ff555b26,2,False,pending
f40eae1441915f08897a,b0e5850cafbe863cbe1f,2,False,pending
f40eae1441915f08897a,5115bea0a1e4942e2507,3,False,pending
f40eae1441915f08897a,e26fe59dc76d545b9cd6,3,False,pending
f40eae1441915f08897a,81527831fb7ffe35f184,3,False,pending
f40eae1441915f08897a,19ea107e0c01cedc3cec,4,False,pending
f40eae1441915f08897a,974a13efce9381e1b3c2,4,False,pending
f40eae1441915f08897a,d66ce1886d240680f8c7,1,False,pending
f40eae1441915f08897a,a1284abf4f7f09fec6d3,3,False,pending
f22045e756d13ce00cae,54608a515b2e1423cfdd,0,False,pending
f22045e756d13ce00cae,0610ddc544dc39a6b680,1,False,pending
f22045e756d13ce00cae,8b4fec3fc27a918309d1,1,False,pending
f22045e756d13ce00cae,69c3b15e74f73d0f8610,1,False,pending
f22045e756d13ce00cae,33407514499043613d76,1,False,pending
f22045e756d13ce00cae,92c9d668d4ca42db4020,4,False,pending
f22045e756d13ce00cae,4820f0f3352c77b6b45f,4,False,pending
f22045e756d13ce00cae,0affef552707c3161889,3,False,pending
f22045e756d13ce00cae,abd6968d49eea2f56cd8,1,False,pending
f22045e756d13ce00cae,857566217e24ff555b26,1,False,pending
f22045e756d13ce00cae,b0e5850cafbe863cbe1f,1,False,pending
f22045e756d13ce00cae,e26fe59dc76d545b9cd6,0,False,pending
f22045e756d13ce00cae,81527831fb7ffe35f184,0,False,pending
f22045e756d13ce00cae,081708c9e20a1045d0f6,3,False,pending
f22045e756d13ce00cae,1c10f51d2607f5b5f8dd,3,False,pending
f22045e756d13ce00cae,afd960727b21ca9e53bb,3,False,pending
f22045e756d13ce00cae,630cd336404a4cd44e54,3,False,pending
f22045e756d13ce00cae,2680fdc51c799c18fe71,3,False,pending
f22045e756d13ce00cae,607266a24860331a208e,3,False,pending
f22045e756d13ce00cae,19ea107e0c01cedc3cec,1,False,pending
f22045e756d13ce00cae,974a13efce9381e1b3c2,1,False,pending
f22045e756d13ce00cae,d66ce1886d240680f8c7,4,False,pending
f22045e756d13ce00cae,7ea8f449f427df103512,3,False,pending
54608a515b2e1423cfdd,0610ddc544dc39a6b680,1,False,pending
54608a515b2e1423cfdd,8b4fec3fc27a918309d1,1,False,pending
54608a515b2e1423cfdd,69c3b15e74f73d0f8610,1,False,pending
54608a515b2e1423cfdd,33407514499043613d76,1,False,pending
54608a515b2e1423cfdd,92c9d668d4ca42db4020,4,False,pending
54608a515b2e1423cfdd,4820f0f3352c77b6b45f,4,False,pending
54608a515b2e1423cfdd,0affef552707c3161889,3,False,pending
54608a515b2e1423cfdd,abd6968d49eea2f56cd8,1,False,pending
54608a515b2e1423cfdd,857566217e24ff555b26,1,False,pending
54608a515b2e1423cfdd,b0e5850cafbe863cbe1f,1,False,pending
54608a515b2e1423cfdd,5115bea0a1e4942e2507,0,False,pending
54608a515b2e1423cfdd,081708c9e20a1045d0f6,3,False,pending
54608a515b2e1423cfdd,1c10f51d2607f5b5f8dd,3,False,pending
54608a515b2e1423cfdd,afd960727b21ca9e53bb,3,False,pending
54608a515b2e1423cfdd,630cd336404a4cd44e54,3,False,pending
54608a515b2e1423cfdd,2680fdc51c799c18fe71,3,False,pending
54608a515b2e1423cfdd,607266a24860331a208e,3,False,pending
54608a515b2e1423cfdd,19ea107e0c01cedc3cec,1,False,pending
54608a515b2e1423cfdd,974a13efce9381e1b3c2,1,False,pending
54608a515b2e1423cfdd,d66ce1886d240680f8c7,4,False,pending
54608a515b2e1423cfdd,7ea8f449f427df103512,3,False,pending
54608a515b2e1423cfdd,a1284abf4f7f09fec6d3,0,False,pending
29de1c6769a0017794ec,42390eddfbd3eb7ecd3d,2,False,pending
29de1c6769a0017794ec,bc3c8f569d2019920bb2,3,False,pending
29de1c6769a0017794ec,b3e191002967fded7100,3,False,pending
29de1c6769a0017794ec,75a12bed62cb9e8c2d2b,3,False,pending
29de1c6769a0017794ec,63869e1dde2847f5bda4,3,False,pending
29de1c6769a0017794ec,4f1ed18f47ed713a5d5e,4,False,pending
29de1c6769a0017794ec,ed9b41f98b1b270ebfe9,2,False,pending
29de1c6769a0017794ec,b5ca7c574ded0743885c,2,False,pending
29de1c6769a0017794ec,3ccf3527e5e9cbeae944,2,False,pending
29de1c6769a0017794ec,94a7c9a472a4ff422b4c,3,False,pending
29de1c6769a0017794ec,1606b326b031300b4fa4,2,False,pending
29de1c6769a0017794ec,e6f3084ed57c5f919512,2,False,pending
29de1c6769a0017794ec,5d316cecea301d3c485a,4,False,pending
29de1c6769a0017794ec,6cf716754cdf4e79d7d1,4,False,pending
29de1c6769a0017794ec,ba6419dc9167e9237b71,3,False,pending
29de1c6769a0017794ec,2e4d52511b2426c955df,4,False,pending
29de1c6769a0017794ec,cc3c34712ddf2900bc2f,4,False,pending
29de1c6769a0017794ec,1f931daf1d2f81116c5b,4,False,pending
42390eddfbd3eb7ecd3d,bc3c8f569d2019920bb2,3,False,pending
42390eddfbd3eb7ecd3d,b3e191002967fded7100,3,False,pending
42390eddfbd3eb7ecd3d,75a12bed62cb9e8c2d2b,1,False,pending
42390eddfbd3eb7ecd3d,63869e1dde2847f5bda4,1,False,pending
42390eddfbd3eb7ecd3d,1cdfd1bbd78f6105a639,4,False,pending
42390eddfbd3eb7ecd3d,b2e63095565dd165b8c1,4,False,pending
42390eddfbd3eb7ecd3d,4f1ed18f47ed713a5d5e,2,False,pending
42390eddfbd3eb7ecd3d,ed9b41f98b1b270ebfe9,0,False,pending
42390eddfbd3eb7ecd3d,fba8083d8ccebd8a9bf2,2,False,pending
42390eddfbd3eb7ecd3d,94a7c9a472a4ff422b4c,3,False,pending
42390eddfbd3eb7ecd3d,3a79ba6a028c0ee60893,4,False,pending
42390eddfbd3eb7ecd3d,1606b326b031300b4fa4,0,False,pending
42390eddfbd3eb7ecd3d,e6f3084ed57c5f919512,0,False,pending
42390eddfbd3eb7ecd3d,4e17f91ae8ee849a1691,2,False,pending
42390eddfbd3eb7ecd3d,ba6419dc9167e9237b71,1,False,pending
42390eddfbd3eb7ecd3d,2e4d52511b2426c955df,2,False,pending
42390eddfbd3eb7ecd3d,cc3c34712ddf2900bc2f,2,False,pending
bc3c8f569d2019920bb2,75a12bed62cb9e8c2d2b,4,False,pending
bc3c8f569d2019920bb2,63869e1dde2847f5bda4,4,False,pending
bc3c8f569d2019920bb2,1cdfd1bbd78f6105a639,3,False,pending
bc3c8f569d2019920bb2,b2e63095565dd165b8c1,3,False,pending
bc3c8f569d2019920bb2,37e63cea1e4d828a0d5d,4,False,pending
bc3c8f569d2019920bb2,ed9b41f98b1b270ebfe9,3,False,pending
bc3c8f569d2019920bb2,fba8083d8ccebd8a9bf2,3,False,pending
bc3c8f569d2019920bb2,b5ca7c574ded0743885c,3,False,pending
bc3c8f569d2019920bb2,3ccf3527e5e9cbeae944,3,False,pending
bc3c8f569d2019920bb2,151618a1581eb3082653,4,False,pending
bc3c8f569d2019920bb2,fba178a004259ef80580,4,False,pending
bc3c8f569d2019920bb2,3a79ba6a028c0ee60893,3,False,pending
bc3c8f569d2019920bb2,e1d629eb27ec378f9988,4,False,pending
bc3c8f569d2019920bb2,1606b326b031300b4fa4,3,False,pending
bc3c8f569d2019920bb2,e6f3084ed57c5f919512,3,False,pending
bc3c8f569d2019920bb2,4e17f91ae8ee849a1691,3,False,pending
bc3c8f569d2019920bb2,2cacb01c5b28c601db53,4,False,pending
bc3c8f569d2019920bb2,ba6419dc9167e9237b71,4,False,pending
bc3c8f569d2019920bb2,2dfc622c5e5f06b28c84,4,False,pending
b3e191002967fded7100,75a12bed62cb9e8c2d2b,4,False,pending
b3e191002967fded7100,63869e1dde2847f5bda4,4,False,pending
b3e191002967fded7100,1cdfd1bbd78f6105a639,3,False,pending
b3e191002967fded7100,b2e63095565dd165b8c1,3,False,pending
b3e191002967fded7100,37e63cea1e4d828a0d5d,4,False,pending
b3e191002967fded7100,ed9b41f98b1b270ebfe9,3,False,pending
b3e191002967fded7100,fba8083d8ccebd8a9bf2,3,False,pending
b3e191002967fded7100,b5ca7c574ded0743885c,3,False,pending
b3e191002967fded7100,3ccf3527e5e9cbeae944,3,False,pending
b3e191002967fded7100,151618a1581eb3082653,4,False,pending
b3e191002967fded7100,fba178a004259ef80580,4,False,pending
b3e191002967fded7100,3a79ba6a028c0ee60893,3,False,pending
b3e191002967fded7100,e1d629eb27ec378f9988,4,False,pending
b3e191002967fded7100,1606b326b031300b4fa4,3,False,pending
b3e191002967fded7100,e6f3084ed57c5f919512,3,False,pending
b3e191002967fded7100,4e17f91ae8ee849a1691,3,False,pending
b3e191002967fded7100,2cacb01c5b28c601db53,4,False,pending
b3e191002967fded7100,ba6419dc9167e9237b71,4,False,pending
b3e191002967fded7100,2dfc622c5e5f06b28c84,4,False,pending
75a12bed62cb9e8c2d2b,1cdfd1bbd78f6105a639,3,False,pending
75a12bed62cb9e8c2d2b,b2e63095565dd165b8c1,3,False,pending
75a12bed62cb9e8c2d2b,37e63cea1e4d828a0d5d,4,False,pending
75a12bed62cb9e8c2d2b,4f1ed18f47ed713a5d5e,1,False,pending
75a12bed62cb9e8c2d2b,ed9b41f98b1b270ebfe9,1,False,pending
75a12bed62cb9e8c2d2b,fba8083d8ccebd8a9bf2,3,False,pending
75a12bed62cb9e8c2d2b,b5ca7c574ded0743885c,1,False,pending
75a12bed62cb9e8c2d2b,3ccf3527e5e9cbeae944,1,False,pending
75a12bed62cb9e8c2d2b,151618a1581eb3082653,4,False,pending
75a12bed62cb9e8c2d2b,fba178a004259ef80580,4,False,pending
75a12bed62cb9e8c2d2b,94a7c9a472a4ff422b4c,4,False,pending
75a12bed62cb9e8c2d2b,3a79ba6a028c0ee60893,3,False,pending
75a12bed62cb9e8c2d2b,e1d629eb27ec378f9988,4,False,pending
75a12bed62cb9e8c2d2b,1606b326b031300b4fa4,1,False,pending
75a12bed62cb9e8c2d2b,e6f3084ed57c5f919512,1,False,pending
75a12bed62cb9e8c2d2b,4e17f91ae8ee849a1691,3,False,pending
75a12bed62cb9e8c2d2b,2cacb01c5b28c601db53,4,False,pending
75a12bed62cb9e8c2d2b,2dfc622c5e5f06b28c84,4,False,pending
75a12bed62cb9e8c2d2b,2e4d52511b2426c955df,1,False,pending
75a12bed62cb9e8c2d2b,cc3c34712ddf2900bc2f,1,False,pending
63869e1dde2847f5bda4,1cdfd1bbd78f6105a639,3,False,pending
63869e1dde2847f5bda4,b2e63095565dd165b8c1,3,False,pending
63869e1dde2847f5bda4,37e63cea1e4d828a0d5d,4,False,pending
63869e1dde2847f5bda4,4f1ed18f47ed713a5d5e,1,False,pending
63869e1dde2847f5bda4,ed9b41f98b1b270ebfe9,1,False,pending
63869e1dde2847f5bda4,fba8083d8ccebd8a9bf2,3,False,pending
63869e1dde2847f5bda4,b5ca7c574ded0743885c,1,False,pending
63869e1dde2847f5bda4,3ccf3527e5e9cbeae944,1,False,pending
63869e1dde2847f5bda4,151618a1581eb3082653,4,False,pending
63869e1dde2847f5bda4,fba178a004259ef80580,4,False,pending
63869e1dde2847f5bda4,94a7c9a472a4ff422b4c,4,False,pending
63869e1dde2847f5bda4,3a79ba6a028c0ee60893,3,False,pending
63869e1dde2847f5bda4,e1d629eb27ec378f9988,4,False,pending
63869e1dde2847f5bda4,1606b326b031300b4fa4,1,False,pending
63869e1dde2847f5bda4,e6f3084ed57c5f919512,1,False,pending
63869e1dde2847f5bda4,4e17f91ae8ee849a1691,3,False,pending
63869e1dde2847f5bda4,2cacb01c5b28c601db53,4,False,pending
63869e1dde2847f5bda4,2dfc622c5e5f06b28c84,4,False,pending
63869e1dde2847f5bda4,2e4d52511b2426c955df,1,False,pending
63869e1dde2847f5bda4,cc3c34712ddf2900bc2f,1,False,pending
1cdfd1bbd78f6105a639,37e63cea1e4d828a0d5d,1,False,pending
1cdfd1bbd78f6105a639,4f1ed18f47ed713a5d5e,4,False,pending
1cdfd1bbd78f6105a639,ed9b41f98b1b270ebfe9,4,False,pending
1cdfd1bbd78f6105a639,081708c9e20a1045d0f6,4,False,pending
1cdfd1bbd78f6105a639,1c10f51d2607f5b5f8dd,4,False,pending
1cdfd1bbd78f6105a639,afd960727b21ca9e53bb,4,False,pending
1cdfd1bbd78f6105a639,630cd336404a4cd44e54,4,False,pending
1cdfd1bbd78f6105a639,2680fdc51c799c18fe71,4,False,pending
1cdfd1bbd78f6105a639,607266a24860331a208e,4,False,pending
1cdfd1bbd78f6105a639,b5ca7c574ded0743885c,4,False,pending
1cdfd1bbd78f6105a639,3ccf3527e5e9cbeae944,4,False,pending
1cdfd1bbd78f6105a639,151618a1581eb3082653,1,False,pending
1cdfd1bbd78f6105a639,fba178a004259ef80580,1,False,pending
1cdfd1bbd78f6105a639,94a7c9a472a4ff422b4c,3,False,pending
1cdfd1bbd78f6105a639,e1d629eb27ec378f9988,1,False,pending
1cdfd1bbd78f6105a639,1606b326b031300b4fa4,4,False,pending
1cdfd1bbd78f6105a639,e6f3084ed57c5f919512,4,False,pending
1cdfd1bbd78f6105a639,2cacb01c5b28c601db53,1,False,pending
1cdfd1bbd78f6105a639,ba6419dc9167e9237b71,3,False,pending
1cdfd1bbd78f6105a639,2dfc622c5e5f06b28c84,1,False,pending
1cdfd1bbd78f6105a639,2e4d52511b2426c955df,4,False,pending
1cdfd1bbd78f6105a639,cc3c34712ddf2900bc2f,4,False,pending
b2e63095565dd165b8c1,37e63cea1e4d828a0d5d,1,False,pending
b2e63095565dd165b8c1,4f1ed18f47ed713a5d5e,4,False,pending
b2e63095565dd165b8c1,ed9b41f98b1b270ebfe9,4,False,pending
b2e63095565dd165b8c1,081708c9e20a1045d0f6,4,False,pending
b2e63095565dd165b8c1,1c10f51d2607f5b5f8dd,4,False,pending
b2e63095565dd165b8c1,afd960727b21ca9e53bb,4,False,pending
b2e63095565dd165b8c1,630cd336404a4cd44e54,4,False,pending
b2e63095565dd165b8c1,2680fdc51c799c18fe71,4,False,pending
b2e63095565dd165b8c1,607266a24860331a208e,4,False,pending
b2e63095565dd165b8c1,b5ca7c574ded0743885c,4,False,pending
b2e63095565dd165b8c1,3ccf3527e5e9cbeae944,4,False,pending
b2e63095565dd165b8c1,151618a1581eb3082653,1,False,pending
b2e63095565dd165b8c1,fba178a004259ef80580,1,False,pending
b2e63095565dd165b8c1,94a7c9a472a4ff422b4c,3,False,pending
b2e63095565dd165b8c1,e1d629eb27ec378f9988,1,False,pending
b2e63095565dd165b8c1,1606b326b031300b4fa4,4,False,pending
b2e63095565dd165b8c1,e6f3084ed57c5f919512,4,False,pending
b2e63095565dd165b8c1,2cacb01c5b28c601db53,1,False,pending
b2e63095565dd165b8c1,ba6419dc9167e9237b71,3,False,pending
b2e63095565dd165b8c1,2dfc622c5e5f06b28c84,1,False,pending
b2e63095565dd165b8c1,2e4d52511b2426c955df,4,False,pending
b2e63095565dd165b8c1,cc3c34712ddf2900bc2f,4,False,pending
37e63cea1e4d828a0d5d,151618a1581eb3082653,0,False,pending
37e63cea1e4d828a0d5d,fba178a004259ef80580,0,False,pending
37e63cea1e4d828a0d5d,94a7c9a472a4ff422b4c,4,False,pending
37e63cea1e4d828a0d5d,3a79ba6a028c0ee60893,1,False,pending
37e63cea1e4d828a0d5d,2cacb01c5b28c601db53,0,False,pending
37e63cea1e4d828a0d5d,ba6419dc9167e9237b71,4,False,pending
4f1ed18f47ed713a5d5e,ed9b41f98b1b270ebfe9,2,False,pending
4f1ed18f47ed713a5d5e,fba8083d8ccebd8a9bf2,4,False,pending
4f1ed18f47ed713a5d5e,b5ca7c574ded0743885c,2,False,pending
4f1ed18f47ed713a5d5e,3ccf3527e5e9cbeae944,2,False,pending
4f1ed18f47ed713a5d5e,3a79ba6a028c0ee60893,4,False,pending
4f1ed18f47ed713a5d5e,1606b326b031300b4fa4,2,False,pending
4f1ed18f47ed713a5d5e,e6f3084ed57c5f919512,2,False,pending
4f1ed18f47ed713a5d5e,4e17f91ae8ee849a1691,4,False,pending
4f1ed18f47ed713a5d5e,ba6419dc9167e9237b71,1,False,pending
ed9b41f98b1b270ebfe9,fba8083d8ccebd8a9bf2,2,False,pending
ed9b41f98b1b270ebfe9,b5ca7c574ded0743885c,0,False,pending
ed9b41f98b1b270ebfe9,3ccf3527e5e9cbeae944,0,False,pending
ed9b41f98b1b270ebfe9,94a7c9a472a4ff422b4c,3,False,pending
ed9b41f98b1b270ebfe9,3a79ba6a028c0ee60893,4,False,pending
ed9b41f98b1b270ebfe9,4e17f91ae8ee849a1691,2,False,pending
ed9b41f98b1b270ebfe9,ba6419dc9167e9237b71,1,False,pending
ed9b41f98b1b270ebfe9,2e4d52511b2426c955df,2,False,pending
ed9b41f98b1b270ebfe9,cc3c34712ddf2900bc2f,2,False,pending
7455a254886caa89f5d9,bef0d9fd7bff3bc41851,2,False,pending
7455a254886caa89f5d9,54e796904c20f17fd433,2,False,pending
7455a254886caa89f5d9,fb38938fc9e673bbb93d,2,False,pending
7455a254886caa89f5d9,90f37ee9771bbf5e7ec5,4,False,pending
7455a254886caa89f5d9,b38bb020a51917cbf9a1,4,False,pending
7455a254886caa89f5d9,ca6c02b1c431aafde240,4,False,pending
7455a254886caa89f5d9,32c794fbcd5241a66d5c,4,False,pending
7455a254886caa89f5d9,498abde5b6b136249c9b,4,False,pending
7455a254886caa89f5d9,67c04999f84aaebea526,4,False,pending
8996f39de8dd20e355dc,94ef37e282d3906f4be4,2,False,pending
8996f39de8dd20e355dc,af65ce3535a5af188599,2,False,pending
8996f39de8dd20e355dc,56f51d20b06a0e212a76,4,False,pending
8996f39de8dd20e355dc,3062e2e59c5817e7c28b,4,False,pending
8996f39de8dd20e355dc,73d3a5196cb38b777946,4,False,pending
8996f39de8dd20e355dc,6358bcd4488719deae42,4,False,pending
8996f39de8dd20e355dc,3cd653fe3462b44f384d,4,False,pending
8996f39de8dd20e355dc,387aceb1d47a131e8817,4,False,pending
8996f39de8dd20e355dc,5e4e61b52c77d2d4956d,4,False,pending
8996f39de8dd20e355dc,12be1682c5370d82bdaf,4,False,pending
8996f39de8dd20e355dc,5c3bb3b6a654fc543103,4,False,pending
8996f39de8dd20e355dc,36b31b235d588fa422d5,4,False,pending
8996f39de8dd20e355dc,52b6daba54d982510d7a,4,False,pending
8996f39de8dd20e355dc,55fc1538fb693a81a5b0,2,False,pending
8996f39de8dd20e355dc,174f56f180fa64a0ba09,2,False,pending
8996f39de8dd20e355dc,ed67f5295331cfb3a0ba,2,False,pending
8996f39de8dd20e355dc,ca0134b7d8d2bfcac4b9,2,False,pending
8996f39de8dd20e355dc,43d4f7ae5f5f853478be,2,False,pending
8996f39de8dd20e355dc,26a391a71a7058de6d06,2,False,pending
8996f39de8dd20e355dc,cead48304dc1862f3433,4,False,pending
8996f39de8dd20e355dc,6d149ac1ebfaade25aa6,2,False,pending
8996f39de8dd20e355dc,c84d59f0b66a331cdc20,2,False,pending
8996f39de8dd20e355dc,4095a1968d1868b083c8,2,False,pending
8996f39de8dd20e355dc,0c77b801bae3fe156e6d,2,False,pending
8996f39de8dd20e355dc,9d3092adb21fd823c647,3,False,pending
8996f39de8dd20e355dc,3c627e00b8f778275c7d,3,False,pending
8996f39de8dd20e355dc,eb2e135695d95ca4388e,3,False,pending
8996f39de8dd20e355dc,cd981a695c61006a5193,3,False,pending
8996f39de8dd20e355dc,683d8f58729812349870,3,False,pending
8996f39de8dd20e355dc,d263955886636a76cd5b,3,False,pending
8996f39de8dd20e355dc,1d1e9fecf55a6a54d0b7,3,False,pending
8996f39de8dd20e355dc,e31d3bd35048c001b1b5,3,False,pending
8996f39de8dd20e355dc,dd5096f640d1d9e1f179,3,False,pending
8996f39de8dd20e355dc,c16dfe36e45182dcd8c4,4,False,pending
8996f39de8dd20e355dc,1c323ec790b46a0fc94c,4,False,pending
8996f39de8dd20e355dc,24ac24e73f5155f59050,4,False,pending
8996f39de8dd20e355dc,7c9c871f531293c4e57a,4,False,pending
8996f39de8dd20e355dc,e174998ba34c2ba61621,4,False,pending
8996f39de8dd20e355dc,b7c4dd5b39b047b665c9,4,False,pending
8996f39de8dd20e355dc,e8aef625c65a43f871f4,4,False,pending
8996f39de8dd20e355dc,8fd76bf0fefa4b1ef756,2,False,pending
94ef37e282d3906f4be4,af65ce3535a5af188599,0,False,pending
94ef37e282d3906f4be4,56f51d20b06a0e212a76,2,False,pending
94ef37e282d3906f4be4,e2183315cd82e5f762f7,2,False,pending
94ef37e282d3906f4be4,5aaed92ade61f0667324,2,False,pending
94ef37e282d3906f4be4,ed67f5295331cfb3a0ba,0,False,pending
94ef37e282d3906f4be4,ca0134b7d8d2bfcac4b9,0,False,pending
94ef37e282d3906f4be4,43d4f7ae5f5f853478be,0,False,pending
94ef37e282d3906f4be4,26a391a71a7058de6d06,0,False,pending
94ef37e282d3906f4be4,cead48304dc1862f3433,2,False,pending
94ef37e282d3906f4be4,6d149ac1ebfaade25aa6,0,False,pending
94ef37e282d3906f4be4,c84d59f0b66a331cdc20,0,False,pending
94ef37e282d3906f4be4,4095a1968d1868b083c8,0,False,pending
94ef37e282d3906f4be4,0c77b801bae3fe156e6d,0,False,pending
94ef37e282d3906f4be4,9d3092adb21fd823c647,1,False,pending
94ef37e282d3906f4be4,3c627e00b8f778275c7d,1,False,pending
94ef37e282d3906f4be4,eb2e135695d95ca4388e,1,False,pending
94ef37e282d3906f4be4,cd981a695c61006a5193,1,False,pending
94ef37e282d3906f4be4,683d8f58729812349870,1,False,pending
94ef37e282d3906f4be4,d263955886636a76cd5b,1,False,pending
94ef37e282d3906f4be4,1d1e9fecf55a6a54d0b7,3,False,pending
94ef37e282d3906f4be4,e31d3bd35048c001b1b5,3,False,pending
94ef37e282d3906f4be4,dd5096f640d1d9e1f179,3,False,pending
94ef37e282d3906f4be4,c16dfe36e45182dcd8c4,2,False,pending
94ef37e282d3906f4be4,1c323ec790b46a0fc94c,2,False,pending
94ef37e282d3906f4be4,24ac24e73f5155f59050,2,False,pending
94ef37e282d3906f4be4,e8aef625c65a43f871f4,2,False,pending
94ef37e282d3906f4be4,8fd76bf0fefa4b1ef756,0,False,pending
af65ce3535a5af188599,56f51d20b06a0e212a76,2,False,pending
af65ce3535a5af188599,e2183315cd82e5f762f7,2,False,pending
af65ce3535a5af188599,5aaed92ade61f0667324,2,False,pending
af65ce3535a5af188599,55fc1538fb693a81a5b0,0,False,pending
af65ce3535a5af188599,174f56f180fa64a0ba09,0,False,pending
af65ce3535a5af188599,ed67f5295331cfb3a0ba,0,False,pending
af65ce3535a5af188599,ca0134b7d8d2bfcac4b9,0,False,pending
af65ce3535a5af188599,43d4f7ae5f5f853478be,0,False,pending
af65ce3535a5af188599,26a391a71a7058de6d06,0,False,pending
af65ce3535a5af188599,cead48304dc1862f3433,2,False,pending
af65ce3535a5af188599,6d149ac1ebfaade25aa6,0,False,pending
af65ce3535a5af188599,c84d59f0b66a331cdc20,0,False,pending
af65ce3535a5af188599,9d3092adb21fd823c647,1,False,pending
af65ce3535a5af188599,3c627e00b8f778275c7d,1,False,pending
af65ce3535a5af188599,eb2e135695d95ca4388e,1,False,pending
af65ce3535a5af188599,cd981a695c61006a5193,1,False,pending
af65ce3535a5af188599,683d8f58729812349870,1,False,pending
af65ce3535a5af188599,d263955886636a76cd5b,1,False,pending
af65ce3535a5af188599,1d1e9fecf55a6a54d0b7,3,False,pending
af65ce3535a5af188599,e31d3bd35048c001b1b5,3,False,pending
af65ce3535a5af188599,dd5096f640d1d9e1f179,3,False,pending
af65ce3535a5af188599,c16dfe36e45182dcd8c4,2,False,pending
af65ce3535a5af188599,1c323ec790b46a0fc94c,2,False,pending
af65ce3535a5af188599,24ac24e73f5155f59050,2,False,pending
af65ce3535a5af188599,e8aef625c65a43f871f4,2,False,pending
af65ce3535a5af188599,8fd76bf0fefa4b1ef756,0,False,pending
56f51d20b06a0e212a76,dae8ff8c6a56482844e2,4,False,pending
56f51d20b06a0e212a76,e2183315cd82e5f762f7,4,False,pending
56f51d20b06a0e212a76,5aaed92ade61f0667324,4,False,pending
56f51d20b06a0e212a76,55fc1538fb693a81a5b0,2,False,pending
56f51d20b06a0e212a76,174f56f180fa64a0ba09,2,False,pending
56f51d20b06a0e212a76,ed67f5295331cfb3a0ba,2,False,pending
56f51d20b06a0e212a76,ca0134b7d8d2bfcac4b9,2,False,pending
56f51d20b06a0e212a76,43d4f7ae5f5f853478be,2,False,pending
56f51d20b06a0e212a76,26a391a71a7058de6d06,2,False,pending
56f51d20b06a0e212a76,cead48304dc1862f3433,4,False,pending
56f51d20b06a0e212a76,6d149ac1ebfaade25aa6,2,False,pending
56f51d20b06a0e212a76,c84d59f0b66a331cdc20,2,False,pending
56f51d20b06a0e212a76,4095a1968d1868b083c8,2,False,pending
56f51d20b06a0e212a76,0c77b801bae3fe156e6d,2,False,pending
56f51d20b06a0e212a76,9d3092adb21fd823c647,1,False,pending
56f51d20b06a0e212a76,3c627e00b8f778275c7d,1,False,pending
56f51d20b06a0e212a76,eb2e135695d95ca4388e,1,False,pending
56f51d20b06a0e212a76,cd981a695c61006a5193,1,False,pending
56f51d20b06a0e212a76,683d8f58729812349870,1,False,pending
56f51d20b06a0e212a76,d263955886636a76cd5b,1,False,pending
56f51d20b06a0e212a76,1d1e9fecf55a6a54d0b7,1,False,pending
56f51d20b06a0e212a76,e31d3bd35048c001b1b5,1,False,pending
56f51d20b06a0e212a76,dd5096f640d1d9e1f179,1,False,pending
56f51d20b06a0e212a76,9cab1acbab636212e518,4,False,pending
56f51d20b06a0e212a76,e8aef625c65a43f871f4,4,False,pending
56f51d20b06a0e212a76,8fd76bf0fefa4b1ef756,2,False,pending
56f51d20b06a0e212a76,7721577fbdfc1d0ca548,4,False,pending
dae8ff8c6a56482844e2,1d1e9fecf55a6a54d0b7,3,False,pending
dae8ff8c6a56482844e2,e31d3bd35048c001b1b5,3,False,pending
dae8ff8c6a56482844e2,dd5096f640d1d9e1f179,3,False,pending
dae8ff8c6a56482844e2,c16dfe36e45182dcd8c4,4,False,pending
dae8ff8c6a56482844e2,1c323ec790b46a0fc94c,4,False,pending
dae8ff8c6a56482844e2,24ac24e73f5155f59050,4,False,pending
827ece596442d68e00d2,272ffe55db3afee8edb7,3,False,pending
827ece596442d68e00d2,20b525678d457423fd22,3,False,pending
827ece596442d68e00d2,de9a474fefdaa3062367,3,False,pending
827ece596442d68e00d2,e112bb55b65992c0b4c6,3,False,pending
12f6914f84e9c7b64693,2bf2465ebffcb29351e4,1,False,pending
12f6914f84e9c7b64693,f56afd6acf6ec0e9d5b1,1,False,pending
12f6914f84e9c7b64693,499d2975f11600d7cca6,1,False,pending
12f6914f84e9c7b64693,70366c2cb6f35dd56a99,3,False,pending
12f6914f84e9c7b64693,6a2e02887b462fd44dea,3,False,pending
12f6914f84e9c7b64693,272ffe55db3afee8edb7,2,False,pending
12f6914f84e9c7b64693,20b525678d457423fd22,2,False,pending
12f6914f84e9c7b64693,de9a474fefdaa3062367,2,False,pending
12f6914f84e9c7b64693,e112bb55b65992c0b4c6,2,False,pending
ce3a888e7411c96d1170,ee534b64f4a6f2d9a93b,1,False,pending
ce3a888e7411c96d1170,675638c60822c8326004,2,False,pending
ce3a888e7411c96d1170,92a328508bec215c4aae,2,False,pending
ce3a888e7411c96d1170,2bf2465ebffcb29351e4,4,False,pending
ce3a888e7411c96d1170,f56afd6acf6ec0e9d5b1,4,False,pending
ce3a888e7411c96d1170,499d2975f11600d7cca6,4,False,pending
ce3a888e7411c96d1170,70366c2cb6f35dd56a99,2,False,pending
ce3a888e7411c96d1170,6a2e02887b462fd44dea,2,False,pending
ce3a888e7411c96d1170,bd40b5003b45fff32575,1,False,pending
ce3a888e7411c96d1170,1d9d4c0bc5fa80dac1e4,1,False,pending
ce3a888e7411c96d1170,69277044b510e6c7d4db,2,False,pending
ce3a888e7411c96d1170,d664d5864f7aed4a2a9f,2,False,pending
ce3a888e7411c96d1170,fa2f8787b460f927c410,2,False,pending
ce3a888e7411c96d1170,5a67c6fee771589bfc2c,2,False,pending
ce3a888e7411c96d1170,42f20f2c9b14e932d5db,2,False,pending
ce3a888e7411c96d1170,49e0257904cdc8d55b89,2,False,pending
ce3a888e7411c96d1170,c5db0d54e31757641f41,1,False,pending
ee534b64f4a6f2d9a93b,675638c60822c8326004,1,False,pending
ee534b64f4a6f2d9a93b,92a328508bec215c4aae,1,False,pending
ee534b64f4a6f2d9a93b,79039885a06a9e0d4d0e,4,False,pending
ee534b64f4a6f2d9a93b,65c9a1dba5ee08208e10,4,False,pending
ee534b64f4a6f2d9a93b,70366c2cb6f35dd56a99,3,False,pending
ee534b64f4a6f2d9a93b,6a2e02887b462fd44dea,3,False,pending
ee534b64f4a6f2d9a93b,13a279618fe46f3fab0f,1,False,pending
ee534b64f4a6f2d9a93b,02443ea0ab17b8b16cdc,1,False,pending
ee534b64f4a6f2d9a93b,69277044b510e6c7d4db,1,False,pending
ee534b64f4a6f2d9a93b,d664d5864f7aed4a2a9f,1,False,pending
ee534b64f4a6f2d9a93b,fa2f8787b460f927c410,1,False,pending
ee534b64f4a6f2d9a93b,5a67c6fee771589bfc2c,1,False,pending
ee534b64f4a6f2d9a93b,42f20f2c9b14e932d5db,1,False,pending
ee534b64f4a6f2d9a93b,49e0257904cdc8d55b89,1,False,pending
ee534b64f4a6f2d9a93b,272ffe55db3afee8edb7,4,False,pending
ee534b64f4a6f2d9a93b,20b525678d457423fd22,4,False,pending
ee534b64f4a6f2d9a93b,de9a474fefdaa3062367,4,False,pending
ee534b64f4a6f2d9a93b,cc23e451bcf4412aa859,4,False,pending
ee534b64f4a6f2d9a93b,e112bb55b65992c0b4c6,4,False,pending
675638c60822c8326004,92a328508bec215c4aae,0,False,pending
675638c60822c8326004,70366c2cb6f35dd56a99,4,False,pending
675638c60822c8326004,6a2e02887b462fd44dea,4,False,pending
675638c60822c8326004,13a279618fe46f3fab0f,2,False,pending
675638c60822c8326004,02443ea0ab17b8b16cdc,2,False,pending
675638c60822c8326004,bd40b5003b45fff32575,1,False,pending
675638c60822c8326004,1d9d4c0bc5fa80dac1e4,1,False,pending
675638c60822c8326004,69277044b510e6c7d4db,2,False,pending
675638c60822c8326004,d664d5864f7aed4a2a9f,2,False,pending
675638c60822c8326004,fa2f8787b460f927c410,2,False,pending
675638c60822c8326004,42f20f2c9b14e932d5db,0,False,pending
675638c60822c8326004,49e0257904cdc8d55b89,0,False,pending
675638c60822c8326004,c5db0d54e31757641f41,1,False,pending
92a328508bec215c4aae,70366c2cb6f35dd56a99,4,False,pending
92a328508bec215c4aae,6a2e02887b462fd44dea,4,False,pending
92a328508bec215c4aae,13a279618fe46f3fab0f,2,False,pending
92a328508bec215c4aae,02443ea0ab17b8b16cdc,2,False,pending
92a328508bec215c4aae,bd40b5003b45fff32575,1,False,pending
92a328508bec215c4aae,1d9d4c0bc5fa80dac1e4,1,False,pending
92a328508bec215c4aae,69277044b510e6c7d4db,2,False,pending
92a328508bec215c4aae,d664d5864f7aed4a2a9f,2,False,pending
92a328508bec215c4aae,fa2f8787b460f927c410,2,False,pending
92a328508bec215c4aae,5a67c6fee771589bfc2c,0,False,pending
92a328508bec215c4aae,c5db0d54e31757641f41,1,False,pending
41dacecb71dee4b4c91f,71c309ad4a953506011c,4,False,pending
41dacecb71dee4b4c91f,5f10b22b00b23317bb1a,4,False,pending
41dacecb71dee4b4c91f,ece9c2831a45bac2acf7,4,False,pending
71c309ad4a953506011c,a1c3cabecbc84aa22126,2,False,pending
71c309ad4a953506011c,945ce876771f2332a886,2,False,pending
71c309ad4a953506011c,38ebdf4db1f63b0baa18,2,False,pending
71c309ad4a953506011c,478a37e4213fa9678a9c,4,False,pending
71c309ad4a953506011c,bf99da374098f66b61b0,4,False,pending
71c309ad4a953506011c,7aa1889e7ab1a3c032c7,4,False,pending
71c309ad4a953506011c,e88de63ff196f66f0472,4,False,pending
71c309ad4a953506011c,a40cc548cd81502de9f6,4,False,pending
71c309ad4a953506011c,1aef742bd93f38c3f02f,4,False,pending
c6b70b75216744653b97,66eb38da978c74ce445d,4,False,pending
c6b70b75216744653b97,7aa1889e7ab1a3c032c7,3,False,pending
c6b70b75216744653b97,e88de63ff196f66f0472,3,False,pending
c6b70b75216744653b97,94eb60ddbb0a828862fc,4,False,pending
c6b70b75216744653b97,7378795cb38cd0212630,4,False,pending
c6b70b75216744653b97,a3bda24eae4edfb2dff9,4,False,pending
c6b70b75216744653b97,1aef742bd93f38c3f02f,3,False,pending
66eb38da978c74ce445d,5fedbe740da6fb72bd74,4,False,pending
66eb38da978c74ce445d,7aa1889e7ab1a3c032c7,3,False,pending
66eb38da978c74ce445d,e88de63ff196f66f0472,3,False,pending
66eb38da978c74ce445d,1aef742bd93f38c3f02f,3,False,pending
2f8b88e2d72f5e046ac2,c6c08cf6a105c297af44,4,False,pending
2f8b88e2d72f5e046ac2,0d3422d25457bb999245,4,False,pending
bce5351ba0844eb16cb7,8d0ff565bb990f08e2f9,1,False,pending
bce5351ba0844eb16cb7,a12db3cf3326251b9bea,1,False,pending
bce5351ba0844eb16cb7,bb0b0f496edb1b50a1d9,3,False,pending
bce5351ba0844eb16cb7,8e705ba838d325fdf3eb,1,False,pending
5c39a8aea0ffee1f6a38,9034e70a519bd1d37d54,1,False,pending
5c39a8aea0ffee1f6a38,17b0e59c7c304e20034c,2,False,pending
5c39a8aea0ffee1f6a38,eb5d2025be3278f9e928,4,False,pending
5c39a8aea0ffee1f6a38,d1a5c09ad3918c9e7e25,4,False,pending
5c39a8aea0ffee1f6a38,ea89afe7ce32cdb08c47,4,False,pending
5c39a8aea0ffee1f6a38,af417835d3aae8ff22bd,2,False,pending
5c39a8aea0ffee1f6a38,53511bcbeebc697775f1,2,False,pending
5c39a8aea0ffee1f6a38,7b00dfeb34af03363aa1,2,False,pending
5c39a8aea0ffee1f6a38,65550e1189c7d1132513,1,False,pending
5c39a8aea0ffee1f6a38,be7c13c576b7c4d02595,0,False,pending
5c39a8aea0ffee1f6a38,215274620f1d9a46a33f,0,False,pending
5c39a8aea0ffee1f6a38,9b30f6c470633d8457cc,0,False,pending
5c39a8aea0ffee1f6a38,ddbe6836799d4709e922,0,False,pending
5c39a8aea0ffee1f6a38,0ff1c654d2956f206cd3,1,False,pending
5c39a8aea0ffee1f6a38,0e1f05536a9b4dbf6c1a,1,False,pending
5c39a8aea0ffee1f6a38,9f646efbf766b0ab006f,1,False,pending
5c39a8aea0ffee1f6a38,f5eba977740dba5ceffd,1,False,pending
5c39a8aea0ffee1f6a38,1c546b07b9af42b05435,1,False,pending
5c39a8aea0ffee1f6a38,95f4e863417fb593263a,1,False,pending
5c39a8aea0ffee1f6a38,fdec1d535ba44ccfe662,1,False,pending
5c39a8aea0ffee1f6a38,22b34cb908f9b5e4a98d,0,False,pending
5c39a8aea0ffee1f6a38,2f0f44a41184233408d5,0,False,pending
5c39a8aea0ffee1f6a38,44c4561dc23877ee9ed2,0,False,pending
5c39a8aea0ffee1f6a38,2b8f4e71664d50ef6281,0,False,pending
5c39a8aea0ffee1f6a38,6c0cb17ec3dfaedc9bd6,0,False,pending
5c39a8aea0ffee1f6a38,0007da6f35f0a9ec5efc,0,False,pending
5c39a8aea0ffee1f6a38,eec5262a3e3664bf50d5,1,False,pending
5c39a8aea0ffee1f6a38,0be94dac7ac618d43090,1,False,pending
5c39a8aea0ffee1f6a38,47e69124bb124b89ee73,1,False,pending
5c39a8aea0ffee1f6a38,5fa4e19ab17cc058c92a,1,False,pending
5c39a8aea0ffee1f6a38,308f1991bf931a815b73,1,False,pending
5c39a8aea0ffee1f6a38,53a266297bb98f9ec28d,2,False,pending
5c39a8aea0ffee1f6a38,df7436b090f7c9178603,2,False,pending
5c39a8aea0ffee1f6a38,5e4e61b52c77d2d4956d,4,False,pending
5c39a8aea0ffee1f6a38,12be1682c5370d82bdaf,4,False,pending
5c39a8aea0ffee1f6a38,5c3bb3b6a654fc543103,4,False,pending
5c39a8aea0ffee1f6a38,fbf8459c54b5e7e34aef,4,False,pending
5c39a8aea0ffee1f6a38,d63e4b89254fd3d8c5f9,4,False,pending
5c39a8aea0ffee1f6a38,ec29764946c1376cccbe,4,False,pending
5c39a8aea0ffee1f6a38,9ba1ae2897dbda8a14a8,3,False,pending
5c39a8aea0ffee1f6a38,ad1243412c8169e6cc30,3,False,pending
5c39a8aea0ffee1f6a38,8ac5011dc42a22cd8715,3,False,pending
5c39a8aea0ffee1f6a38,c552c5efddd227aaf44e,3,False,pending
5c39a8aea0ffee1f6a38,db6325854b9a72c417a7,3,False,pending
5c39a8aea0ffee1f6a38,ecf2ec505f9549842f57,2,False,pending
5c39a8aea0ffee1f6a38,3e2358dfe5ab88455987,2,False,pending
5c39a8aea0ffee1f6a38,4e729c11518d047c1be5,2,False,pending
5c39a8aea0ffee1f6a38,2a644f83f1c1d72ec383,2,False,pending
5c39a8aea0ffee1f6a38,c747c7d9ac6a7331842d,2,False,pending
5c39a8aea0ffee1f6a38,26319d33aa13c8b2511a,1,False,pending
5c39a8aea0ffee1f6a38,7c10fc29b4b37e22ff5d,1,False,pending
5c39a8aea0ffee1f6a38,7e419d059b3c29de905f,1,False,pending
5c39a8aea0ffee1f6a38,a3a60bfc4d280dd7fa6a,1,False,pending
5c39a8aea0ffee1f6a38,e0c6a0d62c0357010449,1,False,pending
5c39a8aea0ffee1f6a38,57ece6052cb009ce34d3,1,False,pending
5c39a8aea0ffee1f6a38,4afb928ef68fded20d0f,1,False,pending
5c39a8aea0ffee1f6a38,61d78ce58476e4fae645,2,False,pending
5c39a8aea0ffee1f6a38,46b812dc1001b7d3b6e5,3,False,pending
5c39a8aea0ffee1f6a38,ae46c54df758a7a30ff0,3,False,pending
5c39a8aea0ffee1f6a38,234fecbf65b6c0dcebd3,1,False,pending
5c39a8aea0ffee1f6a38,7ad7ca9d7436bd407ef2,2,False,pending
5c39a8aea0ffee1f6a38,1b1f9723e7318bf841ac,2,False,pending
5c39a8aea0ffee1f6a38,8a124b4a7aac984a1de8,4,False,pending
5c39a8aea0ffee1f6a38,2633580c5487f1c8726c,4,False,pending
5c39a8aea0ffee1f6a38,7d83dc58278ebef8d3a3,2,False,pending
5c39a8aea0ffee1f6a38,f728f90e984d76c12ba9,2,False,pending
5c39a8aea0ffee1f6a38,1dbe06181cdd45414a9d,3,False,pending
5c39a8aea0ffee1f6a38,f8080a59db0763d5ba43,3,False,pending
5c39a8aea0ffee1f6a38,ca517e90209b74e234aa,2,False,pending
5c39a8aea0ffee1f6a38,2fe0e29226e48d98168f,2,False,pending
5c39a8aea0ffee1f6a38,9657778bc49c6cdb6612,2,False,pending
5c39a8aea0ffee1f6a38,5efa4cb81101b3e2b680,3,False,pending
5c39a8aea0ffee1f6a38,a9df733be3ca722f05b7,3,False,pending
5c39a8aea0ffee1f6a38,6b59312903ac971959e2,2,False,pending
5c39a8aea0ffee1f6a38,408baf4fbb17803fb3d6,2,False,pending
5c39a8aea0ffee1f6a38,f07c3f628a3be785edd9,2,False,pending
5c39a8aea0ffee1f6a38,3b22ca9b2517d576f22e,2,False,pending
5c39a8aea0ffee1f6a38,daddf8167bdfcd608d41,4,False,pending
5c39a8aea0ffee1f6a38,658e22365c321dd489fe,4,False,pending
5c39a8aea0ffee1f6a38,191754d258d36fefbe05,2,False,pending
5c39a8aea0ffee1f6a38,3ee9ebe89dbac0ce6246,2,False,pending
5c39a8aea0ffee1f6a38,e906d3346b0f8c3676f8,2,False,pending
5c39a8aea0ffee1f6a38,0a139ca0315d6eae574d,3,False,pending
5c39a8aea0ffee1f6a38,fdc891ef7b15f5953c56,3,False,pending
5c39a8aea0ffee1f6a38,9b8b95815322d0a3ae79,3,False,pending
5c39a8aea0ffee1f6a38,1340507560e8d4d692bb,4,False,pending
5c39a8aea0ffee1f6a38,c36e8f45e46cd2c20a14,4,False,pending
5c39a8aea0ffee1f6a38,ca031beab1a7fb2cd198,4,False,pending
5c39a8aea0ffee1f6a38,c1027b69b773fd8abb77,4,False,pending
5c39a8aea0ffee1f6a38,4b00fd3983cf5315bdd2,2,False,pending
5c39a8aea0ffee1f6a38,c96e3bcc8986f4a0001a,2,False,pending
5c39a8aea0ffee1f6a38,b94caabc4b10487bdec5,0,False,pending
5c39a8aea0ffee1f6a38,107768ca7825c509d025,1,False,pending
5c39a8aea0ffee1f6a38,7263cae6e898bc7f20a8,1,False,pending
5c39a8aea0ffee1f6a38,05e8c1eee0399894908c,2,False,pending
5c39a8aea0ffee1f6a38,593775773d3c5912b25e,4,False,pending
5c39a8aea0ffee1f6a38,335603eeb8e00360812a,4,False,pending
5c39a8aea0ffee1f6a38,1fc549a3f42c99dd7b4f,3,False,pending
5c39a8aea0ffee1f6a38,4ce09bb5dd2b2104683e,3,False,pending
5c39a8aea0ffee1f6a38,c263b10acbed7d9ce56e,2,False,pending
5c39a8aea0ffee1f6a38,7dfa8a88e189555d71ca,1,False,pending
5c39a8aea0ffee1f6a38,b77776a9914b2542a475,1,False,pending
5c39a8aea0ffee1f6a38,70bfcd6593828bddbc28,2,False,pending
5c39a8aea0ffee1f6a38,644b08ea92be7e5966f5,3,False,pending
5c39a8aea0ffee1f6a38,a9f2d079250f8ca533f2,3,False,pending
5c39a8aea0ffee1f6a38,3435b205cf2894c16d94,1,False,pending
5c39a8aea0ffee1f6a38,561e219f4507a73d9826,2,False,pending
5c39a8aea0ffee1f6a38,55fb626c9581efc07447,3,False,pending
5c39a8aea0ffee1f6a38,b8f70e59b3e6a470efd1,3,False,pending
5c39a8aea0ffee1f6a38,02637da2d1bec857f727,2,False,pending
5c39a8aea0ffee1f6a38,e7306963a8ec3a39a8c6,2,False,pending
5c39a8aea0ffee1f6a38,5dd7c49e1a9ce0914e81,4,False,pending
fbbc639e19294dd69b95,9034e70a519bd1d37d54,1,False,pending
fbbc639e19294dd69b95,17b0e59c7c304e20034c,2,False,pending
fbbc639e19294dd69b95,eb5d2025be3278f9e928,4,False,pending
fbbc639e19294dd69b95,d1a5c09ad3918c9e7e25,4,False,pending
fbbc639e19294dd69b95,ea89afe7ce32cdb08c47,4,False,pending
fbbc639e19294dd69b95,af417835d3aae8ff22bd,2,False,pending
fbbc639e19294dd69b95,53511bcbeebc697775f1,2,False,pending
fbbc639e19294dd69b95,7b00dfeb34af03363aa1,2,False,pending
fbbc639e19294dd69b95,65550e1189c7d1132513,1,False,pending
fbbc639e19294dd69b95,be7c13c576b7c4d02595,0,False,pending
fbbc639e19294dd69b95,215274620f1d9a46a33f,0,False,pending
fbbc639e19294dd69b95,9b30f6c470633d8457cc,0,False,pending
fbbc639e19294dd69b95,ddbe6836799d4709e922,0,False,pending
fbbc639e19294dd69b95,0ff1c654d2956f206cd3,1,False,pending
fbbc639e19294dd69b95,0e1f05536a9b4dbf6c1a,1,False,pending
fbbc639e19294dd69b95,9f646efbf766b0ab006f,1,False,pending
fbbc639e19294dd69b95,f5eba977740dba5ceffd,1,False,pending
fbbc639e19294dd69b95,1c546b07b9af42b05435,1,False,pending
fbbc639e19294dd69b95,95f4e863417fb593263a,1,False,pending
fbbc639e19294dd69b95,fdec1d535ba44ccfe662,1,False,pending
fbbc639e19294dd69b95,22b34cb908f9b5e4a98d,0,False,pending
fbbc639e19294dd69b95,2f0f44a41184233408d5,0,False,pending
fbbc639e19294dd69b95,44c4561dc23877ee9ed2,0,False,pending
fbbc639e19294dd69b95,2b8f4e71664d50ef6281,0,False,pending
fbbc639e19294dd69b95,6c0cb17ec3dfaedc9bd6,0,False,pending
fbbc639e19294dd69b95,0007da6f35f0a9ec5efc,0,False,pending
fbbc639e19294dd69b95,eec5262a3e3664bf50d5,1,False,pending
fbbc639e19294dd69b95,0be94dac7ac618d43090,1,False,pending
fbbc639e19294dd69b95,47e69124bb124b89ee73,1,False,pending
fbbc639e19294dd69b95,5fa4e19ab17cc058c92a,1,False,pending
fbbc639e19294dd69b95,308f1991bf931a815b73,1,False,pending
fbbc639e19294dd69b95,53a266297bb98f9ec28d,2,False,pending
fbbc639e19294dd69b95,df7436b090f7c9178603,2,False,pending
fbbc639e19294dd69b95,5e4e61b52c77d2d4956d,4,False,pending
fbbc639e19294dd69b95,12be1682c5370d82bdaf,4,False,pending
fbbc639e19294dd69b95,5c3bb3b6a654fc543103,4,False,pending
fbbc639e19294dd69b95,fbf8459c54b5e7e34aef,4,False,pending
fbbc639e19294dd69b95,d63e4b89254fd3d8c5f9,4,False,pending
fbbc639e19294dd69b95,ec29764946c1376cccbe,4,False,pending
fbbc639e19294dd69b95,9ba1ae2897dbda8a14a8,3,False,pending
fbbc639e19294dd69b95,ad1243412c8169e6cc30,3,False,pending
fbbc639e19294dd69b95,8ac5011dc42a22cd8715,3,False,pending
fbbc639e19294dd69b95,c552c5efddd227aaf44e,3,False,pending
fbbc639e19294dd69b95,db6325854b9a72c417a7,3,False,pending
fbbc639e19294dd69b95,ecf2ec505f9549842f57,2,False,pending
fbbc639e19294dd69b95,3e2358dfe5ab88455987,2,False,pending
fbbc639e19294dd69b95,4e729c11518d047c1be5,2,False,pending
fbbc639e19294dd69b95,2a644f83f1c1d72ec383,2,False,pending
fbbc639e19294dd69b95,c747c7d9ac6a7331842d,2,False,pending
fbbc639e19294dd69b95,26319d33aa13c8b2511a,1,False,pending
fbbc639e19294dd69b95,7c10fc29b4b37e22ff5d,1,False,pending
fbbc639e19294dd69b95,7e419d059b3c29de905f,1,False,pending
fbbc639e19294dd69b95,a3a60bfc4d280dd7fa6a,1,False,pending
fbbc639e19294dd69b95,e0c6a0d62c0357010449,1,False,pending
fbbc639e19294dd69b95,57ece6052cb009ce34d3,1,False,pending
fbbc639e19294dd69b95,4afb928ef68fded20d0f,1,False,pending
fbbc639e19294dd69b95,61d78ce58476e4fae645,2,False,pending
fbbc639e19294dd69b95,46b812dc1001b7d3b6e5,3,False,pending
fbbc639e19294dd69b95,ae46c54df758a7a30ff0,3,False,pending
fbbc639e19294dd69b95,234fecbf65b6c0dcebd3,1,False,pending
fbbc639e19294dd69b95,7ad7ca9d7436bd407ef2,2,False,pending
fbbc639e19294dd69b95,1b1f9723e7318bf841ac,2,False,pending
fbbc639e19294dd69b95,8a124b4a7aac984a1de8,4,False,pending
fbbc639e19294dd69b95,2633580c5487f1c8726c,4,False,pending
fbbc639e19294dd69b95,7d83dc58278ebef8d3a3,2,False,pending
fbbc639e19294dd69b95,f728f90e984d76c12ba9,2,False,pending
fbbc639e19294dd69b95,1dbe06181cdd45414a9d,3,False,pending
fbbc639e19294dd69b95,f8080a59db0763d5ba43,3,False,pending
fbbc639e19294dd69b95,ca517e90209b74e234aa,2,False,pending
fbbc639e19294dd69b95,2fe0e29226e48d98168f,2,False,pending
fbbc639e19294dd69b95,9657778bc49c6cdb6612,2,False,pending
fbbc639e19294dd69b95,5efa4cb81101b3e2b680,3,False,pending
fbbc639e19294dd69b95,a9df733be3ca722f05b7,3,False,pending
fbbc639e19294dd69b95,6b59312903ac971959e2,2,False,pending
fbbc639e19294dd69b95,408baf4fbb17803fb3d6,2,False,pending
fbbc639e19294dd69b95,f07c3f628a3be785edd9,2,False,pending
fbbc639e19294dd69b95,3b22ca9b2517d576f22e,2,False,pending
fbbc639e19294dd69b95,daddf8167bdfcd608d41,4,False,pending
fbbc639e19294dd69b95,658e22365c321dd489fe,4,False,pending
fbbc639e19294dd69b95,191754d258d36fefbe05,2,False,pending
fbbc639e19294dd69b95,3ee9ebe89dbac0ce6246,2,False,pending
fbbc639e19294dd69b95,e906d3346b0f8c3676f8,2,False,pending
fbbc639e19294dd69b95,0a139ca0315d6eae574d,3,False,pending
fbbc639e19294dd69b95,fdc891ef7b15f5953c56,3,False,pending
fbbc639e19294dd69b95,9b8b95815322d0a3ae79,3,False,pending
fbbc639e19294dd69b95,1340507560e8d4d692bb,4,False,pending
fbbc639e19294dd69b95,c36e8f45e46cd2c20a14,4,False,pending
fbbc639e19294dd69b95,ca031beab1a7fb2cd198,4,False,pending
fbbc639e19294dd69b95,c1027b69b773fd8abb77,4,False,pending
fbbc639e19294dd69b95,4b00fd3983cf5315bdd2,2,False,pending
fbbc639e19294dd69b95,c96e3bcc8986f4a0001a,2,False,pending
fbbc639e19294dd69b95,b94caabc4b10487bdec5,0,False,pending
fbbc639e19294dd69b95,107768ca7825c509d025,1,False,pending
fbbc639e19294dd69b95,7263cae6e898bc7f20a8,1,False,pending
fbbc639e19294dd69b95,05e8c1eee0399894908c,2,False,pending
fbbc639e19294dd69b95,593775773d3c5912b25e,4,False,pending
fbbc639e19294dd69b95,335603eeb8e00360812a,4,False,pending
fbbc639e19294dd69b95,1fc549a3f42c99dd7b4f,3,False,pending
fbbc639e19294dd69b95,4ce09bb5dd2b2104683e,3,False,pending
fbbc639e19294dd69b95,c263b10acbed7d9ce56e,2,False,pending
fbbc639e19294dd69b95,7dfa8a88e189555d71ca,1,False,pending
fbbc639e19294dd69b95,b77776a9914b2542a475,1,False,pending
fbbc639e19294dd69b95,70bfcd6593828bddbc28,2,False,pending
fbbc639e19294dd69b95,644b08ea92be7e5966f5,3,False,pending
fbbc639e19294dd69b95,a9f2d079250f8ca533f2,3,False,pending
fbbc639e19294dd69b95,3435b205cf2894c16d94,1,False,pending
fbbc639e19294dd69b95,561e219f4507a73d9826,2,False,pending
fbbc639e19294dd69b95,55fb626c9581efc07447,3,False,pending
fbbc639e19294dd69b95,b8f70e59b3e6a470efd1,3,False,pending
fbbc639e19294dd69b95,02637da2d1bec857f727,2,False,pending
fbbc639e19294dd69b95,e7306963a8ec3a39a8c6,2,False,pending
fbbc639e19294dd69b95,5dd7c49e1a9ce0914e81,4,False,pending
9034e70a519bd1d37d54,17b0e59c7c304e20034c,1,False,pending
9034e70a519bd1d37d54,eb5d2025be3278f9e928,3,False,pending
9034e70a519bd1d37d54,af417835d3aae8ff22bd,3,False,pending
9034e70a519bd1d37d54,53511bcbeebc697775f1,3,False,pending
9034e70a519bd1d37d54,7b00dfeb34af03363aa1,3,False,pending
9034e70a519bd1d37d54,65550e1189c7d1132513,2,False,pending
9034e70a519bd1d37d54,be7c13c576b7c4d02595,1,False,pending
9034e70a519bd1d37d54,215274620f1d9a46a33f,1,False,pending
9034e70a519bd1d37d54,9b30f6c470633d8457cc,1,False,pending
9034e70a519bd1d37d54,ddbe6836799d4709e922,1,False,pending
9034e70a519bd1d37d54,0ff1c654d2956f206cd3,2,False,pending
9034e70a519bd1d37d54,0e1f05536a9b4dbf6c1a,2,False,pending
9034e70a519bd1d37d54,9f646efbf766b0ab006f,2,False,pending
9034e70a519bd1d37d54,f5eba977740dba5ceffd,2,False,pending
9034e70a519bd1d37d54,1c546b07b9af42b05435,2,False,pending
9034e70a519bd1d37d54,95f4e863417fb593263a,2,False,pending
9034e70a519bd1d37d54,fdec1d535ba44ccfe662,2,False,pending
9034e70a519bd1d37d54,22b34cb908f9b5e4a98d,1,False,pending
9034e70a519bd1d37d54,2f0f44a41184233408d5,1,False,pending
9034e70a519bd1d37d54,44c4561dc23877ee9ed2,1,False,pending
9034e70a519bd1d37d54,2b8f4e71664d50ef6281,1,False,pending
9034e70a519bd1d37d54,6c0cb17ec3dfaedc9bd6,1,False,pending
9034e70a519bd1d37d54,0007da6f35f0a9ec5efc,1,False,pending
9034e70a519bd1d37d54,eec5262a3e3664bf50d5,2,False,pending
9034e70a519bd1d37d54,0be94dac7ac618d43090,2,False,pending
9034e70a519bd1d37d54,47e69124bb124b89ee73,2,False,pending
9034e70a519bd1d37d54,5fa4e19ab17cc058c92a,2,False,pending
9034e70a519bd1d37d54,308f1991bf931a815b73,2,False,pending
9034e70a519bd1d37d54,53a266297bb98f9ec28d,3,False,pending
9034e70a519bd1d37d54,df7436b090f7c9178603,3,False,pending
9034e70a519bd1d37d54,9ba1ae2897dbda8a14a8,4,False,pending
9034e70a519bd1d37d54,ad1243412c8169e6cc30,4,False,pending
9034e70a519bd1d37d54,8ac5011dc42a22cd8715,2,False,pending
9034e70a519bd1d37d54,c552c5efddd227aaf44e,2,False,pending
9034e70a519bd1d37d54,db6325854b9a72c417a7,2,False,pending
9034e70a519bd1d37d54,ecf2ec505f9549842f57,3,False,pending
9034e70a519bd1d37d54,3e2358dfe5ab88455987,3,False,pending
9034e70a519bd1d37d54,4e729c11518d047c1be5,3,False,pending
9034e70a519bd1d37d54,2a644f83f1c1d72ec383,3,False,pending
9034e70a519bd1d37d54,c747c7d9ac6a7331842d,3,False,pending
9034e70a519bd1d37d54,26319d33aa13c8b2511a,2,False,pending
9034e70a519bd1d37d54,7c10fc29b4b37e22ff5d,2,False,pending
9034e70a519bd1d37d54,7e419d059b3c29de905f,2,False,pending
9034e70a519bd1d37d54,a3a60bfc4d280dd7fa6a,2,False,pending
9034e70a519bd1d37d54,e0c6a0d62c0357010449,2,False,pending
9034e70a519bd1d37d54,57ece6052cb009ce34d3,2,False,pending
9034e70a519bd1d37d54,4afb928ef68fded20d0f,2,False,pending
9034e70a519bd1d37d54,61d78ce58476e4fae645,1,False,pending
9034e70a519bd1d37d54,46b812dc1001b7d3b6e5,2,False,pending
9034e70a519bd1d37d54,ae46c54df758a7a30ff0,2,False,pending
9034e70a519bd1d37d54,7ad7ca9d7436bd407ef2,1,False,pending
9034e70a519bd1d37d54,1b1f9723e7318bf841ac,1,False,pending
9034e70a519bd1d37d54,8a124b4a7aac984a1de8,3,False,pending
9034e70a519bd1d37d54,2633580c5487f1c8726c,3,False,pending
9034e70a519bd1d37d54,3233ef677ac147f7d882,4,False,pending
9034e70a519bd1d37d54,684b07bac82031baa8f9,4,False,pending
9034e70a519bd1d37d54,c20d0ea4952d0d32a521,4,False,pending
9034e70a519bd1d37d54,7d83dc58278ebef8d3a3,1,False,pending
9034e70a519bd1d37d54,f728f90e984d76c12ba9,1,False,pending
9034e70a519bd1d37d54,1dbe06181cdd45414a9d,2,False,pending
9034e70a519bd1d37d54,f8080a59db0763d5ba43,2,False,pending
9034e70a519bd1d37d54,ca517e90209b74e234aa,1,False,pending
9034e70a519bd1d37d54,2fe0e29226e48d98168f,1,False,pending
9034e70a519bd1d37d54,9657778bc49c6cdb6612,1,False,pending
9034e70a519bd1d37d54,5efa4cb81101b3e2b680,2,False,pending
9034e70a519bd1d37d54,a9df733be3ca722f05b7,2,False,pending
9034e70a519bd1d37d54,6b59312903ac971959e2,1,False,pending
9034e70a519bd1d37d54,408baf4fbb17803fb3d6,1,False,pending
9034e70a519bd1d37d54,f07c3f628a3be785edd9,1,False,pending
9034e70a519bd1d37d54,3b22ca9b2517d576f22e,1,False,pending
9034e70a519bd1d37d54,2d597a64d660654649f5,4,False,pending
9034e70a519bd1d37d54,41571af68dc3ef81520e,4,False,pending
9034e70a519bd1d37d54,191754d258d36fefbe05,3,False,pending
9034e70a519bd1d37d54,3ee9ebe89dbac0ce6246,3,False,pending
9034e70a519bd1d37d54,e906d3346b0f8c3676f8,3,False,pending
9034e70a519bd1d37d54,0a139ca0315d6eae574d,4,False,pending
9034e70a519bd1d37d54,fdc891ef7b15f5953c56,4,False,pending
9034e70a519bd1d37d54,9b8b95815322d0a3ae79,4,False,pending
9034e70a519bd1d37d54,4b00fd3983cf5315bdd2,3,False,pending
9034e70a519bd1d37d54,c96e3bcc8986f4a0001a,3,False,pending
9034e70a519bd1d37d54,b94caabc4b10487bdec5,1,False,pending
9034e70a519bd1d37d54,107768ca7825c509d025,2,False,pending
9034e70a519bd1d37d54,7263cae6e898bc7f20a8,2,False,pending
9034e70a519bd1d37d54,05e8c1eee0399894908c,3,False,pending
9034e70a519bd1d37d54,1fc549a3f42c99dd7b4f,4,False,pending
9034e70a519bd1d37d54,4ce09bb5dd2b2104683e,2,False,pending
9034e70a519bd1d37d54,c263b10acbed7d9ce56e,3,False,pending
9034e70a519bd1d37d54,7dfa8a88e189555d71ca,2,False,pending
9034e70a519bd1d37d54,b77776a9914b2542a475,2,False,pending
9034e70a519bd1d37d54,a8381cf3831847e1b254,1,False,pending
9034e70a519bd1d37d54,70bfcd6593828bddbc28,1,False,pending
9034e70a519bd1d37d54,644b08ea92be7e5966f5,2,False,pending
9034e70a519bd1d37d54,a9f2d079250f8ca533f2,2,False,pending
9034e70a519bd1d37d54,561e219f4507a73d9826,1,False,pending
9034e70a519bd1d37d54,55fb626c9581efc07447,2,False,pending
9034e70a519bd1d37d54,b8f70e59b3e6a470efd1,2,False,pending
9034e70a519bd1d37d54,02637da2d1bec857f727,1,False,pending
9034e70a519bd1d37d54,e7306963a8ec3a39a8c6,1,False,pending
9034e70a519bd1d37d54,2b7e2505835e91470cb8,4,False,pending
17b0e59c7c304e20034c,eb5d2025be3278f9e928,2,False,pending
17b0e59c7c304e20034c,d1a5c09ad3918c9e7e25,4,False,pending
17b0e59c7c304e20034c,af417835d3aae8ff22bd,4,False,pending
17b0e59c7c304e20034c,53511bcbeebc697775f1,4,False,pending
17b0e59c7c304e20034c,7b00dfeb34af03363aa1,4,False,pending
17b0e59c7c304e20034c,65550e1189c7d1132513,3,False,pending
17b0e59c7c304e20034c,be7c13c576b7c4d02595,2,False,pending
17b0e59c7c304e20034c,215274620f1d9a46a33f,2,False,pending
17b0e59c7c304e20034c,9b30f6c470633d8457cc,2,False,pending
17b0e59c7c304e20034c,ddbe6836799d4709e922,2,False,pending
17b0e59c7c304e20034c,0ff1c654d2956f206cd3,3,False,pending
17b0e59c7c304e20034c,0e1f05536a9b4dbf6c1a,3,False,pending
17b0e59c7c304e20034c,9f646efbf766b0ab006f,3,False,pending
17b0e59c7c304e20034c,f5eba977740dba5ceffd,3,False,pending
17b0e59c7c304e20034c,1c546b07b9af42b05435,3,False,pending
17b0e59c7c304e20034c,95f4e863417fb593263a,3,False,pending
17b0e59c7c304e20034c,fdec1d535ba44ccfe662,3,False,pending
17b0e59c7c304e20034c,22b34cb908f9b5e4a98d,2,False,pending
17b0e59c7c304e20034c,2f0f44a41184233408d5,2,False,pending
17b0e59c7c304e20034c,44c4561dc23877ee9ed2,2,False,pending
17b0e59c7c304e20034c,2b8f4e71664d50ef6281,2,False,pending
17b0e59c7c304e20034c,6c0cb17ec3dfaedc9bd6,2,False,pending
17b0e59c7c304e20034c,0007da6f35f0a9ec5efc,2,False,pending
17b0e59c7c304e20034c,eec5262a3e3664bf50d5,3,False,pending
17b0e59c7c304e20034c,0be94dac7ac618d43090,3,False,pending
17b0e59c7c304e20034c,47e69124bb124b89ee73,3,False,pending
17b0e59c7c304e20034c,5fa4e19ab17cc058c92a,3,False,pending
17b0e59c7c304e20034c,308f1991bf931a815b73,3,False,pending
17b0e59c7c304e20034c,53a266297bb98f9ec28d,4,False,pending
17b0e59c7c304e20034c,df7436b090f7c9178603,4,False,pending
17b0e59c7c304e20034c,8ac5011dc42a22cd8715,3,False,pending
17b0e59c7c304e20034c,c552c5efddd227aaf44e,3,False,pending
17b0e59c7c304e20034c,db6325854b9a72c417a7,3,False,pending
17b0e59c7c304e20034c,ecf2ec505f9549842f57,4,False,pending
17b0e59c7c304e20034c,3e2358dfe5ab88455987,4,False,pending
17b0e59c7c304e20034c,4e729c11518d047c1be5,4,False,pending
17b0e59c7c304e20034c,2a644f83f1c1d72ec383,4,False,pending
17b0e59c7c304e20034c,c747c7d9ac6a7331842d,4,False,pending
17b0e59c7c304e20034c,26319d33aa13c8b2511a,3,False,pending
17b0e59c7c304e20034c,7c10fc29b4b37e22ff5d,3,False,pending
17b0e59c7c304e20034c,7e419d059b3c29de905f,3,False,pending
17b0e59c7c304e20034c,a3a60bfc4d280dd7fa6a,3,False,pending
17b0e59c7c304e20034c,e0c6a0d62c0357010449,3,False,pending
17b0e59c7c304e20034c,57ece6052cb009ce34d3,3,False,pending
17b0e59c7c304e20034c,4afb928ef68fded20d0f,3,False,pending
17b0e59c7c304e20034c,61d78ce58476e4fae645,2,False,pending
17b0e59c7c304e20034c,46b812dc1001b7d3b6e5,3,False,pending
17b0e59c7c304e20034c,ae46c54df758a7a30ff0,3,False,pending
17b0e59c7c304e20034c,234fecbf65b6c0dcebd3,1,False,pending
17b0e59c7c304e20034c,8a124b4a7aac984a1de8,2,False,pending
17b0e59c7c304e20034c,2633580c5487f1c8726c,2,False,pending
17b0e59c7c304e20034c,3233ef677ac147f7d882,3,False,pending
17b0e59c7c304e20034c,684b07bac82031baa8f9,3,False,pending
17b0e59c7c304e20034c,c20d0ea4952d0d32a521,3,False,pending
17b0e59c7c304e20034c,7d83dc58278ebef8d3a3,2,False,pending
17b0e59c7c304e20034c,f728f90e984d76c12ba9,2,False,pending
17b0e59c7c304e20034c,1dbe06181cdd45414a9d,3,False,pending
17b0e59c7c304e20034c,f8080a59db0763d5ba43,3,False,pending
17b0e59c7c304e20034c,ca517e90209b74e234aa,2,False,pending
17b0e59c7c304e20034c,2fe0e29226e48d98168f,2,False,pending
17b0e59c7c304e20034c,9657778bc49c6cdb6612,2,False,pending
17b0e59c7c304e20034c,5efa4cb81101b3e2b680,1,False,pending
17b0e59c7c304e20034c,a9df733be3ca722f05b7,1,False,pending
17b0e59c7c304e20034c,6b59312903ac971959e2,2,False,pending
17b0e59c7c304e20034c,408baf4fbb17803fb3d6,2,False,pending
17b0e59c7c304e20034c,f07c3f628a3be785edd9,2,False,pending
17b0e59c7c304e20034c,3b22ca9b2517d576f22e,2,False,pending
17b0e59c7c304e20034c,daddf8167bdfcd608d41,4,False,pending
17b0e59c7c304e20034c,658e22365c321dd489fe,4,False,pending
17b0e59c7c304e20034c,2d597a64d660654649f5,3,False,pending
17b0e59c7c304e20034c,41571af68dc3ef81520e,3,False,pending
17b0e59c7c304e20034c,191754d258d36fefbe05,4,False,pending
17b0e59c7c304e20034c,3ee9ebe89dbac0ce6246,4,False,pending
17b0e59c7c304e20034c,e906d3346b0f8c3676f8,4,False,pending
17b0e59c7c304e20034c,1340507560e8d4d692bb,4,False,pending
17b0e59c7c304e20034c,c36e8f45e46cd2c20a14,4,False,pending
17b0e59c7c304e20034c,4b00fd3983cf5315bdd2,4,False,pending
17b0e59c7c304e20034c,c96e3bcc8986f4a0001a,4,False,pending
17b0e59c7c304e20034c,b94caabc4b10487bdec5,2,False,pending
17b0e59c7c304e20034c,107768ca7825c509d025,3,False,pending
17b0e59c7c304e20034c,7263cae6e898bc7f20a8,3,False,pending
17b0e59c7c304e20034c,05e8c1eee0399894908c,4,False,pending
17b0e59c7c304e20034c,4ce09bb5dd2b2104683e,3,False,pending
17b0e59c7c304e20034c,c263b10acbed7d9ce56e,4,False,pending
17b0e59c7c304e20034c,7dfa8a88e189555d71ca,3,False,pending
17b0e59c7c304e20034c,b77776a9914b2542a475,3,False,pending
17b0e59c7c304e20034c,a8381cf3831847e1b254,2,False,pending
17b0e59c7c304e20034c,70bfcd6593828bddbc28,2,False,pending
17b0e59c7c304e20034c,644b08ea92be7e5966f5,3,False,pending
17b0e59c7c304e20034c,a9f2d079250f8ca533f2,3,False,pending
17b0e59c7c304e20034c,3435b205cf2894c16d94,1,False,pending
17b0e59c7c304e20034c,561e219f4507a73d9826,2,False,pending
17b0e59c7c304e20034c,55fb626c9581efc07447,3,False,pending
17b0e59c7c304e20034c,b8f70e59b3e6a470efd1,1,False,pending
17b0e59c7c304e20034c,02637da2d1bec857f727,2,False,pending
17b0e59c7c304e20034c,e7306963a8ec3a39a8c6,2,False,pending
17b0e59c7c304e20034c,2b7e2505835e91470cb8,3,False,pending
17b0e59c7c304e20034c,5dd7c49e1a9ce0914e81,4,False,pending
eb5d2025be3278f9e928,be7c13c576b7c4d02595,4,False,pending
eb5d2025be3278f9e928,215274620f1d9a46a33f,4,False,pending
eb5d2025be3278f9e928,9b30f6c470633d8457cc,4,False,pending
eb5d2025be3278f9e928,ddbe6836799d4709e922,4,False,pending
eb5d2025be3278f9e928,22b34cb908f9b5e4a98d,4,False,pending
eb5d2025be3278f9e928,2f0f44a41184233408d5,4,False,pending
eb5d2025be3278f9e928,44c4561dc23877ee9ed2,4,False,pending
eb5d2025be3278f9e928,2b8f4e71664d50ef6281,4,False,pending
eb5d2025be3278f9e928,6c0cb17ec3dfaedc9bd6,4,False,pending
eb5d2025be3278f9e928,0007da6f35f0a9ec5efc,4,False,pending
eb5d2025be3278f9e928,53a266297bb98f9ec28d,4,False,pending
eb5d2025be3278f9e928,df7436b090f7c9178603,4,False,pending
eb5d2025be3278f9e928,61d78ce58476e4fae645,4,False,pending
eb5d2025be3278f9e928,234fecbf65b6c0dcebd3,3,False,pending
eb5d2025be3278f9e928,7ad7ca9d7436bd407ef2,2,False,pending
eb5d2025be3278f9e928,1b1f9723e7318bf841ac,2,False,pending
eb5d2025be3278f9e928,7d83dc58278ebef8d3a3,4,False,pending
eb5d2025be3278f9e928,f728f90e984d76c12ba9,4,False,pending
eb5d2025be3278f9e928,ca517e90209b74e234aa,4,False,pending
eb5d2025be3278f9e928,2fe0e29226e48d98168f,4,False,pending
eb5d2025be3278f9e928,9657778bc49c6cdb6612,4,False,pending
eb5d2025be3278f9e928,5efa4cb81101b3e2b680,3,False,pending
eb5d2025be3278f9e928,a9df733be3ca722f05b7,3,False,pending
eb5d2025be3278f9e928,6b59312903ac971959e2,4,False,pending
eb5d2025be3278f9e928,408baf4fbb17803fb3d6,2,False,pending
eb5d2025be3278f9e928,f07c3f628a3be785edd9,2,False,pending
eb5d2025be3278f9e928,3b22ca9b2517d576f22e,2,False,pending
eb5d2025be3278f9e928,b94caabc4b10487bdec5,4,False,pending
eb5d2025be3278f9e928,05e8c1eee0399894908c,4,False,pending
eb5d2025be3278f9e928,a8381cf3831847e1b254,4,False,pending
eb5d2025be3278f9e928,70bfcd6593828bddbc28,4,False,pending
eb5d2025be3278f9e928,3435b205cf2894c16d94,3,False,pending
eb5d2025be3278f9e928,561e219f4507a73d9826,4,False,pending
eb5d2025be3278f9e928,b8f70e59b3e6a470efd1,3,False,pending
eb5d2025be3278f9e928,02637da2d1bec857f727,4,False,pending
eb5d2025be3278f9e928,e7306963a8ec3a39a8c6,4,False,pending
d1a5c09ad3918c9e7e25,af417835d3aae8ff22bd,4,False,pending
d1a5c09ad3918c9e7e25,53511bcbeebc697775f1,4,False,pending
d1a5c09ad3918c9e7e25,7b00dfeb34af03363aa1,4,False,pending
d1a5c09ad3918c9e7e25,be7c13c576b7c4d02595,4,False,pending
d1a5c09ad3918c9e7e25,215274620f1d9a46a33f,4,False,pending
d1a5c09ad3918c9e7e25,9b30f6c470633d8457cc,4,False,pending
d1a5c09ad3918c9e7e25,ddbe6836799d4709e922,4,False,pending
d1a5c09ad3918c9e7e25,22b34cb908f9b5e4a98d,4,False,pending
d1a5c09ad3918c9e7e25,2f0f44a41184233408d5,4,False,pending
d1a5c09ad3918c9e7e25,44c4561dc23877ee9ed2,4,False,pending
d1a5c09ad3918c9e7e25,2b8f4e71664d50ef6281,4,False,pending
d1a5c09ad3918c9e7e25,6c0cb17ec3dfaedc9bd6,4,False,pending
d1a5c09ad3918c9e7e25,0007da6f35f0a9ec5efc,4,False,pending
d1a5c09ad3918c9e7e25,7ad7ca9d7436bd407ef2,4,False,pending
d1a5c09ad3918c9e7e25,1b1f9723e7318bf841ac,4,False,pending
d1a5c09ad3918c9e7e25,b94caabc4b10487bdec5,4,False,pending
d1a5c09ad3918c9e7e25,a8381cf3831847e1b254,4,False,pending
a175ae0d6c9562f0e598,d56aa5877752b0fd45bc,4,False,pending
a175ae0d6c9562f0e598,7d8db42a5e97d5589d55,4,False,pending
a175ae0d6c9562f0e598,602a74e2cbbe5f6db075,4,False,pending
a175ae0d6c9562f0e598,5f99d0ddd14ab1aa9f51,3,False,pending
a175ae0d6c9562f0e598,83d4bf3aca97e5801f86,3,False,pending
a175ae0d6c9562f0e598,18c50a2a3196670163c5,4,False,pending
a175ae0d6c9562f0e598,09613a31e9465c1e0c07,4,False,pending
a175ae0d6c9562f0e598,0ea74ab38777ce1423f1,3,False,pending
a175ae0d6c9562f0e598,714c2833e4ebfbad3c5d,3,False,pending
a175ae0d6c9562f0e598,0a9ca9fe4eb4bfa4ba35,3,False,pending
a175ae0d6c9562f0e598,dfdd6ba5297f5a7340d4,4,False,pending
a175ae0d6c9562f0e598,95bd03991bc498f5c217,4,False,pending
a175ae0d6c9562f0e598,7e901805c9f7724e606a,3,False,pending
a175ae0d6c9562f0e598,c62a89224598f6801f1a,4,False,pending
a175ae0d6c9562f0e598,3579cd0148e3dac5f5ee,4,False,pending
d56aa5877752b0fd45bc,4eda84dc1df038bbd0b4,3,False,pending
d56aa5877752b0fd45bc,804ab8fc4e6bfd32bde7,2,False,pending
d56aa5877752b0fd45bc,34410fea9b03811bf65a,3,False,pending
d56aa5877752b0fd45bc,63e9ab5dace568a5f4aa,3,False,pending
d56aa5877752b0fd45bc,9a44e4e0ecf59fc9727c,4,False,pending
d56aa5877752b0fd45bc,bf98821dbbc8575af647,3,False,pending
d56aa5877752b0fd45bc,3e7b6619f91bcf40541f,3,False,pending
d56aa5877752b0fd45bc,ba60da8145fd0d116b14,3,False,pending
d56aa5877752b0fd45bc,5936428fedd89689d116,3,False,pending
d56aa5877752b0fd45bc,e7dcbddabed640519d68,3,False,pending
d56aa5877752b0fd45bc,2a2150f509de4bf13601,3,False,pending
d56aa5877752b0fd45bc,bbd1358f8d9e87ea804e,3,False,pending
d56aa5877752b0fd45bc,5959dbcb203592851e5b,2,False,pending
d56aa5877752b0fd45bc,d95c2db8f7e447b8f6b4,4,False,pending
d56aa5877752b0fd45bc,65699b8752db30197cb5,4,False,pending
d56aa5877752b0fd45bc,69c568e5d654f5f1a826,4,False,pending
d56aa5877752b0fd45bc,12b6fbf06c797c7b85a3,4,False,pending
d56aa5877752b0fd45bc,13afb8705ea22f110773,4,False,pending
d56aa5877752b0fd45bc,07d8053d60f360441935,4,False,pending
d56aa5877752b0fd45bc,aac7d5d4fbe5645c3af1,3,False,pending
d56aa5877752b0fd45bc,2b0d963ede6a0a83445a,4,False,pending
d56aa5877752b0fd45bc,c5035e71893af4571894,4,False,pending
d56aa5877752b0fd45bc,208df034d912252c7f52,3,False,pending
d56aa5877752b0fd45bc,479449efa99186c75307,4,False,pending
d56aa5877752b0fd45bc,36c4e55d700bbd3de09e,4,False,pending
d56aa5877752b0fd45bc,16d7f8f71fa9eabcddf0,2,False,pending
4eda84dc1df038bbd0b4,804ab8fc4e6bfd32bde7,3,False,pending
4eda84dc1df038bbd0b4,34410fea9b03811bf65a,0,False,pending
4eda84dc1df038bbd0b4,63e9ab5dace568a5f4aa,0,False,pending
4eda84dc1df038bbd0b4,02908beab2823dbe216b,4,False,pending
4eda84dc1df038bbd0b4,0d8afee91b219264391f,4,False,pending
4eda84dc1df038bbd0b4,9d67eb691165f4a07563,4,False,pending
4eda84dc1df038bbd0b4,ef41ed937659c9bb2766,3,False,pending
4eda84dc1df038bbd0b4,5bc093a3f001357f679d,3,False,pending
4eda84dc1df038bbd0b4,d77f23817bd4a10f9d83,3,False,pending
4eda84dc1df038bbd0b4,498707cdc3b9a8c2db47,4,False,pending
4eda84dc1df038bbd0b4,1fea3d0f37988b4d3dc6,4,False,pending
4eda84dc1df038bbd0b4,bf98821dbbc8575af647,4,False,pending
4eda84dc1df038bbd0b4,3e7b6619f91bcf40541f,4,False,pending
4eda84dc1df038bbd0b4,ba60da8145fd0d116b14,4,False,pending
4eda84dc1df038bbd0b4,5936428fedd89689d116,4,False,pending
4eda84dc1df038bbd0b4,e7dcbddabed640519d68,4,False,pending
4eda84dc1df038bbd0b4,7d8db42a5e97d5589d55,3,False,pending
4eda84dc1df038bbd0b4,602a74e2cbbe5f6db075,3,False,pending
4eda84dc1df038bbd0b4,5959dbcb203592851e5b,3,False,pending
4eda84dc1df038bbd0b4,aac7d5d4fbe5645c3af1,0,False,pending
4eda84dc1df038bbd0b4,a7afddf396cf14f8cdd8,4,False,pending
4eda84dc1df038bbd0b4,208df034d912252c7f52,4,False,pending
4eda84dc1df038bbd0b4,16d7f8f71fa9eabcddf0,3,False,pending
804ab8fc4e6bfd32bde7,34410fea9b03811bf65a,3,False,pending
804ab8fc4e6bfd32bde7,63e9ab5dace568a5f4aa,3,False,pending
804ab8fc4e6bfd32bde7,ef41ed937659c9bb2766,4,False,pending
804ab8fc4e6bfd32bde7,5bc093a3f001357f679d,4,False,pending
804ab8fc4e6bfd32bde7,d77f23817bd4a10f9d83,4,False,pending
804ab8fc4e6bfd32bde7,f1d9bfe6dbfb84568e4f,4,False,pending
804ab8fc4e6bfd32bde7,c1fca949d36950739b7b,4,False,pending
804ab8fc4e6bfd32bde7,5936428fedd89689d116,1,False,pending
804ab8fc4e6bfd32bde7,e7dcbddabed640519d68,1,False,pending
804ab8fc4e6bfd32bde7,7d8db42a5e97d5589d55,2,False,pending
804ab8fc4e6bfd32bde7,602a74e2cbbe5f6db075,2,False,pending
804ab8fc4e6bfd32bde7,2a2150f509de4bf13601,3,False,pending
804ab8fc4e6bfd32bde7,bbd1358f8d9e87ea804e,3,False,pending
804ab8fc4e6bfd32bde7,2a39b1c4d445cb0b7a13,3,False,pending
804ab8fc4e6bfd32bde7,dc2e6f74246da650bc37,3,False,pending
804ab8fc4e6bfd32bde7,129a944207c344995698,3,False,pending
804ab8fc4e6bfd32bde7,d95c2db8f7e447b8f6b4,2,False,pending
804ab8fc4e6bfd32bde7,65699b8752db30197cb5,2,False,pending
804ab8fc4e6bfd32bde7,69c568e5d654f5f1a826,2,False,pending
804ab8fc4e6bfd32bde7,12b6fbf06c797c7b85a3,2,False,pending
804ab8fc4e6bfd32bde7,13afb8705ea22f110773,2,False,pending
804ab8fc4e6bfd32bde7,07d8053d60f360441935,2,False,pending
804ab8fc4e6bfd32bde7,aac7d5d4fbe5645c3af1,3,False,pending
804ab8fc4e6bfd32bde7,8f88eee1e9a55d164d4d,4,False,pending
804ab8fc4e6bfd32bde7,208df034d912252c7f52,1,False,pending
54f0e21e6dc245148eab,5936428fedd89689d116,4,False,pending
54f0e21e6dc245148eab,e7dcbddabed640519d68,4,False,pending
54f0e21e6dc245148eab,18c50a2a3196670163c5,3,False,pending
54f0e21e6dc245148eab,09613a31e9465c1e0c07,3,False,pending
54f0e21e6dc245148eab,2a39b1c4d445cb0b7a13,2,False,pending
54f0e21e6dc245148eab,dc2e6f74246da650bc37,2,False,pending
54f0e21e6dc245148eab,129a944207c344995698,2,False,pending
54f0e21e6dc245148eab,d95c2db8f7e447b8f6b4,3,False,pending
54f0e21e6dc245148eab,65699b8752db30197cb5,3,False,pending
54f0e21e6dc245148eab,69c568e5d654f5f1a826,3,False,pending
54f0e21e6dc245148eab,dfdd6ba5297f5a7340d4,3,False,pending
54f0e21e6dc245148eab,95bd03991bc498f5c217,3,False,pending
54f0e21e6dc245148eab,12b6fbf06c797c7b85a3,3,False,pending
54f0e21e6dc245148eab,13afb8705ea22f110773,3,False,pending
54f0e21e6dc245148eab,07d8053d60f360441935,3,False,pending
54f0e21e6dc245148eab,180af5297cfa94454c3d,2,False,pending
54f0e21e6dc245148eab,fc0f5e12500f64ab947c,2,False,pending
54f0e21e6dc245148eab,c6964591d000deb5100d,2,False,pending
54f0e21e6dc245148eab,208df034d912252c7f52,4,False,pending
54f0e21e6dc245148eab,c62a89224598f6801f1a,3,False,pending
54f0e21e6dc245148eab,3579cd0148e3dac5f5ee,3,False,pending
602cd0b96eb3d5bbc7c9,38aa76aac75906b9dbf6,3,False,pending
602cd0b96eb3d5bbc7c9,b637b15ca64607543b9e,3,False,pending
602cd0b96eb3d5bbc7c9,e316ef332fe4036a6443,3,False,pending
38aa76aac75906b9dbf6,43cbff87276f1cba7926,3,False,pending
38aa76aac75906b9dbf6,8af3cea2985442bb9cb4,3,False,pending
fb0904398ee9977a5a0c,ee34acbe0b0c10648460,1,False,pending
fb0904398ee9977a5a0c,20441a4342d6aa5aa583,1,False,pending
fb0904398ee9977a5a0c,dbe026ecc9ae8b0902e7,1,False,pending
2a894f64a87d1e17967e,680d0fabfe782b82cf2e,4,False,pending
2a894f64a87d1e17967e,3a7bbdcd4b6e7707d619,4,False,pending
2a894f64a87d1e17967e,cfe10c330018213ceeb7,4,False,pending
ee34acbe0b0c10648460,5bce80304ee34f4a3d84,1,False,pending
ee34acbe0b0c10648460,df0f53f0804e2e4f7b4d,1,False,pending
f6d577a986f8ab4fa732,d9f72e79bc8ad0b6f61f,4,False,pending
f6d577a986f8ab4fa732,070b8a6f185dbaf57353,4,False,pending
f6d577a986f8ab4fa732,71f03a7253f69bc2302f,4,False,pending
ea89afe7ce32cdb08c47,be7c13c576b7c4d02595,4,False,pending
ea89afe7ce32cdb08c47,215274620f1d9a46a33f,4,False,pending
ea89afe7ce32cdb08c47,9b30f6c470633d8457cc,4,False,pending
ea89afe7ce32cdb08c47,ddbe6836799d4709e922,4,False,pending
ea89afe7ce32cdb08c47,22b34cb908f9b5e4a98d,4,False,pending
ea89afe7ce32cdb08c47,2f0f44a41184233408d5,4,False,pending
ea89afe7ce32cdb08c47,44c4561dc23877ee9ed2,4,False,pending
ea89afe7ce32cdb08c47,2b8f4e71664d50ef6281,4,False,pending
ea89afe7ce32cdb08c47,6c0cb17ec3dfaedc9bd6,4,False,pending
ea89afe7ce32cdb08c47,0007da6f35f0a9ec5efc,4,False,pending
ea89afe7ce32cdb08c47,5fa4e19ab17cc058c92a,3,False,pending
ea89afe7ce32cdb08c47,308f1991bf931a815b73,3,False,pending
ea89afe7ce32cdb08c47,53a266297bb98f9ec28d,4,False,pending
ea89afe7ce32cdb08c47,df7436b090f7c9178603,4,False,pending
ea89afe7ce32cdb08c47,fbf8459c54b5e7e34aef,4,False,pending
ea89afe7ce32cdb08c47,d63e4b89254fd3d8c5f9,4,False,pending
ea89afe7ce32cdb08c47,ec29764946c1376cccbe,4,False,pending
ea89afe7ce32cdb08c47,9ba1ae2897dbda8a14a8,3,False,pending
ea89afe7ce32cdb08c47,ad1243412c8169e6cc30,3,False,pending
ea89afe7ce32cdb08c47,9baa6ef45158569a58ea,3,False,pending
ea89afe7ce32cdb08c47,cf3e12b4b2af6f3f02b0,3,False,pending
ea89afe7ce32cdb08c47,de29f740c1d96b65d168,3,False,pending
ea89afe7ce32cdb08c47,ecf2ec505f9549842f57,2,False,pending
ea89afe7ce32cdb08c47,3e2358dfe5ab88455987,2,False,pending
ea89afe7ce32cdb08c47,4e729c11518d047c1be5,2,False,pending
ea89afe7ce32cdb08c47,2a644f83f1c1d72ec383,2,False,pending
ea89afe7ce32cdb08c47,c747c7d9ac6a7331842d,2,False,pending
ea89afe7ce32cdb08c47,26319d33aa13c8b2511a,3,False,pending
ea89afe7ce32cdb08c47,7c10fc29b4b37e22ff5d,3,False,pending
ea89afe7ce32cdb08c47,7e419d059b3c29de905f,3,False,pending
ea89afe7ce32cdb08c47,a3a60bfc4d280dd7fa6a,3,False,pending
ea89afe7ce32cdb08c47,e0c6a0d62c0357010449,3,False,pending
ea89afe7ce32cdb08c47,57ece6052cb009ce34d3,3,False,pending
ea89afe7ce32cdb08c47,4afb928ef68fded20d0f,3,False,pending
ea89afe7ce32cdb08c47,61d78ce58476e4fae645,4,False,pending
ea89afe7ce32cdb08c47,997fe63890e15bbcc11f,4,False,pending
ea89afe7ce32cdb08c47,504c4495351aa465462d,4,False,pending
ea89afe7ce32cdb08c47,cf0a649f37817a9900d6,4,False,pending
ea89afe7ce32cdb08c47,4b00fd3983cf5315bdd2,4,False,pending
ea89afe7ce32cdb08c47,c96e3bcc8986f4a0001a,4,False,pending
ea89afe7ce32cdb08c47,b94caabc4b10487bdec5,4,False,pending
ea89afe7ce32cdb08c47,7263cae6e898bc7f20a8,3,False,pending
ea89afe7ce32cdb08c47,05e8c1eee0399894908c,4,False,pending
ea89afe7ce32cdb08c47,593775773d3c5912b25e,4,False,pending
ea89afe7ce32cdb08c47,335603eeb8e00360812a,4,False,pending
ea89afe7ce32cdb08c47,1fc549a3f42c99dd7b4f,3,False,pending
ea89afe7ce32cdb08c47,c263b10acbed7d9ce56e,2,False,pending
ea89afe7ce32cdb08c47,7dfa8a88e189555d71ca,3,False,pending
ea89afe7ce32cdb08c47,b77776a9914b2542a475,3,False,pending
ea89afe7ce32cdb08c47,a8381cf3831847e1b254,4,False,pending
ea89afe7ce32cdb08c47,70bfcd6593828bddbc28,4,False,pending
9a9113ff09908e959313,260ee6658dda00a39a58,3,False,pending
9a9113ff09908e959313,5781a352b1e8eb31da9a,2,False,pending
9a9113ff09908e959313,9f34410d1a7528b369dc,3,False,pending
16829a71b3132cd039a4,99186d60137fbd6bb1cb,4,False,pending
16829a71b3132cd039a4,7ccab505203e4b59a6cc,4,False,pending
16829a71b3132cd039a4,f6dddb304eef6320c1d2,2,False,pending
16829a71b3132cd039a4,9cc11aef7d7a027435b9,4,False,pending
16829a71b3132cd039a4,eeb39f399dd402df458a,3,False,pending
16829a71b3132cd039a4,9628786ca7e9426ad2a6,1,False,pending
16829a71b3132cd039a4,fb65844a6093eba4a67d,2,False,pending
16829a71b3132cd039a4,02dac60be3353d086fd4,4,False,pending
16829a71b3132cd039a4,e6e8d6ee89f6b3a68cb6,3,False,pending
16829a71b3132cd039a4,9b3a0ceb3e27aeb9ff54,4,False,pending
16829a71b3132cd039a4,2d187f3e52ff69ff948c,4,False,pending
16829a71b3132cd039a4,42c75b0f7a2c6fb1d4d8,2,False,pending
dc952a1014198b56f592,95d1b445396c49e5c1a3,3,False,pending
dc952a1014198b56f592,860b50d0f95407090009,3,False,pending
dc952a1014198b56f592,3d22f992f690654b0a39,4,False,pending
dc952a1014198b56f592,c9cc4419374e0e901fbf,4,False,pending
dc952a1014198b56f592,1bc6afa518a22e35bfa2,3,False,pending
352962871f0280894885,89caad4cf3678b593761,2,False,pending
352962871f0280894885,3ab3d54a667c91affb4c,2,False,pending
352962871f0280894885,3e5a624fe9a1c6d16582,0,False,pending
352962871f0280894885,f0dc5f44d73d4a67c85b,0,False,pending
352962871f0280894885,4f8ad92aac7320038fbf,4,False,pending
352962871f0280894885,1624e9823b743376c750,4,False,pending
352962871f0280894885,8247d18a615e2760ea7f,4,False,pending
352962871f0280894885,38360eaf0d594db924f2,4,False,pending
352962871f0280894885,cbeded38866e29e09ab1,4,False,pending
352962871f0280894885,00f0f2b6c5b43cc18a89,4,False,pending
ea364668579c7ff7dadb,7df0fb936ba680fba4cf,4,False,pending
ea364668579c7ff7dadb,1624e9823b743376c750,4,False,pending
ea364668579c7ff7dadb,06d1a28ed5a5f972bf01,4,False,pending
ea364668579c7ff7dadb,cbeded38866e29e09ab1,4,False,pending
d7c3fbf817626413fa72,1624e9823b743376c750,1,False,pending
d7c3fbf817626413fa72,40e963f27f8cace5a269,2,False,pending
d7c3fbf817626413fa72,06d1a28ed5a5f972bf01,3,False,pending
d7c3fbf817626413fa72,cbeded38866e29e09ab1,1,False,pending
9384bb94fac3222a70e3,9be23342ee406607c718,3,False,pending
9384bb94fac3222a70e3,5bae11ca5a0b1cc2c6ce,4,False,pending
2d40dbc33e84c784919f,c891e465168e35688f82,4,False,pending
b340a589007094c35e2d,89caad4cf3678b593761,4,False,pending
b340a589007094c35e2d,3ab3d54a667c91affb4c,4,False,pending
b340a589007094c35e2d,56b1ea2958e78fc23f47,0,False,pending
76f499e05072650c4d29,8dd852274feea10643be,3,False,pending
76f499e05072650c4d29,cc996a64e503c78b762d,3,False,pending
b2dedae158852dd6ee31,ba0941b80f0e0e34081c,4,False,pending
b2dedae158852dd6ee31,f15c9aee84a01a6cf298,4,False,pending
b2dedae158852dd6ee31,44ea6a459e8cb9696e06,4,False,pending
02883e5fd6bb8d443b4b,94e4ac441b1a1e945937,1,False,pending
02883e5fd6bb8d443b4b,be8c8195d9c36c6528b4,4,False,pending
02883e5fd6bb8d443b4b,7b1f7838b3184aa3b3a9,4,False,pending
02883e5fd6bb8d443b4b,2815d94a97d123b33bb2,3,False,pending
01d6a14e2d097588b1ae,5cfcf179e68c837adad3,3,False,pending
01d6a14e2d097588b1ae,7ffab9d58cd447dfdca8,1,False,pending
01d6a14e2d097588b1ae,88afe0c7ce5b6836252d,4,False,pending
0073e22b1fc9bf6a2714,561a7fc7f7ceb8b8dc12,3,False,pending
0073e22b1fc9bf6a2714,0a20cddb270e08f8d238,2,False,pending
0073e22b1fc9bf6a2714,cfa79f38d2423f444c74,4,False,pending
0073e22b1fc9bf6a2714,5b29fe0936e1b8edf838,4,False,pending
0073e22b1fc9bf6a2714,58a284cac03b2d6e7142,4,False,pending
0073e22b1fc9bf6a2714,93341a75c1502fc961f9,3,False,pending
0073e22b1fc9bf6a2714,2449b65b6155edc3b536,3,False,pending
0073e22b1fc9bf6a2714,a760fcd6ea4bee5b7e64,2,False,pending
0073e22b1fc9bf6a2714,b4b1e5696f223a31804f,2,False,pending
561a7fc7f7ceb8b8dc12,0a20cddb270e08f8d238,1,False,pending
561a7fc7f7ceb8b8dc12,cfa79f38d2423f444c74,1,False,pending
561a7fc7f7ceb8b8dc12,5b29fe0936e1b8edf838,1,False,pending
561a7fc7f7ceb8b8dc12,bdd90793b53f47c2a29c,2,False,pending
561a7fc7f7ceb8b8dc12,2449b65b6155edc3b536,0,False,pending
561a7fc7f7ceb8b8dc12,a760fcd6ea4bee5b7e64,1,False,pending
39b50087033b5934ae78,498f0f82d47db2afc70b,3,False,pending
39b50087033b5934ae78,40beae499a674359369c,3,False,pending
39b50087033b5934ae78,a89ce9320967bba35488,3,False,pending
39b50087033b5934ae78,cf0a70993991cb0b19a5,3,False,pending
39b50087033b5934ae78,1ae19c535877d7279676,4,False,pending
39b50087033b5934ae78,e4c77d72c077a4fb2570,2,False,pending
da7831eecac02eb78cd3,c124361868b3ea9089af,4,False,pending
7691cac7afdfca0409c9,cf0bc3fbc0ccb5950873,4,False,pending
7691cac7afdfca0409c9,0118fe495b9b1a9ba85e,4,False,pending
7691cac7afdfca0409c9,7233b2a0e96134f82bdc,4,False,pending
7691cac7afdfca0409c9,c8057873497db8e8974f,4,False,pending
7691cac7afdfca0409c9,3d390468c9b282640c8f,4,False,pending
7691cac7afdfca0409c9,bf24a5b1638d7823cb9b,4,False,pending
7691cac7afdfca0409c9,e80b9ba05e5a5bbd6ac7,4,False,pending
7691cac7afdfca0409c9,9ad53691f90f18f2c290,4,False,pending
7691cac7afdfca0409c9,abbb00998481c4fb0004,3,False,pending
7691cac7afdfca0409c9,b0491ebb72da05fafe85,3,False,pending
7691cac7afdfca0409c9,ebccab9eff05b67553da,4,False,pending
cf0bc3fbc0ccb5950873,f075430406a12c94895a,2,False,pending
cf0bc3fbc0ccb5950873,3d390468c9b282640c8f,4,False,pending
cf0bc3fbc0ccb5950873,6004ea7333e3db474691,3,False,pending
cf0bc3fbc0ccb5950873,e5d166921e4c2f93e367,4,False,pending
cf0bc3fbc0ccb5950873,7b5b142a29f0c2cfa280,4,False,pending
cf0bc3fbc0ccb5950873,53bafb86c88574385e06,4,False,pending
f075430406a12c94895a,3d390468c9b282640c8f,4,False,pending
f075430406a12c94895a,ae7def85fca3318f0674,4,False,pending
f075430406a12c94895a,f76c3206ad698a5a95c7,4,False,pending
f075430406a12c94895a,6004ea7333e3db474691,3,False,pending
f075430406a12c94895a,e5d166921e4c2f93e367,4,False,pending
f075430406a12c94895a,7b5b142a29f0c2cfa280,4,False,pending
f075430406a12c94895a,d62b3fcb81591cd1ff13,3,False,pending
f075430406a12c94895a,53bafb86c88574385e06,4,False,pending
f075430406a12c94895a,495f9f69e93c3c756528,3,False,pending
f075430406a12c94895a,bc1a0d24ffdce6195fc7,4,False,pending
f075430406a12c94895a,4e5ca2a14be3b765c4ca,4,False,pending
f075430406a12c94895a,ee66d0a83e49db5cbc79,3,False,pending
0ca61e8c60d96347acff,5794cdbe0e515475217c,3,False,pending
0ca61e8c60d96347acff,3ebf32b42701afcc381f,1,False,pending
0ca61e8c60d96347acff,ea2dbf4d7e40c91e584e,3,False,pending
0ca61e8c60d96347acff,c350944f374dc1caee94,3,False,pending
0ca61e8c60d96347acff,36757bee3327ac4dad26,1,False,pending
0ca61e8c60d96347acff,eab600067aa30d99f788,1,False,pending
0ca61e8c60d96347acff,d9e9c4364829af3818b5,2,False,pending
0ca61e8c60d96347acff,1196bce24f1eb099a755,2,False,pending
0ca61e8c60d96347acff,aaae494cf29f9ac0ffe3,1,False,pending
0ca61e8c60d96347acff,afebe7935ccc160972f3,4,False,pending
5794cdbe0e515475217c,3ebf32b42701afcc381f,4,False,pending
5794cdbe0e515475217c,ea2dbf4d7e40c91e584e,4,False,pending
5794cdbe0e515475217c,c350944f374dc1caee94,4,False,pending
5794cdbe0e515475217c,36757bee3327ac4dad26,4,False,pending
5794cdbe0e515475217c,eab600067aa30d99f788,2,False,pending
5794cdbe0e515475217c,1196bce24f1eb099a755,3,False,pending
5794cdbe0e515475217c,aaae494cf29f9ac0ffe3,4,False,pending
5794cdbe0e515475217c,afebe7935ccc160972f3,3,False,pending
e3809afc735f0fdd912b,0118fe495b9b1a9ba85e,4,False,pending
e3809afc735f0fdd912b,17d21808c5d9e0482090,2,False,pending
e3809afc735f0fdd912b,9413d0061afaec293d42,3,False,pending
e3809afc735f0fdd912b,604d4c187407b76fe574,2,False,pending
e3809afc735f0fdd912b,33cba6db8643759acc10,1,False,pending
e3809afc735f0fdd912b,9e0a33541966b114a11d,3,False,pending
e3809afc735f0fdd912b,423df0ac0ef55c66bc9d,3,False,pending
206abe4469cf5266eca4,0da06a39904b832254ad,4,False,pending
206abe4469cf5266eca4,2053450b5f1bbf54a739,4,False,pending
3c641b523aa01d0961ed,0118fe495b9b1a9ba85e,3,False,pending
3c641b523aa01d0961ed,81e541c78e185793a1e9,2,False,pending
3c641b523aa01d0961ed,bf24a5b1638d7823cb9b,3,False,pending
3c641b523aa01d0961ed,0821c658dd5279f7ab92,3,False,pending
3c641b523aa01d0961ed,db7d1730d1181b3e3e3c,3,False,pending
3c641b523aa01d0961ed,377947e8918ea7aa0a4a,4,False,pending
3c641b523aa01d0961ed,3827dcc0f964b0e05f95,1,False,pending
3c641b523aa01d0961ed,33b7b643cd44e2648460,1,False,pending
3c641b523aa01d0961ed,604d4c187407b76fe574,3,False,pending
3c641b523aa01d0961ed,190b8b321647aad52e05,4,False,pending
3c641b523aa01d0961ed,3d0c34c17b8ccefc63b8,2,False,pending
3c641b523aa01d0961ed,f220dd21e490915ec54c,4,False,pending
3c641b523aa01d0961ed,55f9b63f6ad6eecc88e4,4,False,pending
3c641b523aa01d0961ed,6b76395eea5ed7c413f5,3,False,pending
3c641b523aa01d0961ed,33cba6db8643759acc10,4,False,pending
3c641b523aa01d0961ed,3f2b2cbe9581f418e170,4,False,pending
3c641b523aa01d0961ed,03d5194913e42f0cd157,4,False,pending
3c641b523aa01d0961ed,4dc4f16b20f9c13fec68,3,False,pending
3c641b523aa01d0961ed,f6cec486fcc803775ac9,4,False,pending
3c641b523aa01d0961ed,cf4a01655dd72a09c83e,4,False,pending
3c641b523aa01d0961ed,db49cabc148b2452ca2f,4,False,pending
3c641b523aa01d0961ed,423df0ac0ef55c66bc9d,4,False,pending
3c641b523aa01d0961ed,e0070e9876c4d2176c57,3,False,pending
3c641b523aa01d0961ed,641c8c9cfed1b13ac4b0,3,False,pending
3c641b523aa01d0961ed,011f195c7f1e51e6a659,3,False,pending
3c641b523aa01d0961ed,7203fab706ba9902b453,3,False,pending
afc0675d6bea1b472675,70ae91e57f53bbe4e7e6,4,False,pending
afc0675d6bea1b472675,98471be2a01f3e1f216b,4,False,pending
afc0675d6bea1b472675,d5b2ea1effcad07b33dc,4,False,pending
afc0675d6bea1b472675,ca870bce05b41ac5bb4d,4,False,pending
40fc79ba7a4b09c96f7f,7233b2a0e96134f82bdc,3,False,pending
40fc79ba7a4b09c96f7f,190b8b321647aad52e05,4,False,pending
40fc79ba7a4b09c96f7f,e38ed8664a13b9852eea,4,False,pending
40fc79ba7a4b09c96f7f,f6cec486fcc803775ac9,2,False,pending
40fc79ba7a4b09c96f7f,cf4a01655dd72a09c83e,4,False,pending
40fc79ba7a4b09c96f7f,ae7def85fca3318f0674,1,False,pending
40fc79ba7a4b09c96f7f,f76c3206ad698a5a95c7,1,False,pending
40fc79ba7a4b09c96f7f,6004ea7333e3db474691,4,False,pending
40fc79ba7a4b09c96f7f,abbb00998481c4fb0004,4,False,pending
40fc79ba7a4b09c96f7f,b0491ebb72da05fafe85,4,False,pending
40fc79ba7a4b09c96f7f,e0070e9876c4d2176c57,3,False,pending
40fc79ba7a4b09c96f7f,ebccab9eff05b67553da,3,False,pending
40fc79ba7a4b09c96f7f,bc1a0d24ffdce6195fc7,1,False,pending
40fc79ba7a4b09c96f7f,4e5ca2a14be3b765c4ca,3,False,pending
340d7a13e8079a96680c,d3e021ef853576380b1a,1,False,pending
340d7a13e8079a96680c,cc73c0bb36c055b230bd,3,False,pending
340d7a13e8079a96680c,b559a9bf42b3cd1bcfda,3,False,pending
b94e660360227c94d474,9f83df569e6d5f0d81ef,4,False,pending
b94e660360227c94d474,a9061d9088e59d1c4e67,4,False,pending
b94e660360227c94d474,c6a6c229ca57486f2aa9,4,False,pending
c5a537563ff60e88f27d,a9061d9088e59d1c4e67,2,False,pending
85ecc665dd1f6bf2db6e,609655277a31f0f17cf2,1,False,pending
b23159e183df0838e82f,f493141c3c7c6b1a0b9a,4,False,pending
37741f2d0e53010003bc,d9c7d3c85c06487f5995,1,False,pending
3c97696ef3b8689201c2,dda306c05f39ef475cd6,4,False,pending
e49437115aa9d1e0903c,b8e56048450314e755bd,4,False,pending
bfca12fc24defc00c84e,df1422a81f0154ce777d,3,False,pending
bfca12fc24defc00c84e,0eb52f5b30627b7d665e,4,False,pending
02dbb83225a55951d0bc,51a423faaaea31986e69,1,False,pending
02dbb83225a55951d0bc,f3458100ead9a7909d36,1,False,pending
02dbb83225a55951d0bc,c98177bba84c65d9300a,4,False,pending
02dbb83225a55951d0bc,4050277b19878dc1e9d2,4,False,pending
02dbb83225a55951d0bc,2cf5890ac545523c8474,4,False,pending
b6e060640d5d3b502a35,38e3be5541fba836d8e3,4,False,pending
b6e060640d5d3b502a35,5be0427c71389918c05a,3,False,pending
b6e060640d5d3b502a35,fcfbf93099a5ec1f3504,2,False,pending
b6e060640d5d3b502a35,b5185c64da5f81535a23,2,False,pending
51a423faaaea31986e69,f3458100ead9a7909d36,2,False,pending
51a423faaaea31986e69,b461e82d7d9c49adb4a9,4,False,pending
c9206e04fd3d9d814942,08a404561dc8e408c9ca,3,False,pending
c9206e04fd3d9d814942,fc5d4eaa38669a0a38dd,3,False,pending
8cb1b24231524d9f0306,f857a4d0fe4861362690,4,False,pending
8cb1b24231524d9f0306,c46c1a7413bbe3481cef,1,False,pending
627f1a579043a9eff364,4466574a77d2d3ca9c3d,4,False,pending
1da0f35ae5e8a81ebb15,303317f9531987187d18,2,False,pending
1da0f35ae5e8a81ebb15,5d6579dc042fa2908bf6,1,False,pending
1da0f35ae5e8a81ebb15,1560bdecf964f5857dc8,3,False,pending
1da0f35ae5e8a81ebb15,73ed42c55f512acd2b6b,4,False,pending
10692cf48be0d6026316,8e00fae240085861a051,4,False,pending
10692cf48be0d6026316,2b751cc48d0f4c7ad80f,3,False,pending
10692cf48be0d6026316,c86a975b00ddfb98a772,3,False,pending
10692cf48be0d6026316,5abf75e3e63c14257823,3,False,pending
10692cf48be0d6026316,ef87d2efcb6d23d65eb2,4,False,pending
f6df8dc02a413cd66862,8e00fae240085861a051,4,False,pending
f6df8dc02a413cd66862,2b751cc48d0f4c7ad80f,3,False,pending
f6df8dc02a413cd66862,c86a975b00ddfb98a772,3,False,pending
f6df8dc02a413cd66862,5abf75e3e63c14257823,3,False,pending
f6df8dc02a413cd66862,ef87d2efcb6d23d65eb2,4,False,pending
ce7a9c289d99bcc2964a,eda1f28cfe6e3d29e32d,4,False,pending
ce7a9c289d99bcc2964a,dcca8c0ed245f93a44f4,2,False,pending
ce7a9c289d99bcc2964a,27f7fc60935e15445c36,3,False,pending
ce7a9c289d99bcc2964a,31e3713c5c4fdcfbbc58,2,False,pending
ce7a9c289d99bcc2964a,8779ee5e6bb2c50a564d,2,False,pending
ce7a9c289d99bcc2964a,761341eb65c379faf656,2,False,pending
ce7a9c289d99bcc2964a,dc5e5bf4768f92784ff5,2,False,pending
edb584320c09c942c4db,4abe09caa11ef3c3b599,4,False,pending
edb584320c09c942c4db,775a99448a4aeaf982d0,4,False,pending
eda1f28cfe6e3d29e32d,8779ee5e6bb2c50a564d,2,False,pending
c15f1a92c64cf3fb38d6,559b252910fc4cf80ec3,1,False,pending
d1fd35755b617aa3d1d4,9db77082b410cbcea325,4,False,pending
d1fd35755b617aa3d1d4,b1f13d5008ba4e8d1957,3,False,pending
d1fd35755b617aa3d1d4,47e3eae457ad3cb41406,4,False,pending
d1fd35755b617aa3d1d4,311f8b28096c10acc5f6,3,False,pending
d1fd35755b617aa3d1d4,4184ba5e931b93c0b229,3,False,pending
d1fd35755b617aa3d1d4,ea1a9c375539de5e45ab,4,False,pending
d1fd35755b617aa3d1d4,78d08e82d3858fd5b2b4,4,False,pending
d1fd35755b617aa3d1d4,acb714545cc50bb6d593,4,False,pending
d1fd35755b617aa3d1d4,30b190f43d3d2333a6cc,4,False,pending
af90cafa05dc4a5c10d8,c3fff9dfc3b9f2003d5c,0,False,pending
af90cafa05dc4a5c10d8,ccae127b88b09ea97172,4,False,pending
af90cafa05dc4a5c10d8,2777ef3d44c7cafa0dc1,4,False,pending
af90cafa05dc4a5c10d8,5ea452fe8b87faafad68,3,False,pending
2fa51afc07baf0b48c1c,8b7e98f1d1b4dba7f562,3,False,pending
2fa51afc07baf0b48c1c,2777ef3d44c7cafa0dc1,4,False,pending
2fa51afc07baf0b48c1c,06755166e2bc0b62761b,4,False,pending
2fa51afc07baf0b48c1c,c44a256a1912e70106e1,3,False,pending
2fa51afc07baf0b48c1c,4eeed85a72c6346b6afe,2,False,pending
2fa51afc07baf0b48c1c,f3f90f1453d381d73743,2,False,pending
2fa51afc07baf0b48c1c,713e93effb684abb7c81,1,False,pending
2fa51afc07baf0b48c1c,b156b117ba2e4497ea91,2,False,pending
2fa51afc07baf0b48c1c,436e493650eddb7347a9,2,False,pending
78547e42e0e9960112b3,514bc4ac9e7cc44cc2fe,4,False,pending
78547e42e0e9960112b3,c34e316da47e6e0029c3,1,False,pending
78547e42e0e9960112b3,28b62f8f27ec343e82b7,3,False,pending
78547e42e0e9960112b3,f4327f098222d348a83e,0,False,pending
78547e42e0e9960112b3,058348024fb95672a137,0,False,pending
78547e42e0e9960112b3,cbb7110b91a9370f192d,3,False,pending
78547e42e0e9960112b3,9acdb53012b6fed5392f,2,False,pending
78547e42e0e9960112b3,fc9124088143415d3338,4,False,pending
78547e42e0e9960112b3,b72f34bc6dab4fcd58aa,4,False,pending
78547e42e0e9960112b3,4c783ea20c97fbef577f,2,False,pending
78547e42e0e9960112b3,f3f90f1453d381d73743,4,False,pending
78547e42e0e9960112b3,597830f41b5091ed7a26,3,False,pending
78547e42e0e9960112b3,436e493650eddb7347a9,4,False,pending
514bc4ac9e7cc44cc2fe,c34e316da47e6e0029c3,3,False,pending
514bc4ac9e7cc44cc2fe,f4327f098222d348a83e,4,False,pending
514bc4ac9e7cc44cc2fe,058348024fb95672a137,4,False,pending
514bc4ac9e7cc44cc2fe,9acdb53012b6fed5392f,4,False,pending
514bc4ac9e7cc44cc2fe,dbbf8e7e09f38256486c,3,False,pending
514bc4ac9e7cc44cc2fe,fc9124088143415d3338,0,False,pending
514bc4ac9e7cc44cc2fe,b72f34bc6dab4fcd58aa,2,False,pending
514bc4ac9e7cc44cc2fe,4c783ea20c97fbef577f,2,False,pending
514bc4ac9e7cc44cc2fe,f3f90f1453d381d73743,4,False,pending
514bc4ac9e7cc44cc2fe,eb94d278af284ca46e8c,3,False,pending
514bc4ac9e7cc44cc2fe,597830f41b5091ed7a26,1,False,pending
514bc4ac9e7cc44cc2fe,436e493650eddb7347a9,4,False,pending
514bc4ac9e7cc44cc2fe,c7e23242b4d66f5bd7d8,2,False,pending
514bc4ac9e7cc44cc2fe,c9c0587ca012821d5b64,3,False,pending
8b57c5326614c07b9aca,45855ef89ec3bf0fc6a7,4,False,pending
8b57c5326614c07b9aca,b7447f4a36761f662107,3,False,pending
8b57c5326614c07b9aca,dea91990a9dfa5a368ff,4,False,pending
8b57c5326614c07b9aca,5109113c767c12433558,2,False,pending
8b57c5326614c07b9aca,4931d14f9c6617657eed,2,False,pending
8b57c5326614c07b9aca,4be5b95d2df095a074d5,2,False,pending
6cdc7c8a70676b7f43ad,65e5bc0e74e1a847673e,0,False,pending
6cdc7c8a70676b7f43ad,0b377fbb81f0b71b6e2b,0,False,pending
6cdc7c8a70676b7f43ad,3929c0a3aed813fc9ba2,3,False,pending
65e5bc0e74e1a847673e,d6fa823e974eb39811a3,0,False,pending
65e5bc0e74e1a847673e,0b377fbb81f0b71b6e2b,0,False,pending
65e5bc0e74e1a847673e,3929c0a3aed813fc9ba2,3,False,pending
7fd7cfaf4f2eb7ab834b,1ae2eb8d41e6c1be706e,4,False,pending
7fd7cfaf4f2eb7ab834b,f70e2a7199595c4e08e3,3,False,pending
7fd7cfaf4f2eb7ab834b,ba55ad1fbfe02964709b,3,False,pending
7fd7cfaf4f2eb7ab834b,0aa2898c5d4a62c3e12f,4,False,pending
b9e645cf52ed04edece9,038aa4c4440195e75205,4,False,pending
b9e645cf52ed04edece9,5f955a0ad23f67df79ed,3,False,pending
b9e645cf52ed04edece9,1d382e383aaa56d8a8f5,3,False,pending
b9e645cf52ed04edece9,8ae957f2acfdaa595905,1,False,pending
b9e645cf52ed04edece9,6137e63e8b91916290b4,4,False,pending
b9e645cf52ed04edece9,433001cc421372c9f259,4,False,pending
b9e645cf52ed04edece9,cdc2e99a52bc2c4bf5cc,4,False,pending
b9e645cf52ed04edece9,651c7db8427aaf2cee9f,4,False,pending
b9e645cf52ed04edece9,4e4de07921fd2f9ee453,2,False,pending
b9e645cf52ed04edece9,5bf4f67ac535ceb382b0,2,False,pending
00fcac8a51ec7531d083,783bdc7261ecf6eb6182,4,False,pending
00fcac8a51ec7531d083,2280f728685c1c722135,4,False,pending
00fcac8a51ec7531d083,ed467d02234c376b5213,4,False,pending
00fcac8a51ec7531d083,2c71eb5e27aea6556fde,3,False,pending
00fcac8a51ec7531d083,bd50ad4f11891e857f18,3,False,pending
00fcac8a51ec7531d083,d8cf5946a3e725ef73fd,2,False,pending
00fcac8a51ec7531d083,6137e63e8b91916290b4,4,False,pending
00fcac8a51ec7531d083,433001cc421372c9f259,4,False,pending
00fcac8a51ec7531d083,cdc2e99a52bc2c4bf5cc,4,False,pending
00fcac8a51ec7531d083,d5ec6660590df3bed395,3,False,pending
00fcac8a51ec7531d083,781b03371eb909e22545,4,False,pending
00fcac8a51ec7531d083,14802deb03224c6a1460,4,False,pending
00fcac8a51ec7531d083,651c7db8427aaf2cee9f,2,False,pending
00fcac8a51ec7531d083,963fec2a4f00c73c5f6e,3,False,pending
00fcac8a51ec7531d083,5bf4f67ac535ceb382b0,4,False,pending
00fcac8a51ec7531d083,d200889af0cd34953b1f,4,False,pending
783bdc7261ecf6eb6182,bd50ad4f11891e857f18,3,False,pending
783bdc7261ecf6eb6182,d8cf5946a3e725ef73fd,4,False,pending
783bdc7261ecf6eb6182,651c7db8427aaf2cee9f,4,False,pending
783bdc7261ecf6eb6182,baf50164c778bf11f472,1,False,pending
2280f728685c1c722135,5067525a0c0d6c5adff5,4,False,pending
2280f728685c1c722135,2c71eb5e27aea6556fde,1,False,pending
2280f728685c1c722135,bd50ad4f11891e857f18,3,False,pending
2280f728685c1c722135,d8cf5946a3e725ef73fd,2,False,pending
2280f728685c1c722135,6137e63e8b91916290b4,2,False,pending
2280f728685c1c722135,433001cc421372c9f259,2,False,pending
2280f728685c1c722135,cdc2e99a52bc2c4bf5cc,2,False,pending
2280f728685c1c722135,d5ec6660590df3bed395,3,False,pending
2280f728685c1c722135,c95f71b8878058b16a37,4,False,pending
2280f728685c1c722135,651c7db8427aaf2cee9f,4,False,pending
2280f728685c1c722135,5bf4f67ac535ceb382b0,4,False,pending
7caa8247a10baed7c1ec,16a5dbbd29b83fa748d4,4,False,pending
7caa8247a10baed7c1ec,87f9c24a0928237dbfb0,4,False,pending
5e9263c2f27a0f1cd363,c11626509eaf7fdff2a4,0,False,pending
5e9263c2f27a0f1cd363,c05397a2b67f2a4368e9,4,False,pending
5e9263c2f27a0f1cd363,14802deb03224c6a1460,3,False,pending
5e9263c2f27a0f1cd363,ef03e899d6916a4f3740,4,False,pending
5e9263c2f27a0f1cd363,57be040b50c4456e546f,4,False,pending
5e9263c2f27a0f1cd363,7a4dd69ae21830332880,3,False,pending
5e9263c2f27a0f1cd363,ecf490671ef2a462f565,2,False,pending
5e9263c2f27a0f1cd363,61f822489e871cbd8a18,3,False,pending
5e9263c2f27a0f1cd363,963fec2a4f00c73c5f6e,4,False,pending
5e9263c2f27a0f1cd363,1906ae5373b7dbf959c3,4,False,pending
5e9263c2f27a0f1cd363,60f9a82a90c0d0702e0f,4,False,pending
c11626509eaf7fdff2a4,c05397a2b67f2a4368e9,4,False,pending
c11626509eaf7fdff2a4,14802deb03224c6a1460,3,False,pending
c11626509eaf7fdff2a4,ef03e899d6916a4f3740,4,False,pending
c11626509eaf7fdff2a4,57be040b50c4456e546f,4,False,pending
c11626509eaf7fdff2a4,7a4dd69ae21830332880,3,False,pending
c11626509eaf7fdff2a4,ecf490671ef2a462f565,2,False,pending
c11626509eaf7fdff2a4,61f822489e871cbd8a18,3,False,pending
c11626509eaf7fdff2a4,963fec2a4f00c73c5f6e,4,False,pending
c11626509eaf7fdff2a4,1906ae5373b7dbf959c3,4,False,pending
c11626509eaf7fdff2a4,60f9a82a90c0d0702e0f,4,False,pending
f7e91131d36403f00653,c8f5286362203b7dba73,2,False,pending
f7e91131d36403f00653,c9c40d0d23a18eee7f6c,4,False,pending
f7e91131d36403f00653,781b03371eb909e22545,4,False,pending
f7e91131d36403f00653,7a4dd69ae21830332880,4,False,pending
f7e91131d36403f00653,fa652d522e59e4c47489,4,False,pending
f7e91131d36403f00653,c8bc21b47b8dfa263983,4,False,pending
f7e91131d36403f00653,96775373faac02314154,4,False,pending
f7e91131d36403f00653,74f3024730c0ae36d0c3,2,False,pending
f7e91131d36403f00653,3e55c098af89198717c9,3,False,pending
f7e91131d36403f00653,2b87534f02a9823ac8d8,3,False,pending
f7e91131d36403f00653,9a5972ea25e051f0cb48,3,False,pending
f7e91131d36403f00653,76122c9f61b8750e4c62,2,False,pending
f7e91131d36403f00653,046859c1c2fd9654f242,2,False,pending
f7e91131d36403f00653,8e9e43a515d09fbbb50d,3,False,pending
f7e91131d36403f00653,ec912d7c1025433977c7,2,False,pending
f7e91131d36403f00653,5e7b7ff8f9b72d5e1c84,3,False,pending
f7e91131d36403f00653,484e2a69f1a51892e0a5,3,False,pending
f7e91131d36403f00653,dfdb0f4da777a7013bac,3,False,pending
f7e91131d36403f00653,789a012e661120910223,4,False,pending
f7e91131d36403f00653,1605553a34e57ac7347b,4,False,pending
f7e91131d36403f00653,4e53530df9daad392968,4,False,pending
f7e91131d36403f00653,18de7c43e0cef6718eec,4,False,pending
f7e91131d36403f00653,d941796a03bd4903bd9e,2,False,pending
f7e91131d36403f00653,d03695c649ff8f564205,1,False,pending
f7e91131d36403f00653,39d97fe3a4a580c8525f,1,False,pending
f7e91131d36403f00653,e82abb15272c9f6046aa,4,False,pending
c8f5286362203b7dba73,c9c40d0d23a18eee7f6c,4,False,pending
c8f5286362203b7dba73,4cfd0455f17437c1b51b,3,False,pending
c8f5286362203b7dba73,3a713071b7f29d69ca6e,4,False,pending
c8f5286362203b7dba73,781b03371eb909e22545,4,False,pending
c8f5286362203b7dba73,7a4dd69ae21830332880,4,False,pending
c8f5286362203b7dba73,fa652d522e59e4c47489,2,False,pending
c8f5286362203b7dba73,c8bc21b47b8dfa263983,2,False,pending
c8f5286362203b7dba73,7bc014abafa3ab1a93b2,3,False,pending
c8f5286362203b7dba73,4899474f6624448339d5,3,False,pending
c8f5286362203b7dba73,8d0d2e0d9a4c9fb26dcf,4,False,pending
c8f5286362203b7dba73,fa9c7ad6746b3b1159bb,4,False,pending
c8f5286362203b7dba73,96775373faac02314154,2,False,pending
c8f5286362203b7dba73,74f3024730c0ae36d0c3,0,False,pending
c8f5286362203b7dba73,3e55c098af89198717c9,1,False,pending
c8f5286362203b7dba73,2b87534f02a9823ac8d8,1,False,pending
c8f5286362203b7dba73,9a5972ea25e051f0cb48,1,False,pending
c8f5286362203b7dba73,76122c9f61b8750e4c62,0,False,pending
c8f5286362203b7dba73,046859c1c2fd9654f242,0,False,pending
c8f5286362203b7dba73,8e9e43a515d09fbbb50d,1,False,pending
c8f5286362203b7dba73,ec912d7c1025433977c7,4,False,pending
c8f5286362203b7dba73,5e7b7ff8f9b72d5e1c84,3,False,pending
c8f5286362203b7dba73,484e2a69f1a51892e0a5,3,False,pending
c8f5286362203b7dba73,dfdb0f4da777a7013bac,3,False,pending
c8f5286362203b7dba73,59ab979a5d840b82a137,4,False,pending
c8f5286362203b7dba73,4e53530df9daad392968,4,False,pending
c8f5286362203b7dba73,29e20af7223f62d58366,3,False,pending
c8f5286362203b7dba73,f7650498eba905e2109b,4,False,pending
c8f5286362203b7dba73,3d85d8318f370d53a5ba,4,False,pending
c8f5286362203b7dba73,a459c33b02d141a9ab19,4,False,pending
c8f5286362203b7dba73,1906ae5373b7dbf959c3,3,False,pending
c8f5286362203b7dba73,54e61ade16391dd5d586,4,False,pending
c8f5286362203b7dba73,18de7c43e0cef6718eec,4,False,pending
c8f5286362203b7dba73,d941796a03bd4903bd9e,0,False,pending
c8f5286362203b7dba73,d03695c649ff8f564205,3,False,pending
c8f5286362203b7dba73,39d97fe3a4a580c8525f,1,False,pending
c8f5286362203b7dba73,e82abb15272c9f6046aa,4,False,pending
26fa8dbf62cc722d7223,17c3342b57228c8f82c5,4,False,pending
e3c10bc8ce8ec28675a5,2e6caf2974870f3a09a3,4,False,pending
e3c10bc8ce8ec28675a5,bb9b1d395e079335c773,0,False,pending
e3c10bc8ce8ec28675a5,7e9d90974d45d1ad4d68,0,False,pending
e3c10bc8ce8ec28675a5,017b30dc4e277f9ec395,2,False,pending
e3c10bc8ce8ec28675a5,17c8931bac2e5e49340d,4,False,pending
e3c10bc8ce8ec28675a5,87464d775c98ded95e8d,0,False,pending
2e6caf2974870f3a09a3,43ae5e109278c672ee29,4,False,pending
2e6caf2974870f3a09a3,ca63ccc710f0ff807144,4,False,pending
2e6caf2974870f3a09a3,bb9b1d395e079335c773,4,False,pending
2e6caf2974870f3a09a3,7e9d90974d45d1ad4d68,4,False,pending
2e6caf2974870f3a09a3,017b30dc4e277f9ec395,4,False,pending
2e6caf2974870f3a09a3,28162d1f9a6515239497,4,False,pending
2e6caf2974870f3a09a3,87464d775c98ded95e8d,4,False,pending
6494895890f179a3ac1b,7fdecbc9d19bd2d3efc9,3,False,pending
7fdecbc9d19bd2d3efc9,17c8931bac2e5e49340d,4,False,pending
c9c40d0d23a18eee7f6c,74f3024730c0ae36d0c3,4,False,pending
c9c40d0d23a18eee7f6c,76122c9f61b8750e4c62,4,False,pending
c9c40d0d23a18eee7f6c,046859c1c2fd9654f242,4,False,pending
c9c40d0d23a18eee7f6c,dfdb0f4da777a7013bac,1,False,pending
c9c40d0d23a18eee7f6c,f0bdee2819912caef661,3,False,pending
c9c40d0d23a18eee7f6c,d941796a03bd4903bd9e,4,False,pending
c9c40d0d23a18eee7f6c,a56593060e60dc141471,2,False,pending
cf5eda160bddb48e7ee1,2bed734804c53b098606,3,False,pending
cf5eda160bddb48e7ee1,6de273f24bb05f1f8e8b,4,False,pending
cf5eda160bddb48e7ee1,ba603f58ebba86034bc0,3,False,pending
cf5eda160bddb48e7ee1,47ee8ee65bfe29d4bf8b,3,False,pending
cf5eda160bddb48e7ee1,8472d0a404a61d4cc243,2,False,pending
cf5eda160bddb48e7ee1,8a45c66f8bd5e4de5ab9,4,False,pending
cf5eda160bddb48e7ee1,aee46d851c40dd98cab7,3,False,pending
cf5eda160bddb48e7ee1,886825379518bd394d20,3,False,pending
cf5eda160bddb48e7ee1,20034084df8305d5fb4b,3,False,pending
cf5eda160bddb48e7ee1,f09bc65b0e2631bb0322,1,False,pending
2bed734804c53b098606,cab1bc1714bd46d826ce,4,False,pending
2bed734804c53b098606,7807654f6ca7cd1c525a,4,False,pending
2bed734804c53b098606,5e558496e01985518360,4,False,pending
2bed734804c53b098606,d6426357b8eb358e8f6f,4,False,pending
2bed734804c53b098606,6de273f24bb05f1f8e8b,3,False,pending
2bed734804c53b098606,ba603f58ebba86034bc0,2,False,pending
2bed734804c53b098606,39ed12b3233e92559dbe,2,False,pending
2bed734804c53b098606,bf42352356bd08444402,2,False,pending
2bed734804c53b098606,47ee8ee65bfe29d4bf8b,4,False,pending
2bed734804c53b098606,8472d0a404a61d4cc243,3,False,pending
2bed734804c53b098606,886825379518bd394d20,4,False,pending
2bed734804c53b098606,20034084df8305d5fb4b,4,False,pending
2bed734804c53b098606,f09bc65b0e2631bb0322,4,False,pending
cab1bc1714bd46d826ce,d6426357b8eb358e8f6f,2,False,pending
cab1bc1714bd46d826ce,6de273f24bb05f1f8e8b,3,False,pending
cab1bc1714bd46d826ce,ba603f58ebba86034bc0,2,False,pending
cab1bc1714bd46d826ce,bf42352356bd08444402,4,False,pending
cab1bc1714bd46d826ce,f09bc65b0e2631bb0322,4,False,pending
dec034a0a666a0459737,5623d3f3a0698b28d43c,4,False,pending
dec034a0a666a0459737,8d0d2e0d9a4c9fb26dcf,3,False,pending
dec034a0a666a0459737,292861fe9af6a84206fb,3,False,pending
dec034a0a666a0459737,6f841b253ddc46891f95,4,False,pending
dec034a0a666a0459737,cbd1fbbb4c858ffca0d3,4,False,pending
dec034a0a666a0459737,65854757dcaff384c670,4,False,pending
dec034a0a666a0459737,e5013a8c474d11ade8ad,4,False,pending
dec034a0a666a0459737,1aa4b99ba1516514862b,4,False,pending
8f56ce194f46b2f70d63,a204c02eee1077435363,2,False,pending
8f56ce194f46b2f70d63,cbd1fbbb4c858ffca0d3,3,False,pending
7b83af62dd4777d40e88,4f469bf5236bd2986688,4,False,pending
7b83af62dd4777d40e88,ce8e815a6604cf34fad5,3,False,pending
7b83af62dd4777d40e88,78f929222e9f541da3f0,3,False,pending
4f469bf5236bd2986688,ce8e815a6604cf34fad5,3,False,pending
4f469bf5236bd2986688,59ab979a5d840b82a137,2,False,pending
ad4c9125afd4af1ccb48,96775373faac02314154,4,False,pending
ad4c9125afd4af1ccb48,59ab979a5d840b82a137,4,False,pending
2b07353a5d7d9c8b9a8f,5f955a0ad23f67df79ed,4,False,pending
2b07353a5d7d9c8b9a8f,8ae957f2acfdaa595905,4,False,pending
2b07353a5d7d9c8b9a8f,52ebdf255272a4ab62e0,4,False,pending
2b07353a5d7d9c8b9a8f,4e4de07921fd2f9ee453,3,False,pending
2b07353a5d7d9c8b9a8f,c813aab3ecd44e6ad93b,4,False,pending
5067525a0c0d6c5adff5,6137e63e8b91916290b4,4,False,pending
5067525a0c0d6c5adff5,433001cc421372c9f259,4,False,pending
5067525a0c0d6c5adff5,cdc2e99a52bc2c4bf5cc,4,False,pending
5067525a0c0d6c5adff5,c95f71b8878058b16a37,4,False,pending
52aed80947ee9f4d21df,0e59cb5655ca33457ae2,4,False,pending
52aed80947ee9f4d21df,4d8f3e181473d964bf6e,4,False,pending
52aed80947ee9f4d21df,5e85163cec5bc3abbad6,4,False,pending
aa001630416389d0b947,c5e56bba11bc6d8058e9,3,False,pending
417711ae94fd3b1885b8,211ff666c9efdb42cca5,4,False,pending
8948bcf4ade13dc4a3a1,012d8d5f251a0318a330,4,False,pending
8948bcf4ade13dc4a3a1,fd642d59d39859aa5f34,3,False,pending
8948bcf4ade13dc4a3a1,97ca381a93c5a7964be7,3,False,pending
8948bcf4ade13dc4a3a1,92cde679f5c5b6d6ccd7,1,False,pending
8948bcf4ade13dc4a3a1,58d595ff7be5e95f3a0c,4,False,pending
8948bcf4ade13dc4a3a1,966cb17b522bfb453d9b,1,False,pending
8948bcf4ade13dc4a3a1,cc6c1505a609f92ec10a,4,False,pending
8948bcf4ade13dc4a3a1,319b3dc3465c2a68f031,3,False,pending
79d432da8a337e8d3624,76ad5c08109e3bf7d715,3,False,pending
79d432da8a337e8d3624,30487a13f17a0b1d04e7,2,False,pending
79d432da8a337e8d3624,16a5dbbd29b83fa748d4,4,False,pending
79d432da8a337e8d3624,c61d4600ad32ec840e9a,2,False,pending
19806e49f31c1379e6cc,cb3579465355eeefa5dc,3,False,pending
736f8da0f94d6006925a,73fad97e3c6f2ed5dbc7,3,False,pending
736f8da0f94d6006925a,cb3579465355eeefa5dc,2,False,pending
736f8da0f94d6006925a,feba64fe7e95bc62a537,3,False,pending
45a9b76cf0883b4b273c,73fad97e3c6f2ed5dbc7,3,False,pending
45a9b76cf0883b4b273c,cb3579465355eeefa5dc,2,False,pending
45a9b76cf0883b4b273c,feba64fe7e95bc62a537,3,False,pending
6777a3fd4f85e909e00a,9ff5e35d4a8fd1f4d775,3,False,pending
6777a3fd4f85e909e00a,1bcf34cfde552608ecad,3,False,pending
6777a3fd4f85e909e00a,ab4caba7e0bf10e3ba08,4,False,pending
6777a3fd4f85e909e00a,50d4ef954c0392891ace,4,False,pending
6777a3fd4f85e909e00a,9cf9ba4a158209dcd158,4,False,pending
6777a3fd4f85e909e00a,a18413e238ff3bd2ceaa,2,False,pending
6777a3fd4f85e909e00a,5b538c257d683570a082,2,False,pending
6777a3fd4f85e909e00a,4c0a9df0383a33ec3499,1,False,pending
6777a3fd4f85e909e00a,b155ab9e776de7d807b4,1,False,pending
6777a3fd4f85e909e00a,793ca289141f14c902e7,1,False,pending
6777a3fd4f85e909e00a,73fad97e3c6f2ed5dbc7,3,False,pending
6777a3fd4f85e909e00a,854afadb33a7208f919f,3,False,pending
6777a3fd4f85e909e00a,ff6364b1dc657458df39,4,False,pending
6777a3fd4f85e909e00a,9e5df5519f3824f219f6,4,False,pending
6777a3fd4f85e909e00a,bb08dfff3a6a253ac141,4,False,pending
6777a3fd4f85e909e00a,6e789998150f5ec2fd57,2,False,pending
6777a3fd4f85e909e00a,feba64fe7e95bc62a537,3,False,pending
9ff5e35d4a8fd1f4d775,39cff48e5c631ad921f8,4,False,pending
9ff5e35d4a8fd1f4d775,2552c75757913d7e5a13,4,False,pending
9ff5e35d4a8fd1f4d775,a18413e238ff3bd2ceaa,3,False,pending
9ff5e35d4a8fd1f4d775,5b538c257d683570a082,3,False,pending
9ff5e35d4a8fd1f4d775,4c0a9df0383a33ec3499,4,False,pending
9ff5e35d4a8fd1f4d775,b155ab9e776de7d807b4,4,False,pending
9ff5e35d4a8fd1f4d775,793ca289141f14c902e7,4,False,pending
9ff5e35d4a8fd1f4d775,9d5fa53e36ab521931bd,3,False,pending
9ff5e35d4a8fd1f4d775,30b7ceadced9cb7697c1,3,False,pending
9ff5e35d4a8fd1f4d775,50b35866606609772541,4,False,pending
9ff5e35d4a8fd1f4d775,6e789998150f5ec2fd57,3,False,pending
1bcf34cfde552608ecad,39cff48e5c631ad921f8,4,False,pending
1bcf34cfde552608ecad,2552c75757913d7e5a13,4,False,pending
1bcf34cfde552608ecad,a18413e238ff3bd2ceaa,3,False,pending
1bcf34cfde552608ecad,5b538c257d683570a082,3,False,pending
1bcf34cfde552608ecad,4c0a9df0383a33ec3499,4,False,pending
1bcf34cfde552608ecad,b155ab9e776de7d807b4,4,False,pending
1bcf34cfde552608ecad,793ca289141f14c902e7,4,False,pending
1bcf34cfde552608ecad,9d5fa53e36ab521931bd,3,False,pending
1bcf34cfde552608ecad,30b7ceadced9cb7697c1,3,False,pending
1bcf34cfde552608ecad,50b35866606609772541,4,False,pending
1bcf34cfde552608ecad,6e789998150f5ec2fd57,3,False,pending
39cff48e5c631ad921f8,ab4caba7e0bf10e3ba08,3,False,pending
39cff48e5c631ad921f8,50d4ef954c0392891ace,3,False,pending
39cff48e5c631ad921f8,854afadb33a7208f919f,4,False,pending
39cff48e5c631ad921f8,ff6364b1dc657458df39,3,False,pending
2552c75757913d7e5a13,ab4caba7e0bf10e3ba08,3,False,pending
2552c75757913d7e5a13,50d4ef954c0392891ace,3,False,pending
2552c75757913d7e5a13,854afadb33a7208f919f,4,False,pending
2552c75757913d7e5a13,ff6364b1dc657458df39,3,False,pending
5bcdacc510587c2c83ae,0cb879066179ea78139a,1,False,pending
5bcdacc510587c2c83ae,efb03c687e14e08fdfe9,1,False,pending
5bcdacc510587c2c83ae,f572549774366b0d0c89,1,False,pending
0cb879066179ea78139a,ab4caba7e0bf10e3ba08,4,False,pending
0cb879066179ea78139a,50d4ef954c0392891ace,4,False,pending
0cb879066179ea78139a,ff6364b1dc657458df39,4,False,pending
efb03c687e14e08fdfe9,ab4caba7e0bf10e3ba08,4,False,pending
efb03c687e14e08fdfe9,50d4ef954c0392891ace,4,False,pending
efb03c687e14e08fdfe9,ff6364b1dc657458df39,4,False,pending
f572549774366b0d0c89,ab4caba7e0bf10e3ba08,4,False,pending
f572549774366b0d0c89,50d4ef954c0392891ace,4,False,pending
f572549774366b0d0c89,ff6364b1dc657458df39,4,False,pending
ab4caba7e0bf10e3ba08,9cf9ba4a158209dcd158,2,False,pending
ab4caba7e0bf10e3ba08,a18413e238ff3bd2ceaa,4,False,pending
ab4caba7e0bf10e3ba08,5b538c257d683570a082,4,False,pending
ab4caba7e0bf10e3ba08,9d5fa53e36ab521931bd,4,False,pending
ab4caba7e0bf10e3ba08,30b7ceadced9cb7697c1,4,False,pending
ab4caba7e0bf10e3ba08,50b35866606609772541,3,False,pending
ab4caba7e0bf10e3ba08,9e5df5519f3824f219f6,2,False,pending
ab4caba7e0bf10e3ba08,bb08dfff3a6a253ac141,2,False,pending
ab4caba7e0bf10e3ba08,6e789998150f5ec2fd57,4,False,pending
50d4ef954c0392891ace,9cf9ba4a158209dcd158,2,False,pending
50d4ef954c0392891ace,a18413e238ff3bd2ceaa,4,False,pending
50d4ef954c0392891ace,5b538c257d683570a082,4,False,pending
50d4ef954c0392891ace,9d5fa53e36ab521931bd,4,False,pending
50d4ef954c0392891ace,30b7ceadced9cb7697c1,4,False,pending
50d4ef954c0392891ace,50b35866606609772541,3,False,pending
50d4ef954c0392891ace,9e5df5519f3824f219f6,2,False,pending
50d4ef954c0392891ace,bb08dfff3a6a253ac141,2,False,pending
50d4ef954c0392891ace,6e789998150f5ec2fd57,4,False,pending
9cf9ba4a158209dcd158,a18413e238ff3bd2ceaa,2,False,pending
9cf9ba4a158209dcd158,5b538c257d683570a082,2,False,pending
9cf9ba4a158209dcd158,4c0a9df0383a33ec3499,3,False,pending
9cf9ba4a158209dcd158,b155ab9e776de7d807b4,3,False,pending
9cf9ba4a158209dcd158,793ca289141f14c902e7,3,False,pending
9cf9ba4a158209dcd158,9d5fa53e36ab521931bd,4,False,pending
9cf9ba4a158209dcd158,30b7ceadced9cb7697c1,4,False,pending
9cf9ba4a158209dcd158,ff6364b1dc657458df39,2,False,pending
9cf9ba4a158209dcd158,6e789998150f5ec2fd57,2,False,pending
a18413e238ff3bd2ceaa,4c0a9df0383a33ec3499,1,False,pending
a18413e238ff3bd2ceaa,b155ab9e776de7d807b4,1,False,pending
a18413e238ff3bd2ceaa,793ca289141f14c902e7,1,False,pending
a18413e238ff3bd2ceaa,73fad97e3c6f2ed5dbc7,3,False,pending
a18413e238ff3bd2ceaa,9d5fa53e36ab521931bd,2,False,pending
a18413e238ff3bd2ceaa,30b7ceadced9cb7697c1,2,False,pending
a18413e238ff3bd2ceaa,854afadb33a7208f919f,3,False,pending
a18413e238ff3bd2ceaa,ff6364b1dc657458df39,4,False,pending
a18413e238ff3bd2ceaa,9e5df5519f3824f219f6,2,False,pending
a18413e238ff3bd2ceaa,bb08dfff3a6a253ac141,2,False,pending
a18413e238ff3bd2ceaa,feba64fe7e95bc62a537,3,False,pending
5b538c257d683570a082,4c0a9df0383a33ec3499,1,False,pending
5b538c257d683570a082,b155ab9e776de7d807b4,1,False,pending
5b538c257d683570a082,793ca289141f14c902e7,1,False,pending
5b538c257d683570a082,73fad97e3c6f2ed5dbc7,3,False,pending
5b538c257d683570a082,9d5fa53e36ab521931bd,2,False,pending
5b538c257d683570a082,30b7ceadced9cb7697c1,2,False,pending
5b538c257d683570a082,854afadb33a7208f919f,3,False,pending
5b538c257d683570a082,ff6364b1dc657458df39,4,False,pending
5b538c257d683570a082,9e5df5519f3824f219f6,2,False,pending
5b538c257d683570a082,bb08dfff3a6a253ac141,2,False,pending
5b538c257d683570a082,feba64fe7e95bc62a537,3,False,pending
4c0a9df0383a33ec3499,73fad97e3c6f2ed5dbc7,2,False,pending
4c0a9df0383a33ec3499,9d5fa53e36ab521931bd,1,False,pending
4c0a9df0383a33ec3499,30b7ceadced9cb7697c1,1,False,pending
4c0a9df0383a33ec3499,854afadb33a7208f919f,4,False,pending
4c0a9df0383a33ec3499,9e5df5519f3824f219f6,3,False,pending
4c0a9df0383a33ec3499,bb08dfff3a6a253ac141,3,False,pending
4c0a9df0383a33ec3499,6e789998150f5ec2fd57,1,False,pending
4c0a9df0383a33ec3499,feba64fe7e95bc62a537,2,False,pending
b155ab9e776de7d807b4,73fad97e3c6f2ed5dbc7,2,False,pending
b155ab9e776de7d807b4,9d5fa53e36ab521931bd,1,False,pending
b155ab9e776de7d807b4,30b7ceadced9cb7697c1,1,False,pending
b155ab9e776de7d807b4,854afadb33a7208f919f,4,False,pending
b155ab9e776de7d807b4,9e5df5519f3824f219f6,3,False,pending
b155ab9e776de7d807b4,bb08dfff3a6a253ac141,3,False,pending
b155ab9e776de7d807b4,6e789998150f5ec2fd57,1,False,pending
b155ab9e776de7d807b4,feba64fe7e95bc62a537,2,False,pending
793ca289141f14c902e7,73fad97e3c6f2ed5dbc7,2,False,pending
793ca289141f14c902e7,9d5fa53e36ab521931bd,1,False,pending
793ca289141f14c902e7,30b7ceadced9cb7697c1,1,False,pending
793ca289141f14c902e7,854afadb33a7208f919f,4,False,pending
793ca289141f14c902e7,9e5df5519f3824f219f6,3,False,pending
793ca289141f14c902e7,bb08dfff3a6a253ac141,3,False,pending
793ca289141f14c902e7,6e789998150f5ec2fd57,1,False,pending
793ca289141f14c902e7,feba64fe7e95bc62a537,2,False,pending
73fad97e3c6f2ed5dbc7,9d5fa53e36ab521931bd,3,False,pending
73fad97e3c6f2ed5dbc7,30b7ceadced9cb7697c1,3,False,pending
73fad97e3c6f2ed5dbc7,6e789998150f5ec2fd57,3,False,pending
5fe11d83768a7a8ff3a0,9f699edeeddac2231d35,2,False,pending
5fe11d83768a7a8ff3a0,e28d2c7cd1c44bbf22ed,2,False,pending
5fe11d83768a7a8ff3a0,0e3847092135a18a6b15,2,False,pending
5fe11d83768a7a8ff3a0,78be9ebc81a9beba5234,4,False,pending
5fe11d83768a7a8ff3a0,b74fed75161ac81e1988,4,False,pending
5fe11d83768a7a8ff3a0,7e29bcca6007b7fb83ac,4,False,pending
5fe11d83768a7a8ff3a0,1040102ca8c17f21d4c5,4,False,pending
5fe11d83768a7a8ff3a0,5f8d77984777f0b98985,4,False,pending
5fe11d83768a7a8ff3a0,cb3579465355eeefa5dc,4,False,pending
5fe11d83768a7a8ff3a0,8486e6f3195b1057df44,4,False,pending
9f699edeeddac2231d35,78be9ebc81a9beba5234,2,False,pending
9f699edeeddac2231d35,b74fed75161ac81e1988,2,False,pending
9f699edeeddac2231d35,7e29bcca6007b7fb83ac,2,False,pending
9f699edeeddac2231d35,1040102ca8c17f21d4c5,2,False,pending
9f699edeeddac2231d35,5f8d77984777f0b98985,2,False,pending
9f699edeeddac2231d35,8486e6f3195b1057df44,2,False,pending
e28d2c7cd1c44bbf22ed,78be9ebc81a9beba5234,2,False,pending
e28d2c7cd1c44bbf22ed,b74fed75161ac81e1988,2,False,pending
e28d2c7cd1c44bbf22ed,7e29bcca6007b7fb83ac,2,False,pending
e28d2c7cd1c44bbf22ed,1040102ca8c17f21d4c5,2,False,pending
e28d2c7cd1c44bbf22ed,5f8d77984777f0b98985,2,False,pending
e28d2c7cd1c44bbf22ed,8486e6f3195b1057df44,2,False,pending
0e3847092135a18a6b15,78be9ebc81a9beba5234,2,False,pending
0e3847092135a18a6b15,b74fed75161ac81e1988,2,False,pending
0e3847092135a18a6b15,7e29bcca6007b7fb83ac,2,False,pending
0e3847092135a18a6b15,1040102ca8c17f21d4c5,2,False,pending
0e3847092135a18a6b15,5f8d77984777f0b98985,2,False,pending
0e3847092135a18a6b15,8486e6f3195b1057df44,2,False,pending
78be9ebc81a9beba5234,1040102ca8c17f21d4c5,0,False,pending
78be9ebc81a9beba5234,5f8d77984777f0b98985,0,False,pending
78be9ebc81a9beba5234,8486e6f3195b1057df44,0,False,pending
b74fed75161ac81e1988,1040102ca8c17f21d4c5,0,False,pending
b74fed75161ac81e1988,5f8d77984777f0b98985,0,False,pending
b74fed75161ac81e1988,8486e6f3195b1057df44,0,False,pending
7e29bcca6007b7fb83ac,1040102ca8c17f21d4c5,0,False,pending
7e29bcca6007b7fb83ac,5f8d77984777f0b98985,0,False,pending
7e29bcca6007b7fb83ac,8486e6f3195b1057df44,0,False,pending
bb9767c4739e7454b3c7,4a5b890a7cb7ed9ec918,1,False,pending
bb9767c4739e7454b3c7,282c5d760900b503b886,1,False,pending
bb9767c4739e7454b3c7,ec95e07a85ffea62e4f8,4,False,pending
bb9767c4739e7454b3c7,5fb4e47134e80bb4851f,4,False,pending
bb9767c4739e7454b3c7,8f538a3311af459e852f,4,False,pending
a5f3a8c21f8252f8f978,4a5b890a7cb7ed9ec918,1,False,pending
a5f3a8c21f8252f8f978,282c5d760900b503b886,1,False,pending
a5f3a8c21f8252f8f978,ec95e07a85ffea62e4f8,4,False,pending
a5f3a8c21f8252f8f978,5fb4e47134e80bb4851f,4,False,pending
a5f3a8c21f8252f8f978,8f538a3311af459e852f,4,False,pending
0b0fff20b77908270459,4a5b890a7cb7ed9ec918,1,False,pending
0b0fff20b77908270459,282c5d760900b503b886,1,False,pending
0b0fff20b77908270459,ec95e07a85ffea62e4f8,4,False,pending
0b0fff20b77908270459,5fb4e47134e80bb4851f,4,False,pending
0b0fff20b77908270459,8f538a3311af459e852f,4,False,pending
4a5b890a7cb7ed9ec918,ec95e07a85ffea62e4f8,3,False,pending
4a5b890a7cb7ed9ec918,5fb4e47134e80bb4851f,3,False,pending
4a5b890a7cb7ed9ec918,8f538a3311af459e852f,3,False,pending
282c5d760900b503b886,ec95e07a85ffea62e4f8,3,False,pending
282c5d760900b503b886,5fb4e47134e80bb4851f,3,False,pending
282c5d760900b503b886,8f538a3311af459e852f,3,False,pending
ec95e07a85ffea62e4f8,3068401704b8cc7d6b37,4,False,pending
ec95e07a85ffea62e4f8,36188947b549bc29202c,4,False,pending
5fb4e47134e80bb4851f,3068401704b8cc7d6b37,4,False,pending
5fb4e47134e80bb4851f,36188947b549bc29202c,4,False,pending
3068401704b8cc7d6b37,8f538a3311af459e852f,4,False,pending
36188947b549bc29202c,8f538a3311af459e852f,4,False,pending
2c712bba142d404f50a4,01dfc9ab019bcedb9266,3,False,pending
2c712bba142d404f50a4,10365c098c318325d7bd,3,False,pending
2c712bba142d404f50a4,e9ff0663c21970225ad3,3,False,pending
7248144ba99a00098fdf,01dfc9ab019bcedb9266,3,False,pending
7248144ba99a00098fdf,10365c098c318325d7bd,3,False,pending
7248144ba99a00098fdf,e9ff0663c21970225ad3,3,False,pending
01dfc9ab019bcedb9266,a8278b5d8f67e2d672a0,2,False,pending
01dfc9ab019bcedb9266,a23443f29a53e1fe54ca,3,False,pending
01dfc9ab019bcedb9266,1ff42ebe0f836e852ed1,2,False,pending
01dfc9ab019bcedb9266,a08ed75164c338e6703c,2,False,pending
10365c098c318325d7bd,a8278b5d8f67e2d672a0,2,False,pending
10365c098c318325d7bd,a23443f29a53e1fe54ca,3,False,pending
10365c098c318325d7bd,1ff42ebe0f836e852ed1,2,False,pending
10365c098c318325d7bd,a08ed75164c338e6703c,2,False,pending
a8278b5d8f67e2d672a0,6b53a488f7b6d60f45aa,4,False,pending
a8278b5d8f67e2d672a0,b0486e60f810e3d72e9d,4,False,pending
a8278b5d8f67e2d672a0,e9ff0663c21970225ad3,2,False,pending
a8278b5d8f67e2d672a0,84ac59e5cd60d0b2eae7,4,False,pending
6b53a488f7b6d60f45aa,1ff42ebe0f836e852ed1,4,False,pending
6b53a488f7b6d60f45aa,a08ed75164c338e6703c,4,False,pending
b0486e60f810e3d72e9d,1ff42ebe0f836e852ed1,4,False,pending
b0486e60f810e3d72e9d,a08ed75164c338e6703c,4,False,pending
3b1dbf936ed21eb6e715,f5706014365f2818e90c,4,False,pending
3b1dbf936ed21eb6e715,66e4bfcaa45f7c8d16b7,4,False,pending
6ce2db54bf75eb73048c,f5706014365f2818e90c,4,False,pending
6ce2db54bf75eb73048c,66e4bfcaa45f7c8d16b7,4,False,pending
52137a4410dd625eb794,f5706014365f2818e90c,4,False,pending
52137a4410dd625eb794,66e4bfcaa45f7c8d16b7,4,False,pending
eaebd7f95b85780e48b4,72681959c709a52b5920,4,False,pending
eaebd7f95b85780e48b4,a66f25eafc617fc78ccd,4,False,pending
eaebd7f95b85780e48b4,e4335727c289c1da659c,4,False,pending
eaebd7f95b85780e48b4,f4c421f0c99755520a65,4,False,pending
eaebd7f95b85780e48b4,bd43c580ad5eaf29f0e1,4,False,pending
eaebd7f95b85780e48b4,e21c7cc4f46139e595ff,4,False,pending
eaebd7f95b85780e48b4,f9ed9794c5846d1f1811,4,False,pending
aeaaea785e6e0c18546d,72681959c709a52b5920,4,False,pending
aeaaea785e6e0c18546d,a66f25eafc617fc78ccd,4,False,pending
aeaaea785e6e0c18546d,e4335727c289c1da659c,4,False,pending
aeaaea785e6e0c18546d,f4c421f0c99755520a65,4,False,pending
aeaaea785e6e0c18546d,bd43c580ad5eaf29f0e1,4,False,pending
aeaaea785e6e0c18546d,e21c7cc4f46139e595ff,4,False,pending
aeaaea785e6e0c18546d,f9ed9794c5846d1f1811,4,False,pending
72681959c709a52b5920,a4a7548554731337a5ad,2,False,pending
72681959c709a52b5920,c622e898d1cd3f9c8504,1,False,pending
72681959c709a52b5920,404da13ad2807f88920b,1,False,pending
72681959c709a52b5920,e4335727c289c1da659c,4,False,pending
72681959c709a52b5920,f4c421f0c99755520a65,4,False,pending
72681959c709a52b5920,bd43c580ad5eaf29f0e1,4,False,pending
72681959c709a52b5920,a8ecb5f509c5c78bf52f,3,False,pending
72681959c709a52b5920,881dad26d37575e55179,3,False,pending
72681959c709a52b5920,8b43e7a35efb859e25d4,3,False,pending
72681959c709a52b5920,884f06737cfa4b38c2c8,3,False,pending
72681959c709a52b5920,30e41e18166573fdf262,3,False,pending
72681959c709a52b5920,88f11cb1f38151606333,2,False,pending
72681959c709a52b5920,c3c6cbf634c996dfb258,2,False,pending
72681959c709a52b5920,1f1af33209792784720d,2,False,pending
72681959c709a52b5920,dcb01f34be04d4657902,3,False,pending
72681959c709a52b5920,0b11589db981513d4589,3,False,pending
72681959c709a52b5920,22e0710c0644fa936988,3,False,pending
72681959c709a52b5920,b23b268a546099458583,3,False,pending
72681959c709a52b5920,c9c959e0f7d13fec4d56,3,False,pending
72681959c709a52b5920,baf000635aef153fa23b,2,False,pending
72681959c709a52b5920,669f37836572beecc8c0,1,False,pending
72681959c709a52b5920,e21c7cc4f46139e595ff,4,False,pending
72681959c709a52b5920,f9ed9794c5846d1f1811,4,False,pending
72681959c709a52b5920,41fc5fd468498e7a5af2,3,False,pending
72681959c709a52b5920,b691e4d7d16f3fd0e389,3,False,pending
a66f25eafc617fc78ccd,a4a7548554731337a5ad,2,False,pending
a66f25eafc617fc78ccd,c622e898d1cd3f9c8504,1,False,pending
a66f25eafc617fc78ccd,404da13ad2807f88920b,1,False,pending
a66f25eafc617fc78ccd,e4335727c289c1da659c,4,False,pending
a66f25eafc617fc78ccd,f4c421f0c99755520a65,4,False,pending
a66f25eafc617fc78ccd,bd43c580ad5eaf29f0e1,4,False,pending
a66f25eafc617fc78ccd,a8ecb5f509c5c78bf52f,3,False,pending
a66f25eafc617fc78ccd,881dad26d37575e55179,3,False,pending
a66f25eafc617fc78ccd,8b43e7a35efb859e25d4,3,False,pending
a66f25eafc617fc78ccd,884f06737cfa4b38c2c8,3,False,pending
a66f25eafc617fc78ccd,30e41e18166573fdf262,3,False,pending
a66f25eafc617fc78ccd,88f11cb1f38151606333,2,False,pending
a66f25eafc617fc78ccd,c3c6cbf634c996dfb258,2,False,pending
a66f25eafc617fc78ccd,1f1af33209792784720d,2,False,pending
a66f25eafc617fc78ccd,dcb01f34be04d4657902,3,False,pending
a66f25eafc617fc78ccd,0b11589db981513d4589,3,False,pending
a66f25eafc617fc78ccd,22e0710c0644fa936988,3,False,pending
a66f25eafc617fc78ccd,b23b268a546099458583,3,False,pending
a66f25eafc617fc78ccd,c9c959e0f7d13fec4d56,3,False,pending
a66f25eafc617fc78ccd,baf000635aef153fa23b,2,False,pending
a66f25eafc617fc78ccd,669f37836572beecc8c0,1,False,pending
a66f25eafc617fc78ccd,e21c7cc4f46139e595ff,4,False,pending
a66f25eafc617fc78ccd,f9ed9794c5846d1f1811,4,False,pending
a66f25eafc617fc78ccd,41fc5fd468498e7a5af2,3,False,pending
a66f25eafc617fc78ccd,b691e4d7d16f3fd0e389,3,False,pending
a4a7548554731337a5ad,c622e898d1cd3f9c8504,1,False,pending
a4a7548554731337a5ad,404da13ad2807f88920b,1,False,pending
a4a7548554731337a5ad,f4c421f0c99755520a65,4,False,pending
a4a7548554731337a5ad,bd43c580ad5eaf29f0e1,4,False,pending
a4a7548554731337a5ad,a8ecb5f509c5c78bf52f,3,False,pending
a4a7548554731337a5ad,881dad26d37575e55179,3,False,pending
a4a7548554731337a5ad,8b43e7a35efb859e25d4,3,False,pending
a4a7548554731337a5ad,88f11cb1f38151606333,2,False,pending
a4a7548554731337a5ad,c3c6cbf634c996dfb258,2,False,pending
a4a7548554731337a5ad,1f1af33209792784720d,2,False,pending
a4a7548554731337a5ad,dcb01f34be04d4657902,3,False,pending
a4a7548554731337a5ad,0b11589db981513d4589,3,False,pending
a4a7548554731337a5ad,22e0710c0644fa936988,1,False,pending
a4a7548554731337a5ad,b23b268a546099458583,1,False,pending
a4a7548554731337a5ad,c9c959e0f7d13fec4d56,1,False,pending
a4a7548554731337a5ad,669f37836572beecc8c0,1,False,pending
a4a7548554731337a5ad,f9ed9794c5846d1f1811,4,False,pending
a4a7548554731337a5ad,b691e4d7d16f3fd0e389,3,False,pending
c622e898d1cd3f9c8504,a7f95579b1e21d0db1d4,4,False,pending
c622e898d1cd3f9c8504,642e7c460e2fa2d7b3c1,4,False,pending
c622e898d1cd3f9c8504,f4c421f0c99755520a65,3,False,pending
c622e898d1cd3f9c8504,bd43c580ad5eaf29f0e1,3,False,pending
c622e898d1cd3f9c8504,a8ecb5f509c5c78bf52f,2,False,pending
c622e898d1cd3f9c8504,881dad26d37575e55179,2,False,pending
c622e898d1cd3f9c8504,8b43e7a35efb859e25d4,2,False,pending
c622e898d1cd3f9c8504,884f06737cfa4b38c2c8,4,False,pending
c622e898d1cd3f9c8504,30e41e18166573fdf262,4,False,pending
c622e898d1cd3f9c8504,88f11cb1f38151606333,1,False,pending
c622e898d1cd3f9c8504,c3c6cbf634c996dfb258,1,False,pending
c622e898d1cd3f9c8504,1f1af33209792784720d,1,False,pending
c622e898d1cd3f9c8504,dcb01f34be04d4657902,2,False,pending
c622e898d1cd3f9c8504,0b11589db981513d4589,2,False,pending
c622e898d1cd3f9c8504,22e0710c0644fa936988,2,False,pending
c622e898d1cd3f9c8504,b23b268a546099458583,2,False,pending
c622e898d1cd3f9c8504,c9c959e0f7d13fec4d56,2,False,pending
c622e898d1cd3f9c8504,baf000635aef153fa23b,1,False,pending
c622e898d1cd3f9c8504,c617c224c2859199b606,4,False,pending
c622e898d1cd3f9c8504,f9ed9794c5846d1f1811,3,False,pending
c622e898d1cd3f9c8504,41fc5fd468498e7a5af2,4,False,pending
c622e898d1cd3f9c8504,b691e4d7d16f3fd0e389,2,False,pending
404da13ad2807f88920b,a7f95579b1e21d0db1d4,4,False,pending
404da13ad2807f88920b,642e7c460e2fa2d7b3c1,4,False,pending
404da13ad2807f88920b,f4c421f0c99755520a65,3,False,pending
404da13ad2807f88920b,bd43c580ad5eaf29f0e1,3,False,pending
404da13ad2807f88920b,a8ecb5f509c5c78bf52f,2,False,pending
404da13ad2807f88920b,881dad26d37575e55179,2,False,pending
404da13ad2807f88920b,8b43e7a35efb859e25d4,2,False,pending
404da13ad2807f88920b,884f06737cfa4b38c2c8,4,False,pending
404da13ad2807f88920b,30e41e18166573fdf262,4,False,pending
404da13ad2807f88920b,88f11cb1f38151606333,1,False,pending
404da13ad2807f88920b,c3c6cbf634c996dfb258,1,False,pending
404da13ad2807f88920b,1f1af33209792784720d,1,False,pending
404da13ad2807f88920b,dcb01f34be04d4657902,2,False,pending
404da13ad2807f88920b,0b11589db981513d4589,2,False,pending
404da13ad2807f88920b,22e0710c0644fa936988,2,False,pending
404da13ad2807f88920b,b23b268a546099458583,2,False,pending
404da13ad2807f88920b,c9c959e0f7d13fec4d56,2,False,pending
404da13ad2807f88920b,baf000635aef153fa23b,1,False,pending
404da13ad2807f88920b,c617c224c2859199b606,4,False,pending
404da13ad2807f88920b,f9ed9794c5846d1f1811,3,False,pending
404da13ad2807f88920b,41fc5fd468498e7a5af2,4,False,pending
404da13ad2807f88920b,b691e4d7d16f3fd0e389,2,False,pending
e4335727c289c1da659c,a7f95579b1e21d0db1d4,3,False,pending
e4335727c289c1da659c,642e7c460e2fa2d7b3c1,3,False,pending
e4335727c289c1da659c,f4c421f0c99755520a65,2,False,pending
e4335727c289c1da659c,bd43c580ad5eaf29f0e1,2,False,pending
e4335727c289c1da659c,8fdd8df0a99fb43ea448,1,False,pending
e4335727c289c1da659c,733355cada7fbd6de4da,1,False,pending
e4335727c289c1da659c,a8ecb5f509c5c78bf52f,3,False,pending
e4335727c289c1da659c,881dad26d37575e55179,3,False,pending
e4335727c289c1da659c,8b43e7a35efb859e25d4,3,False,pending
e4335727c289c1da659c,88f11cb1f38151606333,4,False,pending
e4335727c289c1da659c,c3c6cbf634c996dfb258,4,False,pending
e4335727c289c1da659c,1f1af33209792784720d,4,False,pending
e4335727c289c1da659c,c617c224c2859199b606,3,False,pending
e4335727c289c1da659c,f9ed9794c5846d1f1811,2,False,pending
e4335727c289c1da659c,3781a0e98b5f8841f934,1,False,pending
a7f95579b1e21d0db1d4,f4c421f0c99755520a65,1,False,pending
a7f95579b1e21d0db1d4,bd43c580ad5eaf29f0e1,1,False,pending
a7f95579b1e21d0db1d4,8fdd8df0a99fb43ea448,4,False,pending
a7f95579b1e21d0db1d4,733355cada7fbd6de4da,4,False,pending
a7f95579b1e21d0db1d4,a8ecb5f509c5c78bf52f,2,False,pending
a7f95579b1e21d0db1d4,881dad26d37575e55179,2,False,pending
a7f95579b1e21d0db1d4,8b43e7a35efb859e25d4,2,False,pending
a7f95579b1e21d0db1d4,88f11cb1f38151606333,3,False,pending
a7f95579b1e21d0db1d4,c3c6cbf634c996dfb258,3,False,pending
a7f95579b1e21d0db1d4,1f1af33209792784720d,3,False,pending
a7f95579b1e21d0db1d4,dcb01f34be04d4657902,4,False,pending
a7f95579b1e21d0db1d4,0b11589db981513d4589,4,False,pending
a7f95579b1e21d0db1d4,22e0710c0644fa936988,4,False,pending
a7f95579b1e21d0db1d4,b23b268a546099458583,4,False,pending
a7f95579b1e21d0db1d4,c9c959e0f7d13fec4d56,4,False,pending
a7f95579b1e21d0db1d4,669f37836572beecc8c0,4,False,pending
a7f95579b1e21d0db1d4,e21c7cc4f46139e595ff,3,False,pending
a7f95579b1e21d0db1d4,f9ed9794c5846d1f1811,1,False,pending
a7f95579b1e21d0db1d4,3781a0e98b5f8841f934,4,False,pending
a7f95579b1e21d0db1d4,b691e4d7d16f3fd0e389,4,False,pending
642e7c460e2fa2d7b3c1,f4c421f0c99755520a65,1,False,pending
642e7c460e2fa2d7b3c1,bd43c580ad5eaf29f0e1,1,False,pending
642e7c460e2fa2d7b3c1,8fdd8df0a99fb43ea448,4,False,pending
642e7c460e2fa2d7b3c1,733355cada7fbd6de4da,4,False,pending
642e7c460e2fa2d7b3c1,a8ecb5f509c5c78bf52f,2,False,pending
642e7c460e2fa2d7b3c1,881dad26d37575e55179,2,False,pending
642e7c460e2fa2d7b3c1,8b43e7a35efb859e25d4,2,False,pending
642e7c460e2fa2d7b3c1,88f11cb1f38151606333,3,False,pending
642e7c460e2fa2d7b3c1,c3c6cbf634c996dfb258,3,False,pending
642e7c460e2fa2d7b3c1,1f1af33209792784720d,3,False,pending
642e7c460e2fa2d7b3c1,dcb01f34be04d4657902,4,False,pending
642e7c460e2fa2d7b3c1,0b11589db981513d4589,4,False,pending
642e7c460e2fa2d7b3c1,22e0710c0644fa936988,4,False,pending
642e7c460e2fa2d7b3c1,b23b268a546099458583,4,False,pending
642e7c460e2fa2d7b3c1,c9c959e0f7d13fec4d56,4,False,pending
642e7c460e2fa2d7b3c1,669f37836572beecc8c0,4,False,pending
642e7c460e2fa2d7b3c1,e21c7cc4f46139e595ff,3,False,pending
642e7c460e2fa2d7b3c1,f9ed9794c5846d1f1811,1,False,pending
642e7c460e2fa2d7b3c1,3781a0e98b5f8841f934,4,False,pending
642e7c460e2fa2d7b3c1,b691e4d7d16f3fd0e389,4,False,pending
f4c421f0c99755520a65,8fdd8df0a99fb43ea448,3,False,pending
f4c421f0c99755520a65,733355cada7fbd6de4da,3,False,pending
f4c421f0c99755520a65,a8ecb5f509c5c78bf52f,1,False,pending
f4c421f0c99755520a65,881dad26d37575e55179,1,False,pending
f4c421f0c99755520a65,8b43e7a35efb859e25d4,1,False,pending
f4c421f0c99755520a65,88f11cb1f38151606333,2,False,pending
f4c421f0c99755520a65,c3c6cbf634c996dfb258,2,False,pending
f4c421f0c99755520a65,1f1af33209792784720d,2,False,pending
f4c421f0c99755520a65,dcb01f34be04d4657902,3,False,pending
f4c421f0c99755520a65,0b11589db981513d4589,3,False,pending
f4c421f0c99755520a65,22e0710c0644fa936988,3,False,pending
f4c421f0c99755520a65,b23b268a546099458583,3,False,pending
f4c421f0c99755520a65,c9c959e0f7d13fec4d56,3,False,pending
f4c421f0c99755520a65,baf000635aef153fa23b,4,False,pending
f4c421f0c99755520a65,669f37836572beecc8c0,3,False,pending
f4c421f0c99755520a65,e21c7cc4f46139e595ff,2,False,pending
f4c421f0c99755520a65,c617c224c2859199b606,1,False,pending
f4c421f0c99755520a65,3781a0e98b5f8841f934,3,False,pending
f4c421f0c99755520a65,b691e4d7d16f3fd0e389,3,False,pending
bd43c580ad5eaf29f0e1,8fdd8df0a99fb43ea448,3,False,pending
bd43c580ad5eaf29f0e1,733355cada7fbd6de4da,3,False,pending
bd43c580ad5eaf29f0e1,a8ecb5f509c5c78bf52f,1,False,pending
bd43c580ad5eaf29f0e1,881dad26d37575e55179,1,False,pending
bd43c580ad5eaf29f0e1,8b43e7a35efb859e25d4,1,False,pending
bd43c580ad5eaf29f0e1,88f11cb1f38151606333,2,False,pending
bd43c580ad5eaf29f0e1,c3c6cbf634c996dfb258,2,False,pending
bd43c580ad5eaf29f0e1,1f1af33209792784720d,2,False,pending
bd43c580ad5eaf29f0e1,dcb01f34be04d4657902,3,False,pending
bd43c580ad5eaf29f0e1,0b11589db981513d4589,3,False,pending
bd43c580ad5eaf29f0e1,22e0710c0644fa936988,3,False,pending
bd43c580ad5eaf29f0e1,b23b268a546099458583,3,False,pending
bd43c580ad5eaf29f0e1,c9c959e0f7d13fec4d56,3,False,pending
bd43c580ad5eaf29f0e1,baf000635aef153fa23b,4,False,pending
bd43c580ad5eaf29f0e1,669f37836572beecc8c0,3,False,pending
bd43c580ad5eaf29f0e1,e21c7cc4f46139e595ff,2,False,pending
bd43c580ad5eaf29f0e1,c617c224c2859199b606,1,False,pending
bd43c580ad5eaf29f0e1,3781a0e98b5f8841f934,3,False,pending
bd43c580ad5eaf29f0e1,b691e4d7d16f3fd0e389,3,False,pending
8fdd8df0a99fb43ea448,a8ecb5f509c5c78bf52f,4,False,pending
8fdd8df0a99fb43ea448,881dad26d37575e55179,4,False,pending
8fdd8df0a99fb43ea448,8b43e7a35efb859e25d4,4,False,pending
8fdd8df0a99fb43ea448,e21c7cc4f46139e595ff,1,False,pending
8fdd8df0a99fb43ea448,c617c224c2859199b606,4,False,pending
8fdd8df0a99fb43ea448,f9ed9794c5846d1f1811,3,False,pending
733355cada7fbd6de4da,a8ecb5f509c5c78bf52f,4,False,pending
733355cada7fbd6de4da,881dad26d37575e55179,4,False,pending
733355cada7fbd6de4da,8b43e7a35efb859e25d4,4,False,pending
733355cada7fbd6de4da,e21c7cc4f46139e595ff,1,False,pending
733355cada7fbd6de4da,c617c224c2859199b606,4,False,pending
733355cada7fbd6de4da,f9ed9794c5846d1f1811,3,False,pending
a8ecb5f509c5c78bf52f,884f06737cfa4b38c2c8,4,False,pending
a8ecb5f509c5c78bf52f,30e41e18166573fdf262,4,False,pending
a8ecb5f509c5c78bf52f,88f11cb1f38151606333,1,False,pending
a8ecb5f509c5c78bf52f,c3c6cbf634c996dfb258,1,False,pending
a8ecb5f509c5c78bf52f,1f1af33209792784720d,1,False,pending
a8ecb5f509c5c78bf52f,dcb01f34be04d4657902,2,False,pending
a8ecb5f509c5c78bf52f,0b11589db981513d4589,2,False,pending
a8ecb5f509c5c78bf52f,22e0710c0644fa936988,2,False,pending
a8ecb5f509c5c78bf52f,b23b268a546099458583,2,False,pending
a8ecb5f509c5c78bf52f,c9c959e0f7d13fec4d56,2,False,pending
a8ecb5f509c5c78bf52f,baf000635aef153fa23b,3,False,pending
a8ecb5f509c5c78bf52f,669f37836572beecc8c0,2,False,pending
a8ecb5f509c5c78bf52f,e21c7cc4f46139e595ff,3,False,pending
a8ecb5f509c5c78bf52f,c617c224c2859199b606,2,False,pending
a8ecb5f509c5c78bf52f,f9ed9794c5846d1f1811,1,False,pending
a8ecb5f509c5c78bf52f,3781a0e98b5f8841f934,4,False,pending
a8ecb5f509c5c78bf52f,41fc5fd468498e7a5af2,4,False,pending
a8ecb5f509c5c78bf52f,b691e4d7d16f3fd0e389,2,False,pending
881dad26d37575e55179,884f06737cfa4b38c2c8,4,False,pending
881dad26d37575e55179,30e41e18166573fdf262,4,False,pending
881dad26d37575e55179,88f11cb1f38151606333,1,False,pending
881dad26d37575e55179,c3c6cbf634c996dfb258,1,False,pending
881dad26d37575e55179,1f1af33209792784720d,1,False,pending
881dad26d37575e55179,dcb01f34be04d4657902,2,False,pending
881dad26d37575e55179,0b11589db981513d4589,2,False,pending
881dad26d37575e55179,22e0710c0644fa936988,2,False,pending
881dad26d37575e55179,b23b268a546099458583,2,False,pending
881dad26d37575e55179,c9c959e0f7d13fec4d56,2,False,pending
881dad26d37575e55179,baf000635aef153fa23b,3,False,pending
881dad26d37575e55179,669f37836572beecc8c0,2,False,pending
881dad26d37575e55179,e21c7cc4f46139e595ff,3,False,pending
881dad26d37575e55179,c617c224c2859199b606,2,False,pending
881dad26d37575e55179,f9ed9794c5846d1f1811,1,False,pending
881dad26d37575e55179,3781a0e98b5f8841f934,4,False,pending
881dad26d37575e55179,41fc5fd468498e7a5af2,4,False,pending
881dad26d37575e55179,b691e4d7d16f3fd0e389,2,False,pending
8b43e7a35efb859e25d4,884f06737cfa4b38c2c8,4,False,pending
8b43e7a35efb859e25d4,30e41e18166573fdf262,4,False,pending
8b43e7a35efb859e25d4,88f11cb1f38151606333,1,False,pending
8b43e7a35efb859e25d4,c3c6cbf634c996dfb258,1,False,pending
8b43e7a35efb859e25d4,1f1af33209792784720d,1,False,pending
8b43e7a35efb859e25d4,dcb01f34be04d4657902,2,False,pending
8b43e7a35efb859e25d4,0b11589db981513d4589,2,False,pending
8b43e7a35efb859e25d4,22e0710c0644fa936988,2,False,pending
8b43e7a35efb859e25d4,b23b268a546099458583,2,False,pending
8b43e7a35efb859e25d4,c9c959e0f7d13fec4d56,2,False,pending
8b43e7a35efb859e25d4,baf000635aef153fa23b,3,False,pending
8b43e7a35efb859e25d4,669f37836572beecc8c0,2,False,pending
8b43e7a35efb859e25d4,e21c7cc4f46139e595ff,3,False,pending
8b43e7a35efb859e25d4,c617c224c2859199b606,2,False,pending
8b43e7a35efb859e25d4,f9ed9794c5846d1f1811,1,False,pending
8b43e7a35efb859e25d4,3781a0e98b5f8841f934,4,False,pending
8b43e7a35efb859e25d4,41fc5fd468498e7a5af2,4,False,pending
8b43e7a35efb859e25d4,b691e4d7d16f3fd0e389,2,False,pending
884f06737cfa4b38c2c8,88f11cb1f38151606333,3,False,pending
884f06737cfa4b38c2c8,c3c6cbf634c996dfb258,3,False,pending
884f06737cfa4b38c2c8,1f1af33209792784720d,3,False,pending
884f06737cfa4b38c2c8,dcb01f34be04d4657902,2,False,pending
884f06737cfa4b38c2c8,0b11589db981513d4589,2,False,pending
884f06737cfa4b38c2c8,22e0710c0644fa936988,4,False,pending
884f06737cfa4b38c2c8,b23b268a546099458583,4,False,pending
884f06737cfa4b38c2c8,c9c959e0f7d13fec4d56,4,False,pending
884f06737cfa4b38c2c8,669f37836572beecc8c0,4,False,pending
884f06737cfa4b38c2c8,b691e4d7d16f3fd0e389,2,False,pending
30e41e18166573fdf262,88f11cb1f38151606333,3,False,pending
30e41e18166573fdf262,c3c6cbf634c996dfb258,3,False,pending
30e41e18166573fdf262,1f1af33209792784720d,3,False,pending
30e41e18166573fdf262,dcb01f34be04d4657902,2,False,pending
30e41e18166573fdf262,0b11589db981513d4589,2,False,pending
30e41e18166573fdf262,22e0710c0644fa936988,4,False,pending
30e41e18166573fdf262,b23b268a546099458583,4,False,pending
30e41e18166573fdf262,c9c959e0f7d13fec4d56,4,False,pending
30e41e18166573fdf262,669f37836572beecc8c0,4,False,pending
30e41e18166573fdf262,b691e4d7d16f3fd0e389,2,False,pending
88f11cb1f38151606333,dcb01f34be04d4657902,1,False,pending
88f11cb1f38151606333,0b11589db981513d4589,1,False,pending
88f11cb1f38151606333,22e0710c0644fa936988,1,False,pending
88f11cb1f38151606333,b23b268a546099458583,1,False,pending
88f11cb1f38151606333,c9c959e0f7d13fec4d56,1,False,pending
88f11cb1f38151606333,baf000635aef153fa23b,2,False,pending
88f11cb1f38151606333,669f37836572beecc8c0,1,False,pending
88f11cb1f38151606333,e21c7cc4f46139e595ff,4,False,pending
88f11cb1f38151606333,c617c224c2859199b606,3,False,pending
88f11cb1f38151606333,f9ed9794c5846d1f1811,2,False,pending
88f11cb1f38151606333,41fc5fd468498e7a5af2,3,False,pending
88f11cb1f38151606333,b691e4d7d16f3fd0e389,1,False,pending
c3c6cbf634c996dfb258,dcb01f34be04d4657902,1,False,pending
c3c6cbf634c996dfb258,0b11589db981513d4589,1,False,pending
c3c6cbf634c996dfb258,22e0710c0644fa936988,1,False,pending
c3c6cbf634c996dfb258,b23b268a546099458583,1,False,pending
c3c6cbf634c996dfb258,c9c959e0f7d13fec4d56,1,False,pending
c3c6cbf634c996dfb258,baf000635aef153fa23b,2,False,pending
c3c6cbf634c996dfb258,669f37836572beecc8c0,1,False,pending
c3c6cbf634c996dfb258,e21c7cc4f46139e595ff,4,False,pending
c3c6cbf634c996dfb258,c617c224c2859199b606,3,False,pending
c3c6cbf634c996dfb258,f9ed9794c5846d1f1811,2,False,pending
c3c6cbf634c996dfb258,41fc5fd468498e7a5af2,3,False,pending
c3c6cbf634c996dfb258,b691e4d7d16f3fd0e389,1,False,pending
1f1af33209792784720d,dcb01f34be04d4657902,1,False,pending
1f1af33209792784720d,0b11589db981513d4589,1,False,pending
1f1af33209792784720d,22e0710c0644fa936988,1,False,pending
1f1af33209792784720d,b23b268a546099458583,1,False,pending
1f1af33209792784720d,c9c959e0f7d13fec4d56,1,False,pending
1f1af33209792784720d,baf000635aef153fa23b,2,False,pending
1f1af33209792784720d,669f37836572beecc8c0,1,False,pending
1f1af33209792784720d,e21c7cc4f46139e595ff,4,False,pending
1f1af33209792784720d,c617c224c2859199b606,3,False,pending
1f1af33209792784720d,f9ed9794c5846d1f1811,2,False,pending
1f1af33209792784720d,41fc5fd468498e7a5af2,3,False,pending
1f1af33209792784720d,b691e4d7d16f3fd0e389,1,False,pending
dcb01f34be04d4657902,22e0710c0644fa936988,2,False,pending
dcb01f34be04d4657902,b23b268a546099458583,2,False,pending
dcb01f34be04d4657902,c9c959e0f7d13fec4d56,2,False,pending
dcb01f34be04d4657902,baf000635aef153fa23b,3,False,pending
dcb01f34be04d4657902,669f37836572beecc8c0,2,False,pending
dcb01f34be04d4657902,c617c224c2859199b606,4,False,pending
dcb01f34be04d4657902,f9ed9794c5846d1f1811,3,False,pending
dcb01f34be04d4657902,41fc5fd468498e7a5af2,2,False,pending
0b11589db981513d4589,22e0710c0644fa936988,2,False,pending
0b11589db981513d4589,b23b268a546099458583,2,False,pending
0b11589db981513d4589,c9c959e0f7d13fec4d56,2,False,pending
0b11589db981513d4589,baf000635aef153fa23b,3,False,pending
0b11589db981513d4589,669f37836572beecc8c0,2,False,pending
0b11589db981513d4589,c617c224c2859199b606,4,False,pending
0b11589db981513d4589,f9ed9794c5846d1f1811,3,False,pending
0b11589db981513d4589,41fc5fd468498e7a5af2,2,False,pending
22e0710c0644fa936988,baf000635aef153fa23b,1,False,pending
22e0710c0644fa936988,669f37836572beecc8c0,2,False,pending
22e0710c0644fa936988,c617c224c2859199b606,4,False,pending
22e0710c0644fa936988,f9ed9794c5846d1f1811,3,False,pending
22e0710c0644fa936988,41fc5fd468498e7a5af2,4,False,pending
22e0710c0644fa936988,b691e4d7d16f3fd0e389,2,False,pending
b23b268a546099458583,baf000635aef153fa23b,1,False,pending
b23b268a546099458583,669f37836572beecc8c0,2,False,pending
b23b268a546099458583,c617c224c2859199b606,4,False,pending
b23b268a546099458583,f9ed9794c5846d1f1811,3,False,pending
b23b268a546099458583,41fc5fd468498e7a5af2,4,False,pending
b23b268a546099458583,b691e4d7d16f3fd0e389,2,False,pending
c9c959e0f7d13fec4d56,baf000635aef153fa23b,1,False,pending
c9c959e0f7d13fec4d56,669f37836572beecc8c0,2,False,pending
c9c959e0f7d13fec4d56,c617c224c2859199b606,4,False,pending
c9c959e0f7d13fec4d56,f9ed9794c5846d1f1811,3,False,pending
c9c959e0f7d13fec4d56,41fc5fd468498e7a5af2,4,False,pending
c9c959e0f7d13fec4d56,b691e4d7d16f3fd0e389,2,False,pending
4b2b8aa28ca299976d15,6b3d8e88f8a2d7b76fb9,3,False,pending
4b2b8aa28ca299976d15,3ac09a6544673a61e2a8,3,False,pending
4b2b8aa28ca299976d15,a46a288fdc01902c80fd,4,False,pending
4b2b8aa28ca299976d15,76bb3da0bc28ae10a718,4,False,pending
4b2b8aa28ca299976d15,a1891da73328b48068b3,4,False,pending
4b2b8aa28ca299976d15,f6a1251291888b3691e4,3,False,pending
46189f00bc258241a329,6b3d8e88f8a2d7b76fb9,3,False,pending
46189f00bc258241a329,3ac09a6544673a61e2a8,3,False,pending
46189f00bc258241a329,a46a288fdc01902c80fd,4,False,pending
46189f00bc258241a329,76bb3da0bc28ae10a718,4,False,pending
46189f00bc258241a329,a1891da73328b48068b3,4,False,pending
46189f00bc258241a329,f6a1251291888b3691e4,3,False,pending
f648c345fc9f7755706a,6b3d8e88f8a2d7b76fb9,3,False,pending
f648c345fc9f7755706a,3ac09a6544673a61e2a8,3,False,pending
f648c345fc9f7755706a,a46a288fdc01902c80fd,4,False,pending
f648c345fc9f7755706a,76bb3da0bc28ae10a718,4,False,pending
f648c345fc9f7755706a,a1891da73328b48068b3,4,False,pending
f648c345fc9f7755706a,f6a1251291888b3691e4,3,False,pending
6b3d8e88f8a2d7b76fb9,139e9d0d6ff9425d081b,3,False,pending
6b3d8e88f8a2d7b76fb9,01746886b4e772e800a6,3,False,pending
6b3d8e88f8a2d7b76fb9,7644ca286bed9fbf231c,3,False,pending
6b3d8e88f8a2d7b76fb9,44ae659ae2da5825b198,3,False,pending
6b3d8e88f8a2d7b76fb9,1e5fed39931899fe7d4a,3,False,pending
6b3d8e88f8a2d7b76fb9,c0fdf251d0bea58ad696,3,False,pending
6b3d8e88f8a2d7b76fb9,7627b16be8cc2897becd,4,False,pending
6b3d8e88f8a2d7b76fb9,2f1cd92be2739d5e91f6,4,False,pending
6b3d8e88f8a2d7b76fb9,23b75d02d460181cec13,3,False,pending
6b3d8e88f8a2d7b76fb9,a878345117133df91bbf,3,False,pending
6b3d8e88f8a2d7b76fb9,75df72aa179c78ffbe31,4,False,pending
3ac09a6544673a61e2a8,139e9d0d6ff9425d081b,3,False,pending
3ac09a6544673a61e2a8,01746886b4e772e800a6,3,False,pending
3ac09a6544673a61e2a8,7644ca286bed9fbf231c,3,False,pending
3ac09a6544673a61e2a8,44ae659ae2da5825b198,3,False,pending
3ac09a6544673a61e2a8,1e5fed39931899fe7d4a,3,False,pending
3ac09a6544673a61e2a8,c0fdf251d0bea58ad696,3,False,pending
3ac09a6544673a61e2a8,7627b16be8cc2897becd,4,False,pending
3ac09a6544673a61e2a8,2f1cd92be2739d5e91f6,4,False,pending
3ac09a6544673a61e2a8,23b75d02d460181cec13,3,False,pending
3ac09a6544673a61e2a8,a878345117133df91bbf,3,False,pending
3ac09a6544673a61e2a8,75df72aa179c78ffbe31,4,False,pending
139e9d0d6ff9425d081b,01746886b4e772e800a6,0,False,pending
139e9d0d6ff9425d081b,7644ca286bed9fbf231c,0,False,pending
139e9d0d6ff9425d081b,44ae659ae2da5825b198,0,False,pending
139e9d0d6ff9425d081b,1e5fed39931899fe7d4a,0,False,pending
139e9d0d6ff9425d081b,c0fdf251d0bea58ad696,0,False,pending
139e9d0d6ff9425d081b,928f2196d52567f3afa2,4,False,pending
139e9d0d6ff9425d081b,49d9f3eb143a61d06203,4,False,pending
139e9d0d6ff9425d081b,a46a288fdc01902c80fd,2,False,pending
139e9d0d6ff9425d081b,76bb3da0bc28ae10a718,2,False,pending
139e9d0d6ff9425d081b,a1891da73328b48068b3,2,False,pending
139e9d0d6ff9425d081b,f6a1251291888b3691e4,3,False,pending
139e9d0d6ff9425d081b,a878345117133df91bbf,0,False,pending
139e9d0d6ff9425d081b,c4efb8904da4ab8c274b,4,False,pending
01746886b4e772e800a6,44ae659ae2da5825b198,0,False,pending
01746886b4e772e800a6,1e5fed39931899fe7d4a,0,False,pending
01746886b4e772e800a6,c0fdf251d0bea58ad696,0,False,pending
01746886b4e772e800a6,928f2196d52567f3afa2,4,False,pending
01746886b4e772e800a6,49d9f3eb143a61d06203,4,False,pending
01746886b4e772e800a6,a46a288fdc01902c80fd,2,False,pending
01746886b4e772e800a6,76bb3da0bc28ae10a718,2,False,pending
01746886b4e772e800a6,a1891da73328b48068b3,2,False,pending
01746886b4e772e800a6,f6a1251291888b3691e4,3,False,pending
01746886b4e772e800a6,23b75d02d460181cec13,0,False,pending
01746886b4e772e800a6,c4efb8904da4ab8c274b,4,False,pending
7644ca286bed9fbf231c,44ae659ae2da5825b198,0,False,pending
7644ca286bed9fbf231c,1e5fed39931899fe7d4a,0,False,pending
7644ca286bed9fbf231c,c0fdf251d0bea58ad696,0,False,pending
7644ca286bed9fbf231c,928f2196d52567f3afa2,4,False,pending
7644ca286bed9fbf231c,49d9f3eb143a61d06203,4,False,pending
7644ca286bed9fbf231c,a46a288fdc01902c80fd,2,False,pending
7644ca286bed9fbf231c,76bb3da0bc28ae10a718,2,False,pending
7644ca286bed9fbf231c,a1891da73328b48068b3,2,False,pending
7644ca286bed9fbf231c,f6a1251291888b3691e4,3,False,pending
7644ca286bed9fbf231c,23b75d02d460181cec13,0,False,pending
7644ca286bed9fbf231c,c4efb8904da4ab8c274b,4,False,pending
44ae659ae2da5825b198,928f2196d52567f3afa2,4,False,pending
44ae659ae2da5825b198,49d9f3eb143a61d06203,4,False,pending
44ae659ae2da5825b198,a46a288fdc01902c80fd,2,False,pending
44ae659ae2da5825b198,76bb3da0bc28ae10a718,2,False,pending
44ae659ae2da5825b198,a1891da73328b48068b3,2,False,pending
44ae659ae2da5825b198,f6a1251291888b3691e4,3,False,pending
44ae659ae2da5825b198,23b75d02d460181cec13,0,False,pending
44ae659ae2da5825b198,a878345117133df91bbf,0,False,pending
44ae659ae2da5825b198,c4efb8904da4ab8c274b,4,False,pending
1e5fed39931899fe7d4a,928f2196d52567f3afa2,4,False,pending
1e5fed39931899fe7d4a,49d9f3eb143a61d06203,4,False,pending
1e5fed39931899fe7d4a,a46a288fdc01902c80fd,2,False,pending
1e5fed39931899fe7d4a,76bb3da0bc28ae10a718,2,False,pending
1e5fed39931899fe7d4a,a1891da73328b48068b3,2,False,pending
1e5fed39931899fe7d4a,f6a1251291888b3691e4,3,False,pending
1e5fed39931899fe7d4a,23b75d02d460181cec13,0,False,pending
1e5fed39931899fe7d4a,a878345117133df91bbf,0,False,pending
1e5fed39931899fe7d4a,c4efb8904da4ab8c274b,4,False,pending
c0fdf251d0bea58ad696,928f2196d52567f3afa2,4,False,pending
c0fdf251d0bea58ad696,49d9f3eb143a61d06203,4,False,pending
c0fdf251d0bea58ad696,a46a288fdc01902c80fd,2,False,pending
c0fdf251d0bea58ad696,76bb3da0bc28ae10a718,2,False,pending
c0fdf251d0bea58ad696,a1891da73328b48068b3,2,False,pending
c0fdf251d0bea58ad696,f6a1251291888b3691e4,3,False,pending
c0fdf251d0bea58ad696,23b75d02d460181cec13,0,False,pending
c0fdf251d0bea58ad696,a878345117133df91bbf,0,False,pending
c0fdf251d0bea58ad696,c4efb8904da4ab8c274b,4,False,pending
7627b16be8cc2897becd,3b681877e257c19228d8,2,False,pending
7627b16be8cc2897becd,7b03367411cfddfb7fc1,2,False,pending
7627b16be8cc2897becd,f79bba425d3d1e782fc2,3,False,pending
7627b16be8cc2897becd,23c988efc19768a09823,3,False,pending
7627b16be8cc2897becd,085d4d73d17fa6dd8fa1,3,False,pending
7627b16be8cc2897becd,75b16df93aaa31130f70,4,False,pending
7627b16be8cc2897becd,b2b701046d77308678a5,4,False,pending
7627b16be8cc2897becd,c377f9ecba5fcbc8c02e,3,False,pending
7627b16be8cc2897becd,4f0df96bde2491ae8eb2,3,False,pending
7627b16be8cc2897becd,abd6770bd83ddb2f23df,3,False,pending
7627b16be8cc2897becd,928f2196d52567f3afa2,3,False,pending
7627b16be8cc2897becd,49d9f3eb143a61d06203,3,False,pending
7627b16be8cc2897becd,5dadf88425dc447f4874,2,False,pending
7627b16be8cc2897becd,32f9ffdb9500c97f115b,2,False,pending
7627b16be8cc2897becd,f6a1251291888b3691e4,4,False,pending
7627b16be8cc2897becd,9179d315d0d08ba25ef6,2,False,pending
7627b16be8cc2897becd,80b87f54dfd2a494a781,3,False,pending
7627b16be8cc2897becd,e219802634da8eb1dcf8,3,False,pending
7627b16be8cc2897becd,c7262d33ee6ba4782d74,3,False,pending
7627b16be8cc2897becd,78dbd32d8b78c2736c7d,4,False,pending
7627b16be8cc2897becd,c4efb8904da4ab8c274b,3,False,pending
7627b16be8cc2897becd,55a3042d8baeb03b1d2a,2,False,pending
2f1cd92be2739d5e91f6,3b681877e257c19228d8,2,False,pending
2f1cd92be2739d5e91f6,7b03367411cfddfb7fc1,2,False,pending
2f1cd92be2739d5e91f6,f79bba425d3d1e782fc2,3,False,pending
2f1cd92be2739d5e91f6,23c988efc19768a09823,3,False,pending
2f1cd92be2739d5e91f6,085d4d73d17fa6dd8fa1,3,False,pending
2f1cd92be2739d5e91f6,75b16df93aaa31130f70,4,False,pending
2f1cd92be2739d5e91f6,b2b701046d77308678a5,4,False,pending
2f1cd92be2739d5e91f6,c377f9ecba5fcbc8c02e,3,False,pending
2f1cd92be2739d5e91f6,4f0df96bde2491ae8eb2,3,False,pending
2f1cd92be2739d5e91f6,abd6770bd83ddb2f23df,3,False,pending
2f1cd92be2739d5e91f6,928f2196d52567f3afa2,3,False,pending
2f1cd92be2739d5e91f6,49d9f3eb143a61d06203,3,False,pending
2f1cd92be2739d5e91f6,5dadf88425dc447f4874,2,False,pending
2f1cd92be2739d5e91f6,32f9ffdb9500c97f115b,2,False,pending
2f1cd92be2739d5e91f6,f6a1251291888b3691e4,4,False,pending
2f1cd92be2739d5e91f6,9179d315d0d08ba25ef6,2,False,pending
2f1cd92be2739d5e91f6,80b87f54dfd2a494a781,3,False,pending
2f1cd92be2739d5e91f6,e219802634da8eb1dcf8,3,False,pending
2f1cd92be2739d5e91f6,c7262d33ee6ba4782d74,3,False,pending
2f1cd92be2739d5e91f6,78dbd32d8b78c2736c7d,4,False,pending
2f1cd92be2739d5e91f6,c4efb8904da4ab8c274b,3,False,pending
2f1cd92be2739d5e91f6,55a3042d8baeb03b1d2a,2,False,pending
3b681877e257c19228d8,f79bba425d3d1e782fc2,3,False,pending
3b681877e257c19228d8,23c988efc19768a09823,3,False,pending
3b681877e257c19228d8,085d4d73d17fa6dd8fa1,3,False,pending
3b681877e257c19228d8,75b16df93aaa31130f70,4,False,pending
3b681877e257c19228d8,b2b701046d77308678a5,4,False,pending
3b681877e257c19228d8,c377f9ecba5fcbc8c02e,3,False,pending
3b681877e257c19228d8,4f0df96bde2491ae8eb2,3,False,pending
3b681877e257c19228d8,abd6770bd83ddb2f23df,3,False,pending
3b681877e257c19228d8,928f2196d52567f3afa2,3,False,pending
3b681877e257c19228d8,49d9f3eb143a61d06203,3,False,pending
3b681877e257c19228d8,5dadf88425dc447f4874,2,False,pending
3b681877e257c19228d8,32f9ffdb9500c97f115b,2,False,pending
3b681877e257c19228d8,75df72aa179c78ffbe31,2,False,pending
3b681877e257c19228d8,80b87f54dfd2a494a781,3,False,pending
3b681877e257c19228d8,e219802634da8eb1dcf8,3,False,pending
3b681877e257c19228d8,c7262d33ee6ba4782d74,3,False,pending
3b681877e257c19228d8,78dbd32d8b78c2736c7d,4,False,pending
3b681877e257c19228d8,c4efb8904da4ab8c274b,3,False,pending
3b681877e257c19228d8,55a3042d8baeb03b1d2a,2,False,pending
7b03367411cfddfb7fc1,f79bba425d3d1e782fc2,3,False,pending
7b03367411cfddfb7fc1,23c988efc19768a09823,3,False,pending
7b03367411cfddfb7fc1,085d4d73d17fa6dd8fa1,3,False,pending
7b03367411cfddfb7fc1,75b16df93aaa31130f70,4,False,pending
7b03367411cfddfb7fc1,b2b701046d77308678a5,4,False,pending
7b03367411cfddfb7fc1,c377f9ecba5fcbc8c02e,3,False,pending
7b03367411cfddfb7fc1,4f0df96bde2491ae8eb2,3,False,pending
7b03367411cfddfb7fc1,abd6770bd83ddb2f23df,3,False,pending
7b03367411cfddfb7fc1,928f2196d52567f3afa2,3,False,pending
7b03367411cfddfb7fc1,49d9f3eb143a61d06203,3,False,pending
7b03367411cfddfb7fc1,5dadf88425dc447f4874,2,False,pending
7b03367411cfddfb7fc1,32f9ffdb9500c97f115b,2,False,pending
7b03367411cfddfb7fc1,75df72aa179c78ffbe31,2,False,pending
7b03367411cfddfb7fc1,80b87f54dfd2a494a781,3,False,pending
7b03367411cfddfb7fc1,e219802634da8eb1dcf8,3,False,pending
7b03367411cfddfb7fc1,c7262d33ee6ba4782d74,3,False,pending
7b03367411cfddfb7fc1,78dbd32d8b78c2736c7d,4,False,pending
7b03367411cfddfb7fc1,c4efb8904da4ab8c274b,3,False,pending
7b03367411cfddfb7fc1,55a3042d8baeb03b1d2a,2,False,pending
f79bba425d3d1e782fc2,085d4d73d17fa6dd8fa1,2,False,pending
f79bba425d3d1e782fc2,1702d49fc1fb3085d9cd,2,False,pending
f79bba425d3d1e782fc2,75b16df93aaa31130f70,3,False,pending
f79bba425d3d1e782fc2,b2b701046d77308678a5,3,False,pending
f79bba425d3d1e782fc2,c377f9ecba5fcbc8c02e,4,False,pending
f79bba425d3d1e782fc2,4f0df96bde2491ae8eb2,4,False,pending
f79bba425d3d1e782fc2,abd6770bd83ddb2f23df,4,False,pending
f79bba425d3d1e782fc2,928f2196d52567f3afa2,4,False,pending
f79bba425d3d1e782fc2,49d9f3eb143a61d06203,4,False,pending
f79bba425d3d1e782fc2,5dadf88425dc447f4874,3,False,pending
f79bba425d3d1e782fc2,32f9ffdb9500c97f115b,3,False,pending
f79bba425d3d1e782fc2,75df72aa179c78ffbe31,3,False,pending
f79bba425d3d1e782fc2,9179d315d0d08ba25ef6,3,False,pending
f79bba425d3d1e782fc2,e219802634da8eb1dcf8,2,False,pending
f79bba425d3d1e782fc2,c7262d33ee6ba4782d74,2,False,pending
f79bba425d3d1e782fc2,cfd957b2a6280fa78798,2,False,pending
f79bba425d3d1e782fc2,099f55d726609c3e067a,2,False,pending
f79bba425d3d1e782fc2,78dbd32d8b78c2736c7d,3,False,pending
f79bba425d3d1e782fc2,c4efb8904da4ab8c274b,4,False,pending
f79bba425d3d1e782fc2,55a3042d8baeb03b1d2a,3,False,pending
23c988efc19768a09823,085d4d73d17fa6dd8fa1,2,False,pending
23c988efc19768a09823,1702d49fc1fb3085d9cd,2,False,pending
23c988efc19768a09823,75b16df93aaa31130f70,3,False,pending
23c988efc19768a09823,b2b701046d77308678a5,3,False,pending
23c988efc19768a09823,c377f9ecba5fcbc8c02e,4,False,pending
23c988efc19768a09823,4f0df96bde2491ae8eb2,4,False,pending
23c988efc19768a09823,abd6770bd83ddb2f23df,4,False,pending
23c988efc19768a09823,928f2196d52567f3afa2,4,False,pending
23c988efc19768a09823,49d9f3eb143a61d06203,4,False,pending
23c988efc19768a09823,5dadf88425dc447f4874,3,False,pending
23c988efc19768a09823,32f9ffdb9500c97f115b,3,False,pending
23c988efc19768a09823,75df72aa179c78ffbe31,3,False,pending
23c988efc19768a09823,9179d315d0d08ba25ef6,3,False,pending
23c988efc19768a09823,e219802634da8eb1dcf8,2,False,pending
23c988efc19768a09823,c7262d33ee6ba4782d74,2,False,pending
23c988efc19768a09823,cfd957b2a6280fa78798,2,False,pending
23c988efc19768a09823,099f55d726609c3e067a,2,False,pending
23c988efc19768a09823,78dbd32d8b78c2736c7d,3,False,pending
23c988efc19768a09823,c4efb8904da4ab8c274b,4,False,pending
23c988efc19768a09823,55a3042d8baeb03b1d2a,3,False,pending
085d4d73d17fa6dd8fa1,1702d49fc1fb3085d9cd,2,False,pending
085d4d73d17fa6dd8fa1,75b16df93aaa31130f70,1,False,pending
085d4d73d17fa6dd8fa1,b2b701046d77308678a5,1,False,pending
085d4d73d17fa6dd8fa1,c377f9ecba5fcbc8c02e,2,False,pending
085d4d73d17fa6dd8fa1,4f0df96bde2491ae8eb2,2,False,pending
085d4d73d17fa6dd8fa1,abd6770bd83ddb2f23df,2,False,pending
085d4d73d17fa6dd8fa1,928f2196d52567f3afa2,4,False,pending
085d4d73d17fa6dd8fa1,49d9f3eb143a61d06203,4,False,pending
085d4d73d17fa6dd8fa1,5dadf88425dc447f4874,3,False,pending
085d4d73d17fa6dd8fa1,32f9ffdb9500c97f115b,3,False,pending
085d4d73d17fa6dd8fa1,75df72aa179c78ffbe31,3,False,pending
085d4d73d17fa6dd8fa1,9179d315d0d08ba25ef6,3,False,pending
085d4d73d17fa6dd8fa1,80b87f54dfd2a494a781,2,False,pending
085d4d73d17fa6dd8fa1,cfd957b2a6280fa78798,2,False,pending
085d4d73d17fa6dd8fa1,099f55d726609c3e067a,2,False,pending
085d4d73d17fa6dd8fa1,78dbd32d8b78c2736c7d,1,False,pending
085d4d73d17fa6dd8fa1,c4efb8904da4ab8c274b,4,False,pending
085d4d73d17fa6dd8fa1,55a3042d8baeb03b1d2a,3,False,pending
1702d49fc1fb3085d9cd,75b16df93aaa31130f70,1,False,pending
1702d49fc1fb3085d9cd,b2b701046d77308678a5,1,False,pending
1702d49fc1fb3085d9cd,c377f9ecba5fcbc8c02e,4,False,pending
1702d49fc1fb3085d9cd,4f0df96bde2491ae8eb2,4,False,pending
1702d49fc1fb3085d9cd,abd6770bd83ddb2f23df,4,False,pending
1702d49fc1fb3085d9cd,80b87f54dfd2a494a781,2,False,pending
1702d49fc1fb3085d9cd,e219802634da8eb1dcf8,2,False,pending
1702d49fc1fb3085d9cd,c7262d33ee6ba4782d74,2,False,pending
1702d49fc1fb3085d9cd,78dbd32d8b78c2736c7d,1,False,pending
75b16df93aaa31130f70,c377f9ecba5fcbc8c02e,3,False,pending
75b16df93aaa31130f70,4f0df96bde2491ae8eb2,3,False,pending
75b16df93aaa31130f70,abd6770bd83ddb2f23df,3,False,pending
75b16df93aaa31130f70,5dadf88425dc447f4874,4,False,pending
75b16df93aaa31130f70,32f9ffdb9500c97f115b,4,False,pending
75b16df93aaa31130f70,75df72aa179c78ffbe31,4,False,pending
75b16df93aaa31130f70,9179d315d0d08ba25ef6,4,False,pending
75b16df93aaa31130f70,80b87f54dfd2a494a781,3,False,pending
75b16df93aaa31130f70,e219802634da8eb1dcf8,1,False,pending
75b16df93aaa31130f70,c7262d33ee6ba4782d74,1,False,pending
75b16df93aaa31130f70,cfd957b2a6280fa78798,1,False,pending
75b16df93aaa31130f70,099f55d726609c3e067a,1,False,pending
75b16df93aaa31130f70,55a3042d8baeb03b1d2a,4,False,pending
b2b701046d77308678a5,c377f9ecba5fcbc8c02e,3,False,pending
b2b701046d77308678a5,4f0df96bde2491ae8eb2,3,False,pending
b2b701046d77308678a5,abd6770bd83ddb2f23df,3,False,pending
b2b701046d77308678a5,5dadf88425dc447f4874,4,False,pending
b2b701046d77308678a5,32f9ffdb9500c97f115b,4,False,pending
b2b701046d77308678a5,75df72aa179c78ffbe31,4,False,pending
b2b701046d77308678a5,9179d315d0d08ba25ef6,4,False,pending
b2b701046d77308678a5,80b87f54dfd2a494a781,3,False,pending
b2b701046d77308678a5,e219802634da8eb1dcf8,1,False,pending
b2b701046d77308678a5,c7262d33ee6ba4782d74,1,False,pending
b2b701046d77308678a5,cfd957b2a6280fa78798,1,False,pending
b2b701046d77308678a5,099f55d726609c3e067a,1,False,pending
b2b701046d77308678a5,55a3042d8baeb03b1d2a,4,False,pending
c377f9ecba5fcbc8c02e,928f2196d52567f3afa2,2,False,pending
c377f9ecba5fcbc8c02e,49d9f3eb143a61d06203,2,False,pending
c377f9ecba5fcbc8c02e,5dadf88425dc447f4874,1,False,pending
c377f9ecba5fcbc8c02e,32f9ffdb9500c97f115b,1,False,pending
c377f9ecba5fcbc8c02e,75df72aa179c78ffbe31,3,False,pending
c377f9ecba5fcbc8c02e,9179d315d0d08ba25ef6,3,False,pending
c377f9ecba5fcbc8c02e,80b87f54dfd2a494a781,4,False,pending
c377f9ecba5fcbc8c02e,e219802634da8eb1dcf8,2,False,pending
c377f9ecba5fcbc8c02e,c7262d33ee6ba4782d74,2,False,pending
c377f9ecba5fcbc8c02e,cfd957b2a6280fa78798,4,False,pending
c377f9ecba5fcbc8c02e,099f55d726609c3e067a,4,False,pending
c377f9ecba5fcbc8c02e,78dbd32d8b78c2736c7d,3,False,pending
c377f9ecba5fcbc8c02e,c4efb8904da4ab8c274b,2,False,pending
c377f9ecba5fcbc8c02e,55a3042d8baeb03b1d2a,1,False,pending
4f0df96bde2491ae8eb2,928f2196d52567f3afa2,2,False,pending
4f0df96bde2491ae8eb2,49d9f3eb143a61d06203,2,False,pending
4f0df96bde2491ae8eb2,5dadf88425dc447f4874,1,False,pending
4f0df96bde2491ae8eb2,32f9ffdb9500c97f115b,1,False,pending
4f0df96bde2491ae8eb2,75df72aa179c78ffbe31,3,False,pending
4f0df96bde2491ae8eb2,9179d315d0d08ba25ef6,3,False,pending
4f0df96bde2491ae8eb2,80b87f54dfd2a494a781,4,False,pending
4f0df96bde2491ae8eb2,e219802634da8eb1dcf8,2,False,pending
4f0df96bde2491ae8eb2,c7262d33ee6ba4782d74,2,False,pending
4f0df96bde2491ae8eb2,cfd957b2a6280fa78798,4,False,pending
4f0df96bde2491ae8eb2,099f55d726609c3e067a,4,False,pending
4f0df96bde2491ae8eb2,78dbd32d8b78c2736c7d,3,False,pending
4f0df96bde2491ae8eb2,c4efb8904da4ab8c274b,2,False,pending
4f0df96bde2491ae8eb2,55a3042d8baeb03b1d2a,1,False,pending
abd6770bd83ddb2f23df,928f2196d52567f3afa2,2,False,pending
abd6770bd83ddb2f23df,49d9f3eb143a61d06203,2,False,pending
abd6770bd83ddb2f23df,5dadf88425dc447f4874,1,False,pending
abd6770bd83ddb2f23df,32f9ffdb9500c97f115b,1,False,pending
abd6770bd83ddb2f23df,75df72aa179c78ffbe31,3,False,pending
abd6770bd83ddb2f23df,9179d315d0d08ba25ef6,3,False,pending
abd6770bd83ddb2f23df,80b87f54dfd2a494a781,4,False,pending
abd6770bd83ddb2f23df,e219802634da8eb1dcf8,2,False,pending
abd6770bd83ddb2f23df,c7262d33ee6ba4782d74,2,False,pending
abd6770bd83ddb2f23df,cfd957b2a6280fa78798,4,False,pending
abd6770bd83ddb2f23df,099f55d726609c3e067a,4,False,pending
abd6770bd83ddb2f23df,78dbd32d8b78c2736c7d,3,False,pending
abd6770bd83ddb2f23df,c4efb8904da4ab8c274b,2,False,pending
abd6770bd83ddb2f23df,55a3042d8baeb03b1d2a,1,False,pending
928f2196d52567f3afa2,5dadf88425dc447f4874,1,False,pending
928f2196d52567f3afa2,32f9ffdb9500c97f115b,1,False,pending
928f2196d52567f3afa2,a46a288fdc01902c80fd,4,False,pending
928f2196d52567f3afa2,76bb3da0bc28ae10a718,4,False,pending
928f2196d52567f3afa2,a1891da73328b48068b3,4,False,pending
928f2196d52567f3afa2,23b75d02d460181cec13,4,False,pending
928f2196d52567f3afa2,a878345117133df91bbf,4,False,pending
928f2196d52567f3afa2,75df72aa179c78ffbe31,3,False,pending
928f2196d52567f3afa2,9179d315d0d08ba25ef6,3,False,pending
928f2196d52567f3afa2,80b87f54dfd2a494a781,4,False,pending
928f2196d52567f3afa2,e219802634da8eb1dcf8,4,False,pending
928f2196d52567f3afa2,c7262d33ee6ba4782d74,4,False,pending
928f2196d52567f3afa2,55a3042d8baeb03b1d2a,1,False,pending
49d9f3eb143a61d06203,5dadf88425dc447f4874,1,False,pending
49d9f3eb143a61d06203,32f9ffdb9500c97f115b,1,False,pending
49d9f3eb143a61d06203,a46a288fdc01902c80fd,4,False,pending
49d9f3eb143a61d06203,76bb3da0bc28ae10a718,4,False,pending
49d9f3eb143a61d06203,a1891da73328b48068b3,4,False,pending
49d9f3eb143a61d06203,23b75d02d460181cec13,4,False,pending
49d9f3eb143a61d06203,a878345117133df91bbf,4,False,pending
49d9f3eb143a61d06203,75df72aa179c78ffbe31,3,False,pending
49d9f3eb143a61d06203,9179d315d0d08ba25ef6,3,False,pending
49d9f3eb143a61d06203,80b87f54dfd2a494a781,4,False,pending
49d9f3eb143a61d06203,e219802634da8eb1dcf8,4,False,pending
49d9f3eb143a61d06203,c7262d33ee6ba4782d74,4,False,pending
49d9f3eb143a61d06203,55a3042d8baeb03b1d2a,1,False,pending
5dadf88425dc447f4874,75df72aa179c78ffbe31,2,False,pending
5dadf88425dc447f4874,9179d315d0d08ba25ef6,2,False,pending
5dadf88425dc447f4874,80b87f54dfd2a494a781,3,False,pending
5dadf88425dc447f4874,e219802634da8eb1dcf8,3,False,pending
5dadf88425dc447f4874,c7262d33ee6ba4782d74,3,False,pending
5dadf88425dc447f4874,78dbd32d8b78c2736c7d,4,False,pending
5dadf88425dc447f4874,c4efb8904da4ab8c274b,1,False,pending
32f9ffdb9500c97f115b,75df72aa179c78ffbe31,2,False,pending
32f9ffdb9500c97f115b,9179d315d0d08ba25ef6,2,False,pending
32f9ffdb9500c97f115b,80b87f54dfd2a494a781,3,False,pending
32f9ffdb9500c97f115b,e219802634da8eb1dcf8,3,False,pending
32f9ffdb9500c97f115b,c7262d33ee6ba4782d74,3,False,pending
32f9ffdb9500c97f115b,78dbd32d8b78c2736c7d,4,False,pending
32f9ffdb9500c97f115b,c4efb8904da4ab8c274b,1,False,pending
a46a288fdc01902c80fd,23b75d02d460181cec13,2,False,pending
a46a288fdc01902c80fd,a878345117133df91bbf,2,False,pending
a46a288fdc01902c80fd,c4efb8904da4ab8c274b,4,False,pending
76bb3da0bc28ae10a718,23b75d02d460181cec13,2,False,pending
76bb3da0bc28ae10a718,a878345117133df91bbf,2,False,pending
76bb3da0bc28ae10a718,c4efb8904da4ab8c274b,4,False,pending
a1891da73328b48068b3,23b75d02d460181cec13,2,False,pending
a1891da73328b48068b3,a878345117133df91bbf,2,False,pending
a1891da73328b48068b3,c4efb8904da4ab8c274b,4,False,pending
50128bbb8d737a60a40c,801a667f11d5f0e10267,2,False,pending
50128bbb8d737a60a40c,af6124e39f41452786a5,2,False,pending
50128bbb8d737a60a40c,c69b1360886157e0581e,2,False,pending
50128bbb8d737a60a40c,0177460284d13c668a67,4,False,pending
50128bbb8d737a60a40c,c9671b5d0198346b9255,4,False,pending
50128bbb8d737a60a40c,28bd921f093f829e0a46,4,False,pending
50128bbb8d737a60a40c,2815cf97da77bcf9b1bc,4,False,pending
50128bbb8d737a60a40c,07d7a712d8ed7e24d7ae,4,False,pending
a592442483ce1ee400de,801a667f11d5f0e10267,2,False,pending
a592442483ce1ee400de,af6124e39f41452786a5,2,False,pending
a592442483ce1ee400de,c69b1360886157e0581e,2,False,pending
a592442483ce1ee400de,0177460284d13c668a67,4,False,pending
a592442483ce1ee400de,c9671b5d0198346b9255,4,False,pending
a592442483ce1ee400de,28bd921f093f829e0a46,4,False,pending
a592442483ce1ee400de,2815cf97da77bcf9b1bc,4,False,pending
a592442483ce1ee400de,07d7a712d8ed7e24d7ae,4,False,pending
f5e6ea3a2a1a40d15ba4,801a667f11d5f0e10267,2,False,pending
f5e6ea3a2a1a40d15ba4,af6124e39f41452786a5,2,False,pending
f5e6ea3a2a1a40d15ba4,c69b1360886157e0581e,2,False,pending
f5e6ea3a2a1a40d15ba4,0177460284d13c668a67,4,False,pending
f5e6ea3a2a1a40d15ba4,c9671b5d0198346b9255,4,False,pending
f5e6ea3a2a1a40d15ba4,28bd921f093f829e0a46,4,False,pending
f5e6ea3a2a1a40d15ba4,2815cf97da77bcf9b1bc,4,False,pending
f5e6ea3a2a1a40d15ba4,07d7a712d8ed7e24d7ae,4,False,pending
801a667f11d5f0e10267,0177460284d13c668a67,2,False,pending
801a667f11d5f0e10267,c9671b5d0198346b9255,2,False,pending
801a667f11d5f0e10267,28bd921f093f829e0a46,2,False,pending
801a667f11d5f0e10267,2815cf97da77bcf9b1bc,2,False,pending
801a667f11d5f0e10267,07d7a712d8ed7e24d7ae,2,False,pending
af6124e39f41452786a5,0177460284d13c668a67,2,False,pending
af6124e39f41452786a5,c9671b5d0198346b9255,2,False,pending
af6124e39f41452786a5,28bd921f093f829e0a46,2,False,pending
af6124e39f41452786a5,2815cf97da77bcf9b1bc,2,False,pending
af6124e39f41452786a5,07d7a712d8ed7e24d7ae,2,False,pending
c69b1360886157e0581e,0177460284d13c668a67,2,False,pending
c69b1360886157e0581e,c9671b5d0198346b9255,2,False,pending
c69b1360886157e0581e,28bd921f093f829e0a46,2,False,pending
c69b1360886157e0581e,2815cf97da77bcf9b1bc,2,False,pending
c69b1360886157e0581e,07d7a712d8ed7e24d7ae,2,False,pending
0177460284d13c668a67,28bd921f093f829e0a46,0,False,pending
0177460284d13c668a67,3e01ddef649257bfb3c0,3,False,pending
0177460284d13c668a67,fc9d36429ee37a3928b6,3,False,pending
0177460284d13c668a67,07d7a712d8ed7e24d7ae,0,False,pending
0177460284d13c668a67,33edaac6b2a8ec2ae66d,3,False,pending
c9671b5d0198346b9255,28bd921f093f829e0a46,0,False,pending
c9671b5d0198346b9255,3e01ddef649257bfb3c0,3,False,pending
c9671b5d0198346b9255,fc9d36429ee37a3928b6,3,False,pending
c9671b5d0198346b9255,07d7a712d8ed7e24d7ae,0,False,pending
c9671b5d0198346b9255,33edaac6b2a8ec2ae66d,3,False,pending
28bd921f093f829e0a46,3e01ddef649257bfb3c0,3,False,pending
28bd921f093f829e0a46,fc9d36429ee37a3928b6,3,False,pending
28bd921f093f829e0a46,2815cf97da77bcf9b1bc,0,False,pending
28bd921f093f829e0a46,33edaac6b2a8ec2ae66d,3,False,pending
3e01ddef649257bfb3c0,daaf1066e3d6040e0685,4,False,pending
3e01ddef649257bfb3c0,0c4e33c814f7cfc7ce5b,4,False,pending
3e01ddef649257bfb3c0,26a0d835d411556a1bdf,4,False,pending
3e01ddef649257bfb3c0,2815cf97da77bcf9b1bc,3,False,pending
3e01ddef649257bfb3c0,07d7a712d8ed7e24d7ae,3,False,pending
fc9d36429ee37a3928b6,daaf1066e3d6040e0685,4,False,pending
fc9d36429ee37a3928b6,0c4e33c814f7cfc7ce5b,4,False,pending
fc9d36429ee37a3928b6,26a0d835d411556a1bdf,4,False,pending
fc9d36429ee37a3928b6,2815cf97da77bcf9b1bc,3,False,pending
fc9d36429ee37a3928b6,07d7a712d8ed7e24d7ae,3,False,pending
daaf1066e3d6040e0685,33edaac6b2a8ec2ae66d,4,False,pending
0c4e33c814f7cfc7ce5b,33edaac6b2a8ec2ae66d,4,False,pending
26a0d835d411556a1bdf,33edaac6b2a8ec2ae66d,4,False,pending
f7dd3cb651fc8eed9283,80989a93a4bdcbf55875,0,False,pending
f7dd3cb651fc8eed9283,0d7b83c270341c178892,0,False,pending
f7dd3cb651fc8eed9283,a26602813ea134cdeb9c,0,False,pending
f7dd3cb651fc8eed9283,7fca88cb202d8311fcb4,2,False,pending
f7dd3cb651fc8eed9283,7ac38ab6a200a2911b03,2,False,pending
f7dd3cb651fc8eed9283,0e815405c7eb3fcc02e7,2,False,pending
bc1d76d7bbef20ea0b47,80989a93a4bdcbf55875,0,False,pending
bc1d76d7bbef20ea0b47,0d7b83c270341c178892,0,False,pending
bc1d76d7bbef20ea0b47,a26602813ea134cdeb9c,0,False,pending
bc1d76d7bbef20ea0b47,7fca88cb202d8311fcb4,2,False,pending
bc1d76d7bbef20ea0b47,7ac38ab6a200a2911b03,2,False,pending
bc1d76d7bbef20ea0b47,0e815405c7eb3fcc02e7,2,False,pending
164cb3fdf1d91c7582e0,80989a93a4bdcbf55875,0,False,pending
164cb3fdf1d91c7582e0,0d7b83c270341c178892,0,False,pending
164cb3fdf1d91c7582e0,a26602813ea134cdeb9c,0,False,pending
164cb3fdf1d91c7582e0,7fca88cb202d8311fcb4,2,False,pending
164cb3fdf1d91c7582e0,7ac38ab6a200a2911b03,2,False,pending
164cb3fdf1d91c7582e0,0e815405c7eb3fcc02e7,2,False,pending
80989a93a4bdcbf55875,7fca88cb202d8311fcb4,2,False,pending
80989a93a4bdcbf55875,7ac38ab6a200a2911b03,2,False,pending
80989a93a4bdcbf55875,0e815405c7eb3fcc02e7,2,False,pending
0d7b83c270341c178892,7fca88cb202d8311fcb4,2,False,pending
0d7b83c270341c178892,7ac38ab6a200a2911b03,2,False,pending
0d7b83c270341c178892,0e815405c7eb3fcc02e7,2,False,pending
a26602813ea134cdeb9c,7fca88cb202d8311fcb4,2,False,pending
a26602813ea134cdeb9c,7ac38ab6a200a2911b03,2,False,pending
a26602813ea134cdeb9c,0e815405c7eb3fcc02e7,2,False,pending
87172b7147be4f755063,b87b9850705ff918bd31,3,False,pending
87172b7147be4f755063,2bec6120ba0bdb5d0c7f,3,False,pending
87172b7147be4f755063,118c09f0fdccfa98a3bd,3,False,pending
b87b9850705ff918bd31,de7c35ea87cf90db8d2d,3,False,pending
2bec6120ba0bdb5d0c7f,de7c35ea87cf90db8d2d,3,False,pending
118c09f0fdccfa98a3bd,de7c35ea87cf90db8d2d,3,False,pending
cc5aebd64ed2f753d4dd,59c725fd58ba20f7d642,4,False,pending
68635e5f3f5fcc1c65d1,59c725fd58ba20f7d642,4,False,pending
b576d8a293b5c10449ed,59c725fd58ba20f7d642,4,False,pending
af417835d3aae8ff22bd,65550e1189c7d1132513,3,False,pending
af417835d3aae8ff22bd,be7c13c576b7c4d02595,2,False,pending
af417835d3aae8ff22bd,215274620f1d9a46a33f,2,False,pending
af417835d3aae8ff22bd,9b30f6c470633d8457cc,2,False,pending
af417835d3aae8ff22bd,ddbe6836799d4709e922,2,False,pending
af417835d3aae8ff22bd,0ff1c654d2956f206cd3,3,False,pending
af417835d3aae8ff22bd,0e1f05536a9b4dbf6c1a,3,False,pending
af417835d3aae8ff22bd,9f646efbf766b0ab006f,3,False,pending
af417835d3aae8ff22bd,f5eba977740dba5ceffd,3,False,pending
af417835d3aae8ff22bd,1c546b07b9af42b05435,3,False,pending
af417835d3aae8ff22bd,95f4e863417fb593263a,3,False,pending
af417835d3aae8ff22bd,fdec1d535ba44ccfe662,3,False,pending
af417835d3aae8ff22bd,22b34cb908f9b5e4a98d,2,False,pending
af417835d3aae8ff22bd,2f0f44a41184233408d5,2,False,pending
af417835d3aae8ff22bd,44c4561dc23877ee9ed2,2,False,pending
af417835d3aae8ff22bd,2b8f4e71664d50ef6281,2,False,pending
af417835d3aae8ff22bd,6c0cb17ec3dfaedc9bd6,2,False,pending
af417835d3aae8ff22bd,0007da6f35f0a9ec5efc,2,False,pending
af417835d3aae8ff22bd,eec5262a3e3664bf50d5,3,False,pending
af417835d3aae8ff22bd,0be94dac7ac618d43090,3,False,pending
af417835d3aae8ff22bd,47e69124bb124b89ee73,3,False,pending
af417835d3aae8ff22bd,5fa4e19ab17cc058c92a,3,False,pending
af417835d3aae8ff22bd,308f1991bf931a815b73,3,False,pending
af417835d3aae8ff22bd,53a266297bb98f9ec28d,4,False,pending
af417835d3aae8ff22bd,df7436b090f7c9178603,4,False,pending
af417835d3aae8ff22bd,ecf2ec505f9549842f57,4,False,pending
af417835d3aae8ff22bd,3e2358dfe5ab88455987,4,False,pending
af417835d3aae8ff22bd,4e729c11518d047c1be5,4,False,pending
af417835d3aae8ff22bd,2a644f83f1c1d72ec383,4,False,pending
af417835d3aae8ff22bd,c747c7d9ac6a7331842d,4,False,pending
af417835d3aae8ff22bd,26319d33aa13c8b2511a,3,False,pending
af417835d3aae8ff22bd,7c10fc29b4b37e22ff5d,3,False,pending
af417835d3aae8ff22bd,7e419d059b3c29de905f,3,False,pending
af417835d3aae8ff22bd,a3a60bfc4d280dd7fa6a,3,False,pending
af417835d3aae8ff22bd,e0c6a0d62c0357010449,3,False,pending
af417835d3aae8ff22bd,57ece6052cb009ce34d3,3,False,pending
af417835d3aae8ff22bd,4afb928ef68fded20d0f,3,False,pending
af417835d3aae8ff22bd,61d78ce58476e4fae645,4,False,pending
af417835d3aae8ff22bd,234fecbf65b6c0dcebd3,3,False,pending
af417835d3aae8ff22bd,7ad7ca9d7436bd407ef2,4,False,pending
af417835d3aae8ff22bd,1b1f9723e7318bf841ac,4,False,pending
af417835d3aae8ff22bd,7d83dc58278ebef8d3a3,4,False,pending
af417835d3aae8ff22bd,f728f90e984d76c12ba9,4,False,pending
af417835d3aae8ff22bd,ca517e90209b74e234aa,4,False,pending
af417835d3aae8ff22bd,2fe0e29226e48d98168f,4,False,pending
af417835d3aae8ff22bd,9657778bc49c6cdb6612,4,False,pending
af417835d3aae8ff22bd,6b59312903ac971959e2,4,False,pending
af417835d3aae8ff22bd,408baf4fbb17803fb3d6,4,False,pending
af417835d3aae8ff22bd,f07c3f628a3be785edd9,4,False,pending
af417835d3aae8ff22bd,3b22ca9b2517d576f22e,4,False,pending
af417835d3aae8ff22bd,daddf8167bdfcd608d41,4,False,pending
af417835d3aae8ff22bd,658e22365c321dd489fe,4,False,pending
af417835d3aae8ff22bd,191754d258d36fefbe05,4,False,pending
af417835d3aae8ff22bd,3ee9ebe89dbac0ce6246,4,False,pending
af417835d3aae8ff22bd,e906d3346b0f8c3676f8,4,False,pending
af417835d3aae8ff22bd,1340507560e8d4d692bb,4,False,pending
af417835d3aae8ff22bd,c36e8f45e46cd2c20a14,4,False,pending
af417835d3aae8ff22bd,4b00fd3983cf5315bdd2,4,False,pending
af417835d3aae8ff22bd,c96e3bcc8986f4a0001a,4,False,pending
af417835d3aae8ff22bd,b94caabc4b10487bdec5,2,False,pending
af417835d3aae8ff22bd,107768ca7825c509d025,3,False,pending
af417835d3aae8ff22bd,7263cae6e898bc7f20a8,3,False,pending
af417835d3aae8ff22bd,05e8c1eee0399894908c,4,False,pending
af417835d3aae8ff22bd,c263b10acbed7d9ce56e,4,False,pending
af417835d3aae8ff22bd,7dfa8a88e189555d71ca,3,False,pending
af417835d3aae8ff22bd,b77776a9914b2542a475,3,False,pending
af417835d3aae8ff22bd,a8381cf3831847e1b254,2,False,pending
af417835d3aae8ff22bd,70bfcd6593828bddbc28,4,False,pending
af417835d3aae8ff22bd,3435b205cf2894c16d94,3,False,pending
af417835d3aae8ff22bd,561e219f4507a73d9826,4,False,pending
af417835d3aae8ff22bd,02637da2d1bec857f727,4,False,pending
af417835d3aae8ff22bd,e7306963a8ec3a39a8c6,4,False,pending
af417835d3aae8ff22bd,5dd7c49e1a9ce0914e81,4,False,pending
53511bcbeebc697775f1,65550e1189c7d1132513,3,False,pending
53511bcbeebc697775f1,be7c13c576b7c4d02595,2,False,pending
53511bcbeebc697775f1,215274620f1d9a46a33f,2,False,pending
53511bcbeebc697775f1,9b30f6c470633d8457cc,2,False,pending
53511bcbeebc697775f1,ddbe6836799d4709e922,2,False,pending
53511bcbeebc697775f1,0ff1c654d2956f206cd3,3,False,pending
53511bcbeebc697775f1,0e1f05536a9b4dbf6c1a,3,False,pending
53511bcbeebc697775f1,9f646efbf766b0ab006f,3,False,pending
53511bcbeebc697775f1,f5eba977740dba5ceffd,3,False,pending
53511bcbeebc697775f1,1c546b07b9af42b05435,3,False,pending
53511bcbeebc697775f1,95f4e863417fb593263a,3,False,pending
53511bcbeebc697775f1,fdec1d535ba44ccfe662,3,False,pending
53511bcbeebc697775f1,22b34cb908f9b5e4a98d,2,False,pending
53511bcbeebc697775f1,2f0f44a41184233408d5,2,False,pending
53511bcbeebc697775f1,44c4561dc23877ee9ed2,2,False,pending
53511bcbeebc697775f1,2b8f4e71664d50ef6281,2,False,pending
53511bcbeebc697775f1,6c0cb17ec3dfaedc9bd6,2,False,pending
53511bcbeebc697775f1,0007da6f35f0a9ec5efc,2,False,pending
53511bcbeebc697775f1,eec5262a3e3664bf50d5,3,False,pending
53511bcbeebc697775f1,0be94dac7ac618d43090,3,False,pending
53511bcbeebc697775f1,47e69124bb124b89ee73,3,False,pending
53511bcbeebc697775f1,5fa4e19ab17cc058c92a,3,False,pending
53511bcbeebc697775f1,308f1991bf931a815b73,3,False,pending
53511bcbeebc697775f1,53a266297bb98f9ec28d,4,False,pending
53511bcbeebc697775f1,df7436b090f7c9178603,4,False,pending
53511bcbeebc697775f1,ecf2ec505f9549842f57,4,False,pending
53511bcbeebc697775f1,3e2358dfe5ab88455987,4,False,pending
53511bcbeebc697775f1,4e729c11518d047c1be5,4,False,pending
53511bcbeebc697775f1,2a644f83f1c1d72ec383,4,False,pending
53511bcbeebc697775f1,c747c7d9ac6a7331842d,4,False,pending
53511bcbeebc697775f1,26319d33aa13c8b2511a,3,False,pending
53511bcbeebc697775f1,7c10fc29b4b37e22ff5d,3,False,pending
53511bcbeebc697775f1,7e419d059b3c29de905f,3,False,pending
53511bcbeebc697775f1,a3a60bfc4d280dd7fa6a,3,False,pending
53511bcbeebc697775f1,e0c6a0d62c0357010449,3,False,pending
53511bcbeebc697775f1,57ece6052cb009ce34d3,3,False,pending
53511bcbeebc697775f1,4afb928ef68fded20d0f,3,False,pending
53511bcbeebc697775f1,61d78ce58476e4fae645,4,False,pending
53511bcbeebc697775f1,234fecbf65b6c0dcebd3,3,False,pending
53511bcbeebc697775f1,7ad7ca9d7436bd407ef2,4,False,pending
53511bcbeebc697775f1,1b1f9723e7318bf841ac,4,False,pending
53511bcbeebc697775f1,7d83dc58278ebef8d3a3,4,False,pending
53511bcbeebc697775f1,f728f90e984d76c12ba9,4,False,pending
53511bcbeebc697775f1,ca517e90209b74e234aa,4,False,pending
53511bcbeebc697775f1,2fe0e29226e48d98168f,4,False,pending
53511bcbeebc697775f1,9657778bc49c6cdb6612,4,False,pending
53511bcbeebc697775f1,6b59312903ac971959e2,4,False,pending
53511bcbeebc697775f1,408baf4fbb17803fb3d6,4,False,pending
53511bcbeebc697775f1,f07c3f628a3be785edd9,4,False,pending
53511bcbeebc697775f1,3b22ca9b2517d576f22e,4,False,pending
53511bcbeebc697775f1,daddf8167bdfcd608d41,4,False,pending
53511bcbeebc697775f1,658e22365c321dd489fe,4,False,pending
53511bcbeebc697775f1,191754d258d36fefbe05,4,False,pending
53511bcbeebc697775f1,3ee9ebe89dbac0ce6246,4,False,pending
53511bcbeebc697775f1,e906d3346b0f8c3676f8,4,False,pending
53511bcbeebc697775f1,1340507560e8d4d692bb,4,False,pending
53511bcbeebc697775f1,c36e8f45e46cd2c20a14,4,False,pending
53511bcbeebc697775f1,4b00fd3983cf5315bdd2,4,False,pending
53511bcbeebc697775f1,c96e3bcc8986f4a0001a,4,False,pending
53511bcbeebc697775f1,b94caabc4b10487bdec5,2,False,pending
53511bcbeebc697775f1,107768ca7825c509d025,3,False,pending
53511bcbeebc697775f1,7263cae6e898bc7f20a8,3,False,pending
53511bcbeebc697775f1,05e8c1eee0399894908c,4,False,pending
53511bcbeebc697775f1,c263b10acbed7d9ce56e,4,False,pending
53511bcbeebc697775f1,7dfa8a88e189555d71ca,3,False,pending
53511bcbeebc697775f1,b77776a9914b2542a475,3,False,pending
53511bcbeebc697775f1,a8381cf3831847e1b254,2,False,pending
53511bcbeebc697775f1,70bfcd6593828bddbc28,4,False,pending
53511bcbeebc697775f1,3435b205cf2894c16d94,3,False,pending
53511bcbeebc697775f1,561e219f4507a73d9826,4,False,pending
53511bcbeebc697775f1,02637da2d1bec857f727,4,False,pending
53511bcbeebc697775f1,e7306963a8ec3a39a8c6,4,False,pending
53511bcbeebc697775f1,5dd7c49e1a9ce0914e81,4,False,pending
7b00dfeb34af03363aa1,65550e1189c7d1132513,3,False,pending
7b00dfeb34af03363aa1,be7c13c576b7c4d02595,2,False,pending
7b00dfeb34af03363aa1,215274620f1d9a46a33f,2,False,pending
7b00dfeb34af03363aa1,9b30f6c470633d8457cc,2,False,pending
7b00dfeb34af03363aa1,ddbe6836799d4709e922,2,False,pending
7b00dfeb34af03363aa1,0ff1c654d2956f206cd3,3,False,pending
7b00dfeb34af03363aa1,0e1f05536a9b4dbf6c1a,3,False,pending
7b00dfeb34af03363aa1,9f646efbf766b0ab006f,3,False,pending
7b00dfeb34af03363aa1,f5eba977740dba5ceffd,3,False,pending
7b00dfeb34af03363aa1,1c546b07b9af42b05435,3,False,pending
7b00dfeb34af03363aa1,95f4e863417fb593263a,3,False,pending
7b00dfeb34af03363aa1,fdec1d535ba44ccfe662,3,False,pending
7b00dfeb34af03363aa1,22b34cb908f9b5e4a98d,2,False,pending
7b00dfeb34af03363aa1,2f0f44a41184233408d5,2,False,pending
7b00dfeb34af03363aa1,44c4561dc23877ee9ed2,2,False,pending
7b00dfeb34af03363aa1,2b8f4e71664d50ef6281,2,False,pending
7b00dfeb34af03363aa1,6c0cb17ec3dfaedc9bd6,2,False,pending
7b00dfeb34af03363aa1,0007da6f35f0a9ec5efc,2,False,pending
7b00dfeb34af03363aa1,eec5262a3e3664bf50d5,3,False,pending
7b00dfeb34af03363aa1,0be94dac7ac618d43090,3,False,pending
7b00dfeb34af03363aa1,47e69124bb124b89ee73,3,False,pending
7b00dfeb34af03363aa1,5fa4e19ab17cc058c92a,3,False,pending
7b00dfeb34af03363aa1,308f1991bf931a815b73,3,False,pending
7b00dfeb34af03363aa1,53a266297bb98f9ec28d,4,False,pending
7b00dfeb34af03363aa1,df7436b090f7c9178603,4,False,pending
7b00dfeb34af03363aa1,ecf2ec505f9549842f57,4,False,pending
7b00dfeb34af03363aa1,3e2358dfe5ab88455987,4,False,pending
7b00dfeb34af03363aa1,4e729c11518d047c1be5,4,False,pending
7b00dfeb34af03363aa1,2a644f83f1c1d72ec383,4,False,pending
7b00dfeb34af03363aa1,c747c7d9ac6a7331842d,4,False,pending
7b00dfeb34af03363aa1,26319d33aa13c8b2511a,3,False,pending
7b00dfeb34af03363aa1,7c10fc29b4b37e22ff5d,3,False,pending
7b00dfeb34af03363aa1,7e419d059b3c29de905f,3,False,pending
7b00dfeb34af03363aa1,a3a60bfc4d280dd7fa6a,3,False,pending
7b00dfeb34af03363aa1,e0c6a0d62c0357010449,3,False,pending
7b00dfeb34af03363aa1,57ece6052cb009ce34d3,3,False,pending
7b00dfeb34af03363aa1,4afb928ef68fded20d0f,3,False,pending
7b00dfeb34af03363aa1,61d78ce58476e4fae645,4,False,pending
7b00dfeb34af03363aa1,234fecbf65b6c0dcebd3,3,False,pending
7b00dfeb34af03363aa1,7ad7ca9d7436bd407ef2,4,False,pending
7b00dfeb34af03363aa1,1b1f9723e7318bf841ac,4,False,pending
7b00dfeb34af03363aa1,7d83dc58278ebef8d3a3,4,False,pending
7b00dfeb34af03363aa1,f728f90e984d76c12ba9,4,False,pending
7b00dfeb34af03363aa1,ca517e90209b74e234aa,4,False,pending
7b00dfeb34af03363aa1,2fe0e29226e48d98168f,4,False,pending
7b00dfeb34af03363aa1,9657778bc49c6cdb6612,4,False,pending
7b00dfeb34af03363aa1,6b59312903ac971959e2,4,False,pending
7b00dfeb34af03363aa1,408baf4fbb17803fb3d6,4,False,pending
7b00dfeb34af03363aa1,f07c3f628a3be785edd9,4,False,pending
7b00dfeb34af03363aa1,3b22ca9b2517d576f22e,4,False,pending
7b00dfeb34af03363aa1,daddf8167bdfcd608d41,4,False,pending
7b00dfeb34af03363aa1,658e22365c321dd489fe,4,False,pending
7b00dfeb34af03363aa1,191754d258d36fefbe05,4,False,pending
7b00dfeb34af03363aa1,3ee9ebe89dbac0ce6246,4,False,pending
7b00dfeb34af03363aa1,e906d3346b0f8c3676f8,4,False,pending
7b00dfeb34af03363aa1,1340507560e8d4d692bb,4,False,pending
7b00dfeb34af03363aa1,c36e8f45e46cd2c20a14,4,False,pending
7b00dfeb34af03363aa1,4b00fd3983cf5315bdd2,4,False,pending
7b00dfeb34af03363aa1,c96e3bcc8986f4a0001a,4,False,pending
7b00dfeb34af03363aa1,b94caabc4b10487bdec5,2,False,pending
7b00dfeb34af03363aa1,107768ca7825c509d025,3,False,pending
7b00dfeb34af03363aa1,7263cae6e898bc7f20a8,3,False,pending
7b00dfeb34af03363aa1,05e8c1eee0399894908c,4,False,pending
7b00dfeb34af03363aa1,c263b10acbed7d9ce56e,4,False,pending
7b00dfeb34af03363aa1,7dfa8a88e189555d71ca,3,False,pending
7b00dfeb34af03363aa1,b77776a9914b2542a475,3,False,pending
7b00dfeb34af03363aa1,a8381cf3831847e1b254,2,False,pending
7b00dfeb34af03363aa1,70bfcd6593828bddbc28,4,False,pending
7b00dfeb34af03363aa1,3435b205cf2894c16d94,3,False,pending
7b00dfeb34af03363aa1,561e219f4507a73d9826,4,False,pending
7b00dfeb34af03363aa1,02637da2d1bec857f727,4,False,pending
7b00dfeb34af03363aa1,e7306963a8ec3a39a8c6,4,False,pending
7b00dfeb34af03363aa1,5dd7c49e1a9ce0914e81,4,False,pending
65550e1189c7d1132513,be7c13c576b7c4d02595,1,False,pending
65550e1189c7d1132513,215274620f1d9a46a33f,1,False,pending
65550e1189c7d1132513,9b30f6c470633d8457cc,1,False,pending
65550e1189c7d1132513,ddbe6836799d4709e922,1,False,pending
65550e1189c7d1132513,0ff1c654d2956f206cd3,2,False,pending
65550e1189c7d1132513,0e1f05536a9b4dbf6c1a,2,False,pending
65550e1189c7d1132513,9f646efbf766b0ab006f,2,False,pending
65550e1189c7d1132513,f5eba977740dba5ceffd,2,False,pending
65550e1189c7d1132513,1c546b07b9af42b05435,2,False,pending
65550e1189c7d1132513,95f4e863417fb593263a,2,False,pending
65550e1189c7d1132513,fdec1d535ba44ccfe662,2,False,pending
65550e1189c7d1132513,22b34cb908f9b5e4a98d,1,False,pending
65550e1189c7d1132513,2f0f44a41184233408d5,1,False,pending
65550e1189c7d1132513,44c4561dc23877ee9ed2,1,False,pending
65550e1189c7d1132513,2b8f4e71664d50ef6281,1,False,pending
65550e1189c7d1132513,6c0cb17ec3dfaedc9bd6,1,False,pending
65550e1189c7d1132513,0007da6f35f0a9ec5efc,1,False,pending
65550e1189c7d1132513,eec5262a3e3664bf50d5,2,False,pending
65550e1189c7d1132513,0be94dac7ac618d43090,2,False,pending
65550e1189c7d1132513,47e69124bb124b89ee73,2,False,pending
65550e1189c7d1132513,5fa4e19ab17cc058c92a,2,False,pending
65550e1189c7d1132513,308f1991bf931a815b73,2,False,pending
65550e1189c7d1132513,53a266297bb98f9ec28d,3,False,pending
65550e1189c7d1132513,df7436b090f7c9178603,3,False,pending
65550e1189c7d1132513,9943d4624140c991fccd,4,False,pending
65550e1189c7d1132513,6eb9b02da1c72c324578,4,False,pending
65550e1189c7d1132513,e86f2bd0fce59ed85966,4,False,pending
65550e1189c7d1132513,2ae4aa8005dc53fdc257,4,False,pending
65550e1189c7d1132513,5e4e61b52c77d2d4956d,3,False,pending
65550e1189c7d1132513,12be1682c5370d82bdaf,3,False,pending
65550e1189c7d1132513,5c3bb3b6a654fc543103,3,False,pending
65550e1189c7d1132513,35f70cb1879ace6ba0b2,4,False,pending
65550e1189c7d1132513,a490a0e346030d465552,4,False,pending
65550e1189c7d1132513,d9c775e4122422cd0a5f,4,False,pending
65550e1189c7d1132513,9ba1ae2897dbda8a14a8,4,False,pending
65550e1189c7d1132513,ad1243412c8169e6cc30,4,False,pending
65550e1189c7d1132513,8ac5011dc42a22cd8715,4,False,pending
65550e1189c7d1132513,c552c5efddd227aaf44e,4,False,pending
65550e1189c7d1132513,db6325854b9a72c417a7,4,False,pending
65550e1189c7d1132513,ecf2ec505f9549842f57,3,False,pending
65550e1189c7d1132513,3e2358dfe5ab88455987,3,False,pending
65550e1189c7d1132513,4e729c11518d047c1be5,3,False,pending
65550e1189c7d1132513,2a644f83f1c1d72ec383,3,False,pending
65550e1189c7d1132513,c747c7d9ac6a7331842d,3,False,pending
65550e1189c7d1132513,26319d33aa13c8b2511a,2,False,pending
65550e1189c7d1132513,7c10fc29b4b37e22ff5d,2,False,pending
65550e1189c7d1132513,7e419d059b3c29de905f,2,False,pending
65550e1189c7d1132513,a3a60bfc4d280dd7fa6a,2,False,pending
65550e1189c7d1132513,e0c6a0d62c0357010449,2,False,pending
65550e1189c7d1132513,57ece6052cb009ce34d3,2,False,pending
65550e1189c7d1132513,4afb928ef68fded20d0f,2,False,pending
65550e1189c7d1132513,377e7df0035e0acbfac7,4,False,pending
65550e1189c7d1132513,0697e7777b066fb8d8d1,4,False,pending
65550e1189c7d1132513,61d78ce58476e4fae645,3,False,pending
65550e1189c7d1132513,46b812dc1001b7d3b6e5,4,False,pending
65550e1189c7d1132513,ae46c54df758a7a30ff0,4,False,pending
65550e1189c7d1132513,234fecbf65b6c0dcebd3,2,False,pending
65550e1189c7d1132513,7ad7ca9d7436bd407ef2,3,False,pending
65550e1189c7d1132513,1b1f9723e7318bf841ac,3,False,pending
65550e1189c7d1132513,7d83dc58278ebef8d3a3,3,False,pending
65550e1189c7d1132513,f728f90e984d76c12ba9,3,False,pending
65550e1189c7d1132513,1dbe06181cdd45414a9d,4,False,pending
65550e1189c7d1132513,f8080a59db0763d5ba43,4,False,pending
65550e1189c7d1132513,ca517e90209b74e234aa,3,False,pending
65550e1189c7d1132513,2fe0e29226e48d98168f,3,False,pending
65550e1189c7d1132513,9657778bc49c6cdb6612,3,False,pending
65550e1189c7d1132513,5efa4cb81101b3e2b680,4,False,pending
65550e1189c7d1132513,a9df733be3ca722f05b7,4,False,pending
65550e1189c7d1132513,6b59312903ac971959e2,3,False,pending
65550e1189c7d1132513,408baf4fbb17803fb3d6,3,False,pending
65550e1189c7d1132513,f07c3f628a3be785edd9,3,False,pending
65550e1189c7d1132513,3b22ca9b2517d576f22e,3,False,pending
65550e1189c7d1132513,191754d258d36fefbe05,3,False,pending
65550e1189c7d1132513,3ee9ebe89dbac0ce6246,3,False,pending
65550e1189c7d1132513,e906d3346b0f8c3676f8,3,False,pending
65550e1189c7d1132513,0a139ca0315d6eae574d,4,False,pending
65550e1189c7d1132513,fdc891ef7b15f5953c56,4,False,pending
65550e1189c7d1132513,9b8b95815322d0a3ae79,4,False,pending
65550e1189c7d1132513,4b00fd3983cf5315bdd2,3,False,pending
65550e1189c7d1132513,c96e3bcc8986f4a0001a,3,False,pending
65550e1189c7d1132513,b94caabc4b10487bdec5,1,False,pending
65550e1189c7d1132513,107768ca7825c509d025,2,False,pending
65550e1189c7d1132513,7263cae6e898bc7f20a8,2,False,pending
65550e1189c7d1132513,05e8c1eee0399894908c,3,False,pending
65550e1189c7d1132513,c33622b54ccb66b8ea42,4,False,pending
65550e1189c7d1132513,250ae161e30aac952b55,4,False,pending
65550e1189c7d1132513,1fc549a3f42c99dd7b4f,4,False,pending
65550e1189c7d1132513,4ce09bb5dd2b2104683e,4,False,pending
65550e1189c7d1132513,c263b10acbed7d9ce56e,3,False,pending
65550e1189c7d1132513,7dfa8a88e189555d71ca,2,False,pending
65550e1189c7d1132513,b77776a9914b2542a475,2,False,pending
65550e1189c7d1132513,814a9b59de10f3bb0d37,4,False,pending
65550e1189c7d1132513,a8381cf3831847e1b254,1,False,pending
65550e1189c7d1132513,70bfcd6593828bddbc28,3,False,pending
65550e1189c7d1132513,644b08ea92be7e5966f5,4,False,pending
65550e1189c7d1132513,a9f2d079250f8ca533f2,4,False,pending
65550e1189c7d1132513,3435b205cf2894c16d94,2,False,pending
65550e1189c7d1132513,561e219f4507a73d9826,3,False,pending
65550e1189c7d1132513,55fb626c9581efc07447,4,False,pending
65550e1189c7d1132513,b8f70e59b3e6a470efd1,4,False,pending
65550e1189c7d1132513,02637da2d1bec857f727,3,False,pending
65550e1189c7d1132513,e7306963a8ec3a39a8c6,3,False,pending
be7c13c576b7c4d02595,9b30f6c470633d8457cc,0,False,pending
be7c13c576b7c4d02595,ddbe6836799d4709e922,0,False,pending
be7c13c576b7c4d02595,0ff1c654d2956f206cd3,1,False,pending
be7c13c576b7c4d02595,0e1f05536a9b4dbf6c1a,1,False,pending
be7c13c576b7c4d02595,9f646efbf766b0ab006f,1,False,pending
be7c13c576b7c4d02595,f5eba977740dba5ceffd,1,False,pending
be7c13c576b7c4d02595,1c546b07b9af42b05435,1,False,pending
be7c13c576b7c4d02595,95f4e863417fb593263a,1,False,pending
be7c13c576b7c4d02595,fdec1d535ba44ccfe662,1,False,pending
be7c13c576b7c4d02595,22b34cb908f9b5e4a98d,0,False,pending
be7c13c576b7c4d02595,2f0f44a41184233408d5,0,False,pending
be7c13c576b7c4d02595,44c4561dc23877ee9ed2,0,False,pending
be7c13c576b7c4d02595,2b8f4e71664d50ef6281,0,False,pending
be7c13c576b7c4d02595,6c0cb17ec3dfaedc9bd6,0,False,pending
be7c13c576b7c4d02595,0007da6f35f0a9ec5efc,0,False,pending
be7c13c576b7c4d02595,eec5262a3e3664bf50d5,1,False,pending
be7c13c576b7c4d02595,0be94dac7ac618d43090,1,False,pending
be7c13c576b7c4d02595,47e69124bb124b89ee73,1,False,pending
be7c13c576b7c4d02595,5fa4e19ab17cc058c92a,1,False,pending
be7c13c576b7c4d02595,308f1991bf931a815b73,1,False,pending
be7c13c576b7c4d02595,53a266297bb98f9ec28d,2,False,pending
be7c13c576b7c4d02595,df7436b090f7c9178603,2,False,pending
be7c13c576b7c4d02595,5e4e61b52c77d2d4956d,4,False,pending
be7c13c576b7c4d02595,12be1682c5370d82bdaf,4,False,pending
be7c13c576b7c4d02595,5c3bb3b6a654fc543103,4,False,pending
be7c13c576b7c4d02595,fbf8459c54b5e7e34aef,4,False,pending
be7c13c576b7c4d02595,d63e4b89254fd3d8c5f9,4,False,pending
be7c13c576b7c4d02595,ec29764946c1376cccbe,4,False,pending
be7c13c576b7c4d02595,9ba1ae2897dbda8a14a8,3,False,pending
be7c13c576b7c4d02595,ad1243412c8169e6cc30,3,False,pending
be7c13c576b7c4d02595,8ac5011dc42a22cd8715,3,False,pending
be7c13c576b7c4d02595,c552c5efddd227aaf44e,3,False,pending
be7c13c576b7c4d02595,db6325854b9a72c417a7,3,False,pending
be7c13c576b7c4d02595,ecf2ec505f9549842f57,2,False,pending
be7c13c576b7c4d02595,3e2358dfe5ab88455987,2,False,pending
be7c13c576b7c4d02595,4e729c11518d047c1be5,2,False,pending
be7c13c576b7c4d02595,2a644f83f1c1d72ec383,2,False,pending
be7c13c576b7c4d02595,c747c7d9ac6a7331842d,2,False,pending
be7c13c576b7c4d02595,26319d33aa13c8b2511a,1,False,pending
be7c13c576b7c4d02595,7c10fc29b4b37e22ff5d,1,False,pending
be7c13c576b7c4d02595,7e419d059b3c29de905f,1,False,pending
be7c13c576b7c4d02595,a3a60bfc4d280dd7fa6a,1,False,pending
be7c13c576b7c4d02595,e0c6a0d62c0357010449,1,False,pending
be7c13c576b7c4d02595,57ece6052cb009ce34d3,1,False,pending
be7c13c576b7c4d02595,4afb928ef68fded20d0f,1,False,pending
be7c13c576b7c4d02595,61d78ce58476e4fae645,2,False,pending
be7c13c576b7c4d02595,46b812dc1001b7d3b6e5,3,False,pending
be7c13c576b7c4d02595,ae46c54df758a7a30ff0,3,False,pending
be7c13c576b7c4d02595,234fecbf65b6c0dcebd3,1,False,pending
be7c13c576b7c4d02595,7ad7ca9d7436bd407ef2,2,False,pending
be7c13c576b7c4d02595,1b1f9723e7318bf841ac,2,False,pending
be7c13c576b7c4d02595,8a124b4a7aac984a1de8,4,False,pending
be7c13c576b7c4d02595,2633580c5487f1c8726c,4,False,pending
be7c13c576b7c4d02595,7d83dc58278ebef8d3a3,2,False,pending
be7c13c576b7c4d02595,f728f90e984d76c12ba9,2,False,pending
be7c13c576b7c4d02595,1dbe06181cdd45414a9d,3,False,pending
be7c13c576b7c4d02595,f8080a59db0763d5ba43,3,False,pending
be7c13c576b7c4d02595,ca517e90209b74e234aa,2,False,pending
be7c13c576b7c4d02595,2fe0e29226e48d98168f,2,False,pending
be7c13c576b7c4d02595,9657778bc49c6cdb6612,2,False,pending
be7c13c576b7c4d02595,5efa4cb81101b3e2b680,3,False,pending
be7c13c576b7c4d02595,a9df733be3ca722f05b7,3,False,pending
be7c13c576b7c4d02595,6b59312903ac971959e2,2,False,pending
be7c13c576b7c4d02595,408baf4fbb17803fb3d6,2,False,pending
be7c13c576b7c4d02595,f07c3f628a3be785edd9,2,False,pending
be7c13c576b7c4d02595,3b22ca9b2517d576f22e,2,False,pending
be7c13c576b7c4d02595,daddf8167bdfcd608d41,4,False,pending
be7c13c576b7c4d02595,658e22365c321dd489fe,4,False,pending
be7c13c576b7c4d02595,191754d258d36fefbe05,2,False,pending
be7c13c576b7c4d02595,3ee9ebe89dbac0ce6246,2,False,pending
be7c13c576b7c4d02595,e906d3346b0f8c3676f8,2,False,pending
be7c13c576b7c4d02595,0a139ca0315d6eae574d,3,False,pending
be7c13c576b7c4d02595,fdc891ef7b15f5953c56,3,False,pending
be7c13c576b7c4d02595,9b8b95815322d0a3ae79,3,False,pending
be7c13c576b7c4d02595,1340507560e8d4d692bb,4,False,pending
be7c13c576b7c4d02595,c36e8f45e46cd2c20a14,4,False,pending
be7c13c576b7c4d02595,ca031beab1a7fb2cd198,4,False,pending
be7c13c576b7c4d02595,c1027b69b773fd8abb77,4,False,pending
be7c13c576b7c4d02595,4b00fd3983cf5315bdd2,2,False,pending
be7c13c576b7c4d02595,c96e3bcc8986f4a0001a,2,False,pending
be7c13c576b7c4d02595,b94caabc4b10487bdec5,0,False,pending
be7c13c576b7c4d02595,107768ca7825c509d025,1,False,pending
be7c13c576b7c4d02595,7263cae6e898bc7f20a8,1,False,pending
be7c13c576b7c4d02595,05e8c1eee0399894908c,2,False,pending
be7c13c576b7c4d02595,593775773d3c5912b25e,4,False,pending
be7c13c576b7c4d02595,335603eeb8e00360812a,4,False,pending
be7c13c576b7c4d02595,1fc549a3f42c99dd7b4f,3,False,pending
be7c13c576b7c4d02595,4ce09bb5dd2b2104683e,3,False,pending
be7c13c576b7c4d02595,c263b10acbed7d9ce56e,2,False,pending
be7c13c576b7c4d02595,7dfa8a88e189555d71ca,1,False,pending
be7c13c576b7c4d02595,b77776a9914b2542a475,1,False,pending
be7c13c576b7c4d02595,a8381cf3831847e1b254,0,False,pending
be7c13c576b7c4d02595,70bfcd6593828bddbc28,2,False,pending
be7c13c576b7c4d02595,644b08ea92be7e5966f5,3,False,pending
be7c13c576b7c4d02595,a9f2d079250f8ca533f2,3,False,pending
be7c13c576b7c4d02595,3435b205cf2894c16d94,1,False,pending
be7c13c576b7c4d02595,561e219f4507a73d9826,2,False,pending
be7c13c576b7c4d02595,55fb626c9581efc07447,3,False,pending
be7c13c576b7c4d02595,b8f70e59b3e6a470efd1,3,False,pending
be7c13c576b7c4d02595,02637da2d1bec857f727,2,False,pending
be7c13c576b7c4d02595,e7306963a8ec3a39a8c6,2,False,pending
be7c13c576b7c4d02595,5dd7c49e1a9ce0914e81,4,False,pending
215274620f1d9a46a33f,9b30f6c470633d8457cc,0,False,pending
215274620f1d9a46a33f,ddbe6836799d4709e922,0,False,pending
215274620f1d9a46a33f,0ff1c654d2956f206cd3,1,False,pending
215274620f1d9a46a33f,0e1f05536a9b4dbf6c1a,1,False,pending
215274620f1d9a46a33f,9f646efbf766b0ab006f,1,False,pending
215274620f1d9a46a33f,f5eba977740dba5ceffd,1,False,pending
215274620f1d9a46a33f,1c546b07b9af42b05435,1,False,pending
215274620f1d9a46a33f,95f4e863417fb593263a,1,False,pending
215274620f1d9a46a33f,fdec1d535ba44ccfe662,1,False,pending
215274620f1d9a46a33f,22b34cb908f9b5e4a98d,0,False,pending
215274620f1d9a46a33f,2f0f44a41184233408d5,0,False,pending
215274620f1d9a46a33f,44c4561dc23877ee9ed2,0,False,pending
215274620f1d9a46a33f,2b8f4e71664d50ef6281,0,False,pending
215274620f1d9a46a33f,6c0cb17ec3dfaedc9bd6,0,False,pending
215274620f1d9a46a33f,0007da6f35f0a9ec5efc,0,False,pending
215274620f1d9a46a33f,eec5262a3e3664bf50d5,1,False,pending
215274620f1d9a46a33f,0be94dac7ac618d43090,1,False,pending
215274620f1d9a46a33f,47e69124bb124b89ee73,1,False,pending
215274620f1d9a46a33f,5fa4e19ab17cc058c92a,1,False,pending
215274620f1d9a46a33f,308f1991bf931a815b73,1,False,pending
215274620f1d9a46a33f,53a266297bb98f9ec28d,2,False,pending
215274620f1d9a46a33f,df7436b090f7c9178603,2,False,pending
215274620f1d9a46a33f,5e4e61b52c77d2d4956d,4,False,pending
215274620f1d9a46a33f,12be1682c5370d82bdaf,4,False,pending
215274620f1d9a46a33f,5c3bb3b6a654fc543103,4,False,pending
215274620f1d9a46a33f,fbf8459c54b5e7e34aef,4,False,pending
215274620f1d9a46a33f,d63e4b89254fd3d8c5f9,4,False,pending
215274620f1d9a46a33f,ec29764946c1376cccbe,4,False,pending
215274620f1d9a46a33f,9ba1ae2897dbda8a14a8,3,False,pending
215274620f1d9a46a33f,ad1243412c8169e6cc30,3,False,pending
215274620f1d9a46a33f,8ac5011dc42a22cd8715,3,False,pending
215274620f1d9a46a33f,c552c5efddd227aaf44e,3,False,pending
215274620f1d9a46a33f,db6325854b9a72c417a7,3,False,pending
215274620f1d9a46a33f,ecf2ec505f9549842f57,2,False,pending
215274620f1d9a46a33f,3e2358dfe5ab88455987,2,False,pending
215274620f1d9a46a33f,4e729c11518d047c1be5,2,False,pending
215274620f1d9a46a33f,2a644f83f1c1d72ec383,2,False,pending
215274620f1d9a46a33f,c747c7d9ac6a7331842d,2,False,pending
215274620f1d9a46a33f,26319d33aa13c8b2511a,1,False,pending
215274620f1d9a46a33f,7c10fc29b4b37e22ff5d,1,False,pending
215274620f1d9a46a33f,7e419d059b3c29de905f,1,False,pending
215274620f1d9a46a33f,a3a60bfc4d280dd7fa6a,1,False,pending
215274620f1d9a46a33f,e0c6a0d62c0357010449,1,False,pending
215274620f1d9a46a33f,57ece6052cb009ce34d3,1,False,pending
215274620f1d9a46a33f,4afb928ef68fded20d0f,1,False,pending
215274620f1d9a46a33f,61d78ce58476e4fae645,2,False,pending
215274620f1d9a46a33f,46b812dc1001b7d3b6e5,3,False,pending
215274620f1d9a46a33f,ae46c54df758a7a30ff0,3,False,pending
215274620f1d9a46a33f,234fecbf65b6c0dcebd3,1,False,pending
215274620f1d9a46a33f,7ad7ca9d7436bd407ef2,2,False,pending
215274620f1d9a46a33f,1b1f9723e7318bf841ac,2,False,pending
215274620f1d9a46a33f,8a124b4a7aac984a1de8,4,False,pending
215274620f1d9a46a33f,2633580c5487f1c8726c,4,False,pending
215274620f1d9a46a33f,7d83dc58278ebef8d3a3,2,False,pending
215274620f1d9a46a33f,f728f90e984d76c12ba9,2,False,pending
215274620f1d9a46a33f,1dbe06181cdd45414a9d,3,False,pending
215274620f1d9a46a33f,f8080a59db0763d5ba43,3,False,pending
215274620f1d9a46a33f,ca517e90209b74e234aa,2,False,pending
215274620f1d9a46a33f,2fe0e29226e48d98168f,2,False,pending
215274620f1d9a46a33f,9657778bc49c6cdb6612,2,False,pending
215274620f1d9a46a33f,5efa4cb81101b3e2b680,3,False,pending
215274620f1d9a46a33f,a9df733be3ca722f05b7,3,False,pending
215274620f1d9a46a33f,6b59312903ac971959e2,2,False,pending
215274620f1d9a46a33f,408baf4fbb17803fb3d6,2,False,pending
215274620f1d9a46a33f,f07c3f628a3be785edd9,2,False,pending
215274620f1d9a46a33f,3b22ca9b2517d576f22e,2,False,pending
215274620f1d9a46a33f,daddf8167bdfcd608d41,4,False,pending
215274620f1d9a46a33f,658e22365c321dd489fe,4,False,pending
215274620f1d9a46a33f,191754d258d36fefbe05,2,False,pending
215274620f1d9a46a33f,3ee9ebe89dbac0ce6246,2,False,pending
215274620f1d9a46a33f,e906d3346b0f8c3676f8,2,False,pending
215274620f1d9a46a33f,0a139ca0315d6eae574d,3,False,pending
215274620f1d9a46a33f,fdc891ef7b15f5953c56,3,False,pending
215274620f1d9a46a33f,9b8b95815322d0a3ae79,3,False,pending
215274620f1d9a46a33f,1340507560e8d4d692bb,4,False,pending
215274620f1d9a46a33f,c36e8f45e46cd2c20a14,4,False,pending
215274620f1d9a46a33f,ca031beab1a7fb2cd198,4,False,pending
215274620f1d9a46a33f,c1027b69b773fd8abb77,4,False,pending
215274620f1d9a46a33f,4b00fd3983cf5315bdd2,2,False,pending
215274620f1d9a46a33f,c96e3bcc8986f4a0001a,2,False,pending
215274620f1d9a46a33f,b94caabc4b10487bdec5,0,False,pending
215274620f1d9a46a33f,107768ca7825c509d025,1,False,pending
215274620f1d9a46a33f,7263cae6e898bc7f20a8,1,False,pending
215274620f1d9a46a33f,05e8c1eee0399894908c,2,False,pending
215274620f1d9a46a33f,593775773d3c5912b25e,4,False,pending
215274620f1d9a46a33f,335603eeb8e00360812a,4,False,pending
215274620f1d9a46a33f,1fc549a3f42c99dd7b4f,3,False,pending
215274620f1d9a46a33f,4ce09bb5dd2b2104683e,3,False,pending
215274620f1d9a46a33f,c263b10acbed7d9ce56e,2,False,pending
215274620f1d9a46a33f,7dfa8a88e189555d71ca,1,False,pending
215274620f1d9a46a33f,b77776a9914b2542a475,1,False,pending
215274620f1d9a46a33f,a8381cf3831847e1b254,0,False,pending
215274620f1d9a46a33f,70bfcd6593828bddbc28,2,False,pending
215274620f1d9a46a33f,644b08ea92be7e5966f5,3,False,pending
215274620f1d9a46a33f,a9f2d079250f8ca533f2,3,False,pending
215274620f1d9a46a33f,3435b205cf2894c16d94,1,False,pending
215274620f1d9a46a33f,561e219f4507a73d9826,2,False,pending
215274620f1d9a46a33f,55fb626c9581efc07447,3,False,pending
215274620f1d9a46a33f,b8f70e59b3e6a470efd1,3,False,pending
215274620f1d9a46a33f,02637da2d1bec857f727,2,False,pending
215274620f1d9a46a33f,e7306963a8ec3a39a8c6,2,False,pending
215274620f1d9a46a33f,5dd7c49e1a9ce0914e81,4,False,pending
9b30f6c470633d8457cc,0ff1c654d2956f206cd3,1,False,pending
9b30f6c470633d8457cc,0e1f05536a9b4dbf6c1a,1,False,pending
9b30f6c470633d8457cc,9f646efbf766b0ab006f,1,False,pending
9b30f6c470633d8457cc,f5eba977740dba5ceffd,1,False,pending
9b30f6c470633d8457cc,1c546b07b9af42b05435,1,False,pending
9b30f6c470633d8457cc,95f4e863417fb593263a,1,False,pending
9b30f6c470633d8457cc,fdec1d535ba44ccfe662,1,False,pending
9b30f6c470633d8457cc,22b34cb908f9b5e4a98d,0,False,pending
9b30f6c470633d8457cc,2f0f44a41184233408d5,0,False,pending
9b30f6c470633d8457cc,44c4561dc23877ee9ed2,0,False,pending
9b30f6c470633d8457cc,2b8f4e71664d50ef6281,0,False,pending
9b30f6c470633d8457cc,6c0cb17ec3dfaedc9bd6,0,False,pending
9b30f6c470633d8457cc,0007da6f35f0a9ec5efc,0,False,pending
9b30f6c470633d8457cc,eec5262a3e3664bf50d5,1,False,pending
9b30f6c470633d8457cc,0be94dac7ac618d43090,1,False,pending
9b30f6c470633d8457cc,47e69124bb124b89ee73,1,False,pending
9b30f6c470633d8457cc,5fa4e19ab17cc058c92a,1,False,pending
9b30f6c470633d8457cc,308f1991bf931a815b73,1,False,pending
9b30f6c470633d8457cc,53a266297bb98f9ec28d,2,False,pending
9b30f6c470633d8457cc,df7436b090f7c9178603,2,False,pending
9b30f6c470633d8457cc,5e4e61b52c77d2d4956d,4,False,pending
9b30f6c470633d8457cc,12be1682c5370d82bdaf,4,False,pending
9b30f6c470633d8457cc,5c3bb3b6a654fc543103,4,False,pending
9b30f6c470633d8457cc,fbf8459c54b5e7e34aef,4,False,pending
9b30f6c470633d8457cc,d63e4b89254fd3d8c5f9,4,False,pending
9b30f6c470633d8457cc,ec29764946c1376cccbe,4,False,pending
9b30f6c470633d8457cc,9ba1ae2897dbda8a14a8,3,False,pending
9b30f6c470633d8457cc,ad1243412c8169e6cc30,3,False,pending
9b30f6c470633d8457cc,8ac5011dc42a22cd8715,3,False,pending
9b30f6c470633d8457cc,c552c5efddd227aaf44e,3,False,pending
9b30f6c470633d8457cc,db6325854b9a72c417a7,3,False,pending
9b30f6c470633d8457cc,ecf2ec505f9549842f57,2,False,pending
9b30f6c470633d8457cc,3e2358dfe5ab88455987,2,False,pending
9b30f6c470633d8457cc,4e729c11518d047c1be5,2,False,pending
9b30f6c470633d8457cc,2a644f83f1c1d72ec383,2,False,pending
9b30f6c470633d8457cc,c747c7d9ac6a7331842d,2,False,pending
9b30f6c470633d8457cc,26319d33aa13c8b2511a,1,False,pending
9b30f6c470633d8457cc,7c10fc29b4b37e22ff5d,1,False,pending
9b30f6c470633d8457cc,7e419d059b3c29de905f,1,False,pending
9b30f6c470633d8457cc,a3a60bfc4d280dd7fa6a,1,False,pending
9b30f6c470633d8457cc,e0c6a0d62c0357010449,1,False,pending
9b30f6c470633d8457cc,57ece6052cb009ce34d3,1,False,pending
9b30f6c470633d8457cc,4afb928ef68fded20d0f,1,False,pending
9b30f6c470633d8457cc,61d78ce58476e4fae645,2,False,pending
9b30f6c470633d8457cc,46b812dc1001b7d3b6e5,3,False,pending
9b30f6c470633d8457cc,ae46c54df758a7a30ff0,3,False,pending
9b30f6c470633d8457cc,234fecbf65b6c0dcebd3,1,False,pending
9b30f6c470633d8457cc,7ad7ca9d7436bd407ef2,2,False,pending
9b30f6c470633d8457cc,1b1f9723e7318bf841ac,2,False,pending
9b30f6c470633d8457cc,8a124b4a7aac984a1de8,4,False,pending
9b30f6c470633d8457cc,2633580c5487f1c8726c,4,False,pending
9b30f6c470633d8457cc,7d83dc58278ebef8d3a3,2,False,pending
9b30f6c470633d8457cc,f728f90e984d76c12ba9,2,False,pending
9b30f6c470633d8457cc,1dbe06181cdd45414a9d,3,False,pending
9b30f6c470633d8457cc,f8080a59db0763d5ba43,3,False,pending
9b30f6c470633d8457cc,ca517e90209b74e234aa,2,False,pending
9b30f6c470633d8457cc,2fe0e29226e48d98168f,2,False,pending
9b30f6c470633d8457cc,9657778bc49c6cdb6612,2,False,pending
9b30f6c470633d8457cc,5efa4cb81101b3e2b680,3,False,pending
9b30f6c470633d8457cc,a9df733be3ca722f05b7,3,False,pending
9b30f6c470633d8457cc,6b59312903ac971959e2,2,False,pending
9b30f6c470633d8457cc,408baf4fbb17803fb3d6,2,False,pending
9b30f6c470633d8457cc,f07c3f628a3be785edd9,2,False,pending
9b30f6c470633d8457cc,3b22ca9b2517d576f22e,2,False,pending
9b30f6c470633d8457cc,daddf8167bdfcd608d41,4,False,pending
9b30f6c470633d8457cc,658e22365c321dd489fe,4,False,pending
9b30f6c470633d8457cc,191754d258d36fefbe05,2,False,pending
9b30f6c470633d8457cc,3ee9ebe89dbac0ce6246,2,False,pending
9b30f6c470633d8457cc,e906d3346b0f8c3676f8,2,False,pending
9b30f6c470633d8457cc,0a139ca0315d6eae574d,3,False,pending
9b30f6c470633d8457cc,fdc891ef7b15f5953c56,3,False,pending
9b30f6c470633d8457cc,9b8b95815322d0a3ae79,3,False,pending
9b30f6c470633d8457cc,1340507560e8d4d692bb,4,False,pending
9b30f6c470633d8457cc,c36e8f45e46cd2c20a14,4,False,pending
9b30f6c470633d8457cc,ca031beab1a7fb2cd198,4,False,pending
9b30f6c470633d8457cc,c1027b69b773fd8abb77,4,False,pending
9b30f6c470633d8457cc,4b00fd3983cf5315bdd2,2,False,pending
9b30f6c470633d8457cc,c96e3bcc8986f4a0001a,2,False,pending
9b30f6c470633d8457cc,107768ca7825c509d025,1,False,pending
9b30f6c470633d8457cc,7263cae6e898bc7f20a8,1,False,pending
9b30f6c470633d8457cc,05e8c1eee0399894908c,2,False,pending
9b30f6c470633d8457cc,593775773d3c5912b25e,4,False,pending
9b30f6c470633d8457cc,335603eeb8e00360812a,4,False,pending
9b30f6c470633d8457cc,1fc549a3f42c99dd7b4f,3,False,pending
9b30f6c470633d8457cc,4ce09bb5dd2b2104683e,3,False,pending
9b30f6c470633d8457cc,c263b10acbed7d9ce56e,2,False,pending
9b30f6c470633d8457cc,7dfa8a88e189555d71ca,1,False,pending
9b30f6c470633d8457cc,b77776a9914b2542a475,1,False,pending
9b30f6c470633d8457cc,a8381cf3831847e1b254,0,False,pending
9b30f6c470633d8457cc,70bfcd6593828bddbc28,2,False,pending
9b30f6c470633d8457cc,644b08ea92be7e5966f5,3,False,pending
9b30f6c470633d8457cc,a9f2d079250f8ca533f2,3,False,pending
9b30f6c470633d8457cc,3435b205cf2894c16d94,1,False,pending
9b30f6c470633d8457cc,561e219f4507a73d9826,2,False,pending
9b30f6c470633d8457cc,55fb626c9581efc07447,3,False,pending
9b30f6c470633d8457cc,b8f70e59b3e6a470efd1,3,False,pending
9b30f6c470633d8457cc,02637da2d1bec857f727,2,False,pending
9b30f6c470633d8457cc,e7306963a8ec3a39a8c6,2,False,pending
9b30f6c470633d8457cc,5dd7c49e1a9ce0914e81,4,False,pending
ddbe6836799d4709e922,0ff1c654d2956f206cd3,1,False,pending
ddbe6836799d4709e922,0e1f05536a9b4dbf6c1a,1,False,pending
ddbe6836799d4709e922,9f646efbf766b0ab006f,1,False,pending
ddbe6836799d4709e922,f5eba977740dba5ceffd,1,False,pending
ddbe6836799d4709e922,1c546b07b9af42b05435,1,False,pending
ddbe6836799d4709e922,95f4e863417fb593263a,1,False,pending
ddbe6836799d4709e922,fdec1d535ba44ccfe662,1,False,pending
ddbe6836799d4709e922,22b34cb908f9b5e4a98d,0,False,pending
ddbe6836799d4709e922,2f0f44a41184233408d5,0,False,pending
ddbe6836799d4709e922,44c4561dc23877ee9ed2,0,False,pending
ddbe6836799d4709e922,2b8f4e71664d50ef6281,0,False,pending
ddbe6836799d4709e922,6c0cb17ec3dfaedc9bd6,0,False,pending
ddbe6836799d4709e922,0007da6f35f0a9ec5efc,0,False,pending
ddbe6836799d4709e922,eec5262a3e3664bf50d5,1,False,pending
ddbe6836799d4709e922,0be94dac7ac618d43090,1,False,pending
ddbe6836799d4709e922,47e69124bb124b89ee73,1,False,pending
ddbe6836799d4709e922,5fa4e19ab17cc058c92a,1,False,pending
ddbe6836799d4709e922,308f1991bf931a815b73,1,False,pending
ddbe6836799d4709e922,53a266297bb98f9ec28d,2,False,pending
ddbe6836799d4709e922,df7436b090f7c9178603,2,False,pending
ddbe6836799d4709e922,5e4e61b52c77d2d4956d,4,False,pending
ddbe6836799d4709e922,12be1682c5370d82bdaf,4,False,pending
ddbe6836799d4709e922,5c3bb3b6a654fc543103,4,False,pending
ddbe6836799d4709e922,fbf8459c54b5e7e34aef,4,False,pending
ddbe6836799d4709e922,d63e4b89254fd3d8c5f9,4,False,pending
ddbe6836799d4709e922,ec29764946c1376cccbe,4,False,pending
ddbe6836799d4709e922,9ba1ae2897dbda8a14a8,3,False,pending
ddbe6836799d4709e922,ad1243412c8169e6cc30,3,False,pending
ddbe6836799d4709e922,8ac5011dc42a22cd8715,3,False,pending
ddbe6836799d4709e922,c552c5efddd227aaf44e,3,False,pending
ddbe6836799d4709e922,db6325854b9a72c417a7,3,False,pending
ddbe6836799d4709e922,ecf2ec505f9549842f57,2,False,pending
ddbe6836799d4709e922,3e2358dfe5ab88455987,2,False,pending
ddbe6836799d4709e922,4e729c11518d047c1be5,2,False,pending
ddbe6836799d4709e922,2a644f83f1c1d72ec383,2,False,pending
ddbe6836799d4709e922,c747c7d9ac6a7331842d,2,False,pending
ddbe6836799d4709e922,26319d33aa13c8b2511a,1,False,pending
ddbe6836799d4709e922,7c10fc29b4b37e22ff5d,1,False,pending
ddbe6836799d4709e922,7e419d059b3c29de905f,1,False,pending
ddbe6836799d4709e922,a3a60bfc4d280dd7fa6a,1,False,pending
ddbe6836799d4709e922,e0c6a0d62c0357010449,1,False,pending
ddbe6836799d4709e922,57ece6052cb009ce34d3,1,False,pending
ddbe6836799d4709e922,4afb928ef68fded20d0f,1,False,pending
ddbe6836799d4709e922,61d78ce58476e4fae645,2,False,pending
ddbe6836799d4709e922,46b812dc1001b7d3b6e5,3,False,pending
ddbe6836799d4709e922,ae46c54df758a7a30ff0,3,False,pending
ddbe6836799d4709e922,234fecbf65b6c0dcebd3,1,False,pending
ddbe6836799d4709e922,7ad7ca9d7436bd407ef2,2,False,pending
ddbe6836799d4709e922,1b1f9723e7318bf841ac,2,False,pending
ddbe6836799d4709e922,8a124b4a7aac984a1de8,4,False,pending
ddbe6836799d4709e922,2633580c5487f1c8726c,4,False,pending
ddbe6836799d4709e922,7d83dc58278ebef8d3a3,2,False,pending
ddbe6836799d4709e922,f728f90e984d76c12ba9,2,False,pending
ddbe6836799d4709e922,1dbe06181cdd45414a9d,3,False,pending
ddbe6836799d4709e922,f8080a59db0763d5ba43,3,False,pending
ddbe6836799d4709e922,ca517e90209b74e234aa,2,False,pending
ddbe6836799d4709e922,2fe0e29226e48d98168f,2,False,pending
ddbe6836799d4709e922,9657778bc49c6cdb6612,2,False,pending
ddbe6836799d4709e922,5efa4cb81101b3e2b680,3,False,pending
ddbe6836799d4709e922,a9df733be3ca722f05b7,3,False,pending
ddbe6836799d4709e922,6b59312903ac971959e2,2,False,pending
ddbe6836799d4709e922,408baf4fbb17803fb3d6,2,False,pending
ddbe6836799d4709e922,f07c3f628a3be785edd9,2,False,pending
ddbe6836799d4709e922,3b22ca9b2517d576f22e,2,False,pending
ddbe6836799d4709e922,daddf8167bdfcd608d41,4,False,pending
ddbe6836799d4709e922,658e22365c321dd489fe,4,False,pending
ddbe6836799d4709e922,191754d258d36fefbe05,2,False,pending
ddbe6836799d4709e922,3ee9ebe89dbac0ce6246,2,False,pending
ddbe6836799d4709e922,e906d3346b0f8c3676f8,2,False,pending
ddbe6836799d4709e922,0a139ca0315d6eae574d,3,False,pending
ddbe6836799d4709e922,fdc891ef7b15f5953c56,3,False,pending
ddbe6836799d4709e922,9b8b95815322d0a3ae79,3,False,pending
ddbe6836799d4709e922,1340507560e8d4d692bb,4,False,pending
ddbe6836799d4709e922,c36e8f45e46cd2c20a14,4,False,pending
ddbe6836799d4709e922,ca031beab1a7fb2cd198,4,False,pending
ddbe6836799d4709e922,c1027b69b773fd8abb77,4,False,pending
ddbe6836799d4709e922,4b00fd3983cf5315bdd2,2,False,pending
ddbe6836799d4709e922,c96e3bcc8986f4a0001a,2,False,pending
ddbe6836799d4709e922,107768ca7825c509d025,1,False,pending
ddbe6836799d4709e922,7263cae6e898bc7f20a8,1,False,pending
ddbe6836799d4709e922,05e8c1eee0399894908c,2,False,pending
ddbe6836799d4709e922,593775773d3c5912b25e,4,False,pending
ddbe6836799d4709e922,335603eeb8e00360812a,4,False,pending
ddbe6836799d4709e922,1fc549a3f42c99dd7b4f,3,False,pending
ddbe6836799d4709e922,4ce09bb5dd2b2104683e,3,False,pending
ddbe6836799d4709e922,c263b10acbed7d9ce56e,2,False,pending
ddbe6836799d4709e922,7dfa8a88e189555d71ca,1,False,pending
ddbe6836799d4709e922,b77776a9914b2542a475,1,False,pending
ddbe6836799d4709e922,a8381cf3831847e1b254,0,False,pending
ddbe6836799d4709e922,70bfcd6593828bddbc28,2,False,pending
ddbe6836799d4709e922,644b08ea92be7e5966f5,3,False,pending
ddbe6836799d4709e922,a9f2d079250f8ca533f2,3,False,pending
ddbe6836799d4709e922,3435b205cf2894c16d94,1,False,pending
ddbe6836799d4709e922,561e219f4507a73d9826,2,False,pending
ddbe6836799d4709e922,55fb626c9581efc07447,3,False,pending
ddbe6836799d4709e922,b8f70e59b3e6a470efd1,3,False,pending
ddbe6836799d4709e922,02637da2d1bec857f727,2,False,pending
ddbe6836799d4709e922,e7306963a8ec3a39a8c6,2,False,pending
ddbe6836799d4709e922,5dd7c49e1a9ce0914e81,4,False,pending
0ff1c654d2956f206cd3,f5eba977740dba5ceffd,0,False,pending
0ff1c654d2956f206cd3,1c546b07b9af42b05435,0,False,pending
0ff1c654d2956f206cd3,95f4e863417fb593263a,0,False,pending
0ff1c654d2956f206cd3,fdec1d535ba44ccfe662,0,False,pending
0ff1c654d2956f206cd3,22b34cb908f9b5e4a98d,1,False,pending
0ff1c654d2956f206cd3,2f0f44a41184233408d5,1,False,pending
0ff1c654d2956f206cd3,44c4561dc23877ee9ed2,1,False,pending
0ff1c654d2956f206cd3,2b8f4e71664d50ef6281,1,False,pending
0ff1c654d2956f206cd3,6c0cb17ec3dfaedc9bd6,1,False,pending
0ff1c654d2956f206cd3,0007da6f35f0a9ec5efc,1,False,pending
0ff1c654d2956f206cd3,eec5262a3e3664bf50d5,2,False,pending
0ff1c654d2956f206cd3,0be94dac7ac618d43090,2,False,pending
0ff1c654d2956f206cd3,47e69124bb124b89ee73,2,False,pending
0ff1c654d2956f206cd3,5fa4e19ab17cc058c92a,2,False,pending
0ff1c654d2956f206cd3,308f1991bf931a815b73,2,False,pending
0ff1c654d2956f206cd3,53a266297bb98f9ec28d,3,False,pending
0ff1c654d2956f206cd3,df7436b090f7c9178603,3,False,pending
0ff1c654d2956f206cd3,9943d4624140c991fccd,4,False,pending
0ff1c654d2956f206cd3,6eb9b02da1c72c324578,4,False,pending
0ff1c654d2956f206cd3,e86f2bd0fce59ed85966,4,False,pending
0ff1c654d2956f206cd3,2ae4aa8005dc53fdc257,4,False,pending
0ff1c654d2956f206cd3,5e4e61b52c77d2d4956d,3,False,pending
0ff1c654d2956f206cd3,12be1682c5370d82bdaf,3,False,pending
0ff1c654d2956f206cd3,5c3bb3b6a654fc543103,3,False,pending
0ff1c654d2956f206cd3,9ba1ae2897dbda8a14a8,4,False,pending
0ff1c654d2956f206cd3,ad1243412c8169e6cc30,4,False,pending
0ff1c654d2956f206cd3,9baa6ef45158569a58ea,4,False,pending
0ff1c654d2956f206cd3,cf3e12b4b2af6f3f02b0,4,False,pending
0ff1c654d2956f206cd3,de29f740c1d96b65d168,4,False,pending
0ff1c654d2956f206cd3,8ac5011dc42a22cd8715,4,False,pending
0ff1c654d2956f206cd3,c552c5efddd227aaf44e,4,False,pending
0ff1c654d2956f206cd3,db6325854b9a72c417a7,4,False,pending
0ff1c654d2956f206cd3,ecf2ec505f9549842f57,3,False,pending
0ff1c654d2956f206cd3,3e2358dfe5ab88455987,3,False,pending
0ff1c654d2956f206cd3,4e729c11518d047c1be5,3,False,pending
0ff1c654d2956f206cd3,2a644f83f1c1d72ec383,3,False,pending
0ff1c654d2956f206cd3,c747c7d9ac6a7331842d,3,False,pending
0ff1c654d2956f206cd3,26319d33aa13c8b2511a,2,False,pending
0ff1c654d2956f206cd3,7c10fc29b4b37e22ff5d,2,False,pending
0ff1c654d2956f206cd3,7e419d059b3c29de905f,2,False,pending
0ff1c654d2956f206cd3,a3a60bfc4d280dd7fa6a,2,False,pending
0ff1c654d2956f206cd3,e0c6a0d62c0357010449,2,False,pending
0ff1c654d2956f206cd3,57ece6052cb009ce34d3,2,False,pending
0ff1c654d2956f206cd3,4afb928ef68fded20d0f,2,False,pending
0ff1c654d2956f206cd3,61d78ce58476e4fae645,3,False,pending
0ff1c654d2956f206cd3,46b812dc1001b7d3b6e5,4,False,pending
0ff1c654d2956f206cd3,ae46c54df758a7a30ff0,4,False,pending
0ff1c654d2956f206cd3,234fecbf65b6c0dcebd3,2,False,pending
0ff1c654d2956f206cd3,7ad7ca9d7436bd407ef2,3,False,pending
0ff1c654d2956f206cd3,1b1f9723e7318bf841ac,3,False,pending
0ff1c654d2956f206cd3,7d83dc58278ebef8d3a3,3,False,pending
0ff1c654d2956f206cd3,f728f90e984d76c12ba9,3,False,pending
0ff1c654d2956f206cd3,1dbe06181cdd45414a9d,4,False,pending
0ff1c654d2956f206cd3,f8080a59db0763d5ba43,4,False,pending
0ff1c654d2956f206cd3,ca517e90209b74e234aa,3,False,pending
0ff1c654d2956f206cd3,2fe0e29226e48d98168f,3,False,pending
0ff1c654d2956f206cd3,9657778bc49c6cdb6612,3,False,pending
0ff1c654d2956f206cd3,5efa4cb81101b3e2b680,4,False,pending
0ff1c654d2956f206cd3,a9df733be3ca722f05b7,4,False,pending
0ff1c654d2956f206cd3,6b59312903ac971959e2,3,False,pending
0ff1c654d2956f206cd3,408baf4fbb17803fb3d6,3,False,pending
0ff1c654d2956f206cd3,f07c3f628a3be785edd9,3,False,pending
0ff1c654d2956f206cd3,3b22ca9b2517d576f22e,3,False,pending
0ff1c654d2956f206cd3,191754d258d36fefbe05,3,False,pending
0ff1c654d2956f206cd3,3ee9ebe89dbac0ce6246,3,False,pending
0ff1c654d2956f206cd3,e906d3346b0f8c3676f8,3,False,pending
0ff1c654d2956f206cd3,0a139ca0315d6eae574d,4,False,pending
0ff1c654d2956f206cd3,fdc891ef7b15f5953c56,4,False,pending
0ff1c654d2956f206cd3,9b8b95815322d0a3ae79,4,False,pending
0ff1c654d2956f206cd3,4b00fd3983cf5315bdd2,3,False,pending
0ff1c654d2956f206cd3,c96e3bcc8986f4a0001a,3,False,pending
0ff1c654d2956f206cd3,9be23342ee406607c718,4,False,pending
0ff1c654d2956f206cd3,b94caabc4b10487bdec5,1,False,pending
0ff1c654d2956f206cd3,107768ca7825c509d025,0,False,pending
0ff1c654d2956f206cd3,7263cae6e898bc7f20a8,2,False,pending
0ff1c654d2956f206cd3,05e8c1eee0399894908c,3,False,pending
0ff1c654d2956f206cd3,c33622b54ccb66b8ea42,4,False,pending
0ff1c654d2956f206cd3,250ae161e30aac952b55,4,False,pending
0ff1c654d2956f206cd3,593775773d3c5912b25e,3,False,pending
0ff1c654d2956f206cd3,335603eeb8e00360812a,3,False,pending
0ff1c654d2956f206cd3,1fc549a3f42c99dd7b4f,4,False,pending
0ff1c654d2956f206cd3,4ce09bb5dd2b2104683e,4,False,pending
0ff1c654d2956f206cd3,c263b10acbed7d9ce56e,3,False,pending
0ff1c654d2956f206cd3,7dfa8a88e189555d71ca,2,False,pending
0ff1c654d2956f206cd3,b77776a9914b2542a475,2,False,pending
0ff1c654d2956f206cd3,a8381cf3831847e1b254,1,False,pending
0ff1c654d2956f206cd3,70bfcd6593828bddbc28,3,False,pending
0ff1c654d2956f206cd3,644b08ea92be7e5966f5,4,False,pending
0ff1c654d2956f206cd3,a9f2d079250f8ca533f2,4,False,pending
0ff1c654d2956f206cd3,3435b205cf2894c16d94,2,False,pending
0ff1c654d2956f206cd3,561e219f4507a73d9826,3,False,pending
0ff1c654d2956f206cd3,55fb626c9581efc07447,4,False,pending
0ff1c654d2956f206cd3,b8f70e59b3e6a470efd1,4,False,pending
0ff1c654d2956f206cd3,02637da2d1bec857f727,3,False,pending
0ff1c654d2956f206cd3,e7306963a8ec3a39a8c6,3,False,pending
0e1f05536a9b4dbf6c1a,f5eba977740dba5ceffd,0,False,pending
0e1f05536a9b4dbf6c1a,1c546b07b9af42b05435,0,False,pending
0e1f05536a9b4dbf6c1a,95f4e863417fb593263a,0,False,pending
0e1f05536a9b4dbf6c1a,fdec1d535ba44ccfe662,0,False,pending
0e1f05536a9b4dbf6c1a,22b34cb908f9b5e4a98d,1,False,pending
0e1f05536a9b4dbf6c1a,2f0f44a41184233408d5,1,False,pending
0e1f05536a9b4dbf6c1a,44c4561dc23877ee9ed2,1,False,pending
0e1f05536a9b4dbf6c1a,2b8f4e71664d50ef6281,1,False,pending
0e1f05536a9b4dbf6c1a,6c0cb17ec3dfaedc9bd6,1,False,pending
0e1f05536a9b4dbf6c1a,0007da6f35f0a9ec5efc,1,False,pending
0e1f05536a9b4dbf6c1a,eec5262a3e3664bf50d5,2,False,pending
0e1f05536a9b4dbf6c1a,0be94dac7ac618d43090,2,False,pending
0e1f05536a9b4dbf6c1a,47e69124bb124b89ee73,2,False,pending
0e1f05536a9b4dbf6c1a,5fa4e19ab17cc058c92a,2,False,pending
0e1f05536a9b4dbf6c1a,308f1991bf931a815b73,2,False,pending
0e1f05536a9b4dbf6c1a,53a266297bb98f9ec28d,3,False,pending
0e1f05536a9b4dbf6c1a,df7436b090f7c9178603,3,False,pending
0e1f05536a9b4dbf6c1a,9943d4624140c991fccd,4,False,pending
0e1f05536a9b4dbf6c1a,6eb9b02da1c72c324578,4,False,pending
0e1f05536a9b4dbf6c1a,e86f2bd0fce59ed85966,4,False,pending
0e1f05536a9b4dbf6c1a,2ae4aa8005dc53fdc257,4,False,pending
0e1f05536a9b4dbf6c1a,5e4e61b52c77d2d4956d,3,False,pending
0e1f05536a9b4dbf6c1a,12be1682c5370d82bdaf,3,False,pending
0e1f05536a9b4dbf6c1a,5c3bb3b6a654fc543103,3,False,pending
0e1f05536a9b4dbf6c1a,9ba1ae2897dbda8a14a8,4,False,pending
0e1f05536a9b4dbf6c1a,ad1243412c8169e6cc30,4,False,pending
0e1f05536a9b4dbf6c1a,9baa6ef45158569a58ea,4,False,pending
0e1f05536a9b4dbf6c1a,cf3e12b4b2af6f3f02b0,4,False,pending
0e1f05536a9b4dbf6c1a,de29f740c1d96b65d168,4,False,pending
0e1f05536a9b4dbf6c1a,8ac5011dc42a22cd8715,4,False,pending
0e1f05536a9b4dbf6c1a,c552c5efddd227aaf44e,4,False,pending
0e1f05536a9b4dbf6c1a,db6325854b9a72c417a7,4,False,pending
0e1f05536a9b4dbf6c1a,ecf2ec505f9549842f57,3,False,pending
0e1f05536a9b4dbf6c1a,3e2358dfe5ab88455987,3,False,pending
0e1f05536a9b4dbf6c1a,4e729c11518d047c1be5,3,False,pending
0e1f05536a9b4dbf6c1a,2a644f83f1c1d72ec383,3,False,pending
0e1f05536a9b4dbf6c1a,c747c7d9ac6a7331842d,3,False,pending
0e1f05536a9b4dbf6c1a,26319d33aa13c8b2511a,2,False,pending
0e1f05536a9b4dbf6c1a,7c10fc29b4b37e22ff5d,2,False,pending
0e1f05536a9b4dbf6c1a,7e419d059b3c29de905f,2,False,pending
0e1f05536a9b4dbf6c1a,a3a60bfc4d280dd7fa6a,2,False,pending
0e1f05536a9b4dbf6c1a,e0c6a0d62c0357010449,2,False,pending
0e1f05536a9b4dbf6c1a,57ece6052cb009ce34d3,2,False,pending
0e1f05536a9b4dbf6c1a,4afb928ef68fded20d0f,2,False,pending
0e1f05536a9b4dbf6c1a,61d78ce58476e4fae645,3,False,pending
0e1f05536a9b4dbf6c1a,46b812dc1001b7d3b6e5,4,False,pending
0e1f05536a9b4dbf6c1a,ae46c54df758a7a30ff0,4,False,pending
0e1f05536a9b4dbf6c1a,234fecbf65b6c0dcebd3,2,False,pending
0e1f05536a9b4dbf6c1a,7ad7ca9d7436bd407ef2,3,False,pending
0e1f05536a9b4dbf6c1a,1b1f9723e7318bf841ac,3,False,pending
0e1f05536a9b4dbf6c1a,7d83dc58278ebef8d3a3,3,False,pending
0e1f05536a9b4dbf6c1a,f728f90e984d76c12ba9,3,False,pending
0e1f05536a9b4dbf6c1a,1dbe06181cdd45414a9d,4,False,pending
0e1f05536a9b4dbf6c1a,f8080a59db0763d5ba43,4,False,pending
0e1f05536a9b4dbf6c1a,ca517e90209b74e234aa,3,False,pending
0e1f05536a9b4dbf6c1a,2fe0e29226e48d98168f,3,False,pending
0e1f05536a9b4dbf6c1a,9657778bc49c6cdb6612,3,False,pending
0e1f05536a9b4dbf6c1a,5efa4cb81101b3e2b680,4,False,pending
0e1f05536a9b4dbf6c1a,a9df733be3ca722f05b7,4,False,pending
0e1f05536a9b4dbf6c1a,6b59312903ac971959e2,3,False,pending
0e1f05536a9b4dbf6c1a,408baf4fbb17803fb3d6,3,False,pending
0e1f05536a9b4dbf6c1a,f07c3f628a3be785edd9,3,False,pending
0e1f05536a9b4dbf6c1a,3b22ca9b2517d576f22e,3,False,pending
0e1f05536a9b4dbf6c1a,191754d258d36fefbe05,3,False,pending
0e1f05536a9b4dbf6c1a,3ee9ebe89dbac0ce6246,3,False,pending
0e1f05536a9b4dbf6c1a,e906d3346b0f8c3676f8,3,False,pending
0e1f05536a9b4dbf6c1a,0a139ca0315d6eae574d,4,False,pending
0e1f05536a9b4dbf6c1a,fdc891ef7b15f5953c56,4,False,pending
0e1f05536a9b4dbf6c1a,9b8b95815322d0a3ae79,4,False,pending
0e1f05536a9b4dbf6c1a,4b00fd3983cf5315bdd2,3,False,pending
0e1f05536a9b4dbf6c1a,c96e3bcc8986f4a0001a,3,False,pending
0e1f05536a9b4dbf6c1a,9be23342ee406607c718,4,False,pending
0e1f05536a9b4dbf6c1a,b94caabc4b10487bdec5,1,False,pending
0e1f05536a9b4dbf6c1a,107768ca7825c509d025,0,False,pending
0e1f05536a9b4dbf6c1a,7263cae6e898bc7f20a8,2,False,pending
0e1f05536a9b4dbf6c1a,05e8c1eee0399894908c,3,False,pending
0e1f05536a9b4dbf6c1a,c33622b54ccb66b8ea42,4,False,pending
0e1f05536a9b4dbf6c1a,250ae161e30aac952b55,4,False,pending
0e1f05536a9b4dbf6c1a,593775773d3c5912b25e,3,False,pending
0e1f05536a9b4dbf6c1a,335603eeb8e00360812a,3,False,pending
0e1f05536a9b4dbf6c1a,1fc549a3f42c99dd7b4f,4,False,pending
0e1f05536a9b4dbf6c1a,4ce09bb5dd2b2104683e,4,False,pending
0e1f05536a9b4dbf6c1a,c263b10acbed7d9ce56e,3,False,pending
0e1f05536a9b4dbf6c1a,7dfa8a88e189555d71ca,2,False,pending
0e1f05536a9b4dbf6c1a,b77776a9914b2542a475,2,False,pending
0e1f05536a9b4dbf6c1a,a8381cf3831847e1b254,1,False,pending
0e1f05536a9b4dbf6c1a,70bfcd6593828bddbc28,3,False,pending
0e1f05536a9b4dbf6c1a,644b08ea92be7e5966f5,4,False,pending
0e1f05536a9b4dbf6c1a,a9f2d079250f8ca533f2,4,False,pending
0e1f05536a9b4dbf6c1a,3435b205cf2894c16d94,2,False,pending
0e1f05536a9b4dbf6c1a,561e219f4507a73d9826,3,False,pending
0e1f05536a9b4dbf6c1a,55fb626c9581efc07447,4,False,pending
0e1f05536a9b4dbf6c1a,b8f70e59b3e6a470efd1,4,False,pending
0e1f05536a9b4dbf6c1a,02637da2d1bec857f727,3,False,pending
0e1f05536a9b4dbf6c1a,e7306963a8ec3a39a8c6,3,False,pending
9f646efbf766b0ab006f,f5eba977740dba5ceffd,0,False,pending
9f646efbf766b0ab006f,1c546b07b9af42b05435,0,False,pending
9f646efbf766b0ab006f,95f4e863417fb593263a,0,False,pending
9f646efbf766b0ab006f,fdec1d535ba44ccfe662,0,False,pending
9f646efbf766b0ab006f,22b34cb908f9b5e4a98d,1,False,pending
9f646efbf766b0ab006f,2f0f44a41184233408d5,1,False,pending
9f646efbf766b0ab006f,44c4561dc23877ee9ed2,1,False,pending
9f646efbf766b0ab006f,2b8f4e71664d50ef6281,1,False,pending
9f646efbf766b0ab006f,6c0cb17ec3dfaedc9bd6,1,False,pending
9f646efbf766b0ab006f,0007da6f35f0a9ec5efc,1,False,pending
9f646efbf766b0ab006f,eec5262a3e3664bf50d5,2,False,pending
9f646efbf766b0ab006f,0be94dac7ac618d43090,2,False,pending
9f646efbf766b0ab006f,47e69124bb124b89ee73,2,False,pending
9f646efbf766b0ab006f,5fa4e19ab17cc058c92a,2,False,pending
9f646efbf766b0ab006f,308f1991bf931a815b73,2,False,pending
9f646efbf766b0ab006f,53a266297bb98f9ec28d,3,False,pending
9f646efbf766b0ab006f,df7436b090f7c9178603,3,False,pending
9f646efbf766b0ab006f,9943d4624140c991fccd,4,False,pending
9f646efbf766b0ab006f,6eb9b02da1c72c324578,4,False,pending
9f646efbf766b0ab006f,e86f2bd0fce59ed85966,4,False,pending
9f646efbf766b0ab006f,2ae4aa8005dc53fdc257,4,False,pending
9f646efbf766b0ab006f,5e4e61b52c77d2d4956d,3,False,pending
9f646efbf766b0ab006f,12be1682c5370d82bdaf,3,False,pending
9f646efbf766b0ab006f,5c3bb3b6a654fc543103,3,False,pending
9f646efbf766b0ab006f,9ba1ae2897dbda8a14a8,4,False,pending
9f646efbf766b0ab006f,ad1243412c8169e6cc30,4,False,pending
9f646efbf766b0ab006f,9baa6ef45158569a58ea,4,False,pending
9f646efbf766b0ab006f,cf3e12b4b2af6f3f02b0,4,False,pending
9f646efbf766b0ab006f,de29f740c1d96b65d168,4,False,pending
9f646efbf766b0ab006f,8ac5011dc42a22cd8715,4,False,pending
9f646efbf766b0ab006f,c552c5efddd227aaf44e,4,False,pending
9f646efbf766b0ab006f,db6325854b9a72c417a7,4,False,pending
9f646efbf766b0ab006f,ecf2ec505f9549842f57,3,False,pending
9f646efbf766b0ab006f,3e2358dfe5ab88455987,3,False,pending
9f646efbf766b0ab006f,4e729c11518d047c1be5,3,False,pending
9f646efbf766b0ab006f,2a644f83f1c1d72ec383,3,False,pending
9f646efbf766b0ab006f,c747c7d9ac6a7331842d,3,False,pending
9f646efbf766b0ab006f,26319d33aa13c8b2511a,2,False,pending
9f646efbf766b0ab006f,7c10fc29b4b37e22ff5d,2,False,pending
9f646efbf766b0ab006f,7e419d059b3c29de905f,2,False,pending
9f646efbf766b0ab006f,a3a60bfc4d280dd7fa6a,2,False,pending
9f646efbf766b0ab006f,e0c6a0d62c0357010449,2,False,pending
9f646efbf766b0ab006f,57ece6052cb009ce34d3,2,False,pending
9f646efbf766b0ab006f,4afb928ef68fded20d0f,2,False,pending
9f646efbf766b0ab006f,61d78ce58476e4fae645,3,False,pending
9f646efbf766b0ab006f,46b812dc1001b7d3b6e5,4,False,pending
9f646efbf766b0ab006f,ae46c54df758a7a30ff0,4,False,pending
9f646efbf766b0ab006f,234fecbf65b6c0dcebd3,2,False,pending
9f646efbf766b0ab006f,7ad7ca9d7436bd407ef2,3,False,pending
9f646efbf766b0ab006f,1b1f9723e7318bf841ac,3,False,pending
9f646efbf766b0ab006f,7d83dc58278ebef8d3a3,3,False,pending
9f646efbf766b0ab006f,f728f90e984d76c12ba9,3,False,pending
9f646efbf766b0ab006f,1dbe06181cdd45414a9d,4,False,pending
9f646efbf766b0ab006f,f8080a59db0763d5ba43,4,False,pending
9f646efbf766b0ab006f,ca517e90209b74e234aa,3,False,pending
9f646efbf766b0ab006f,2fe0e29226e48d98168f,3,False,pending
9f646efbf766b0ab006f,9657778bc49c6cdb6612,3,False,pending
9f646efbf766b0ab006f,5efa4cb81101b3e2b680,4,False,pending
9f646efbf766b0ab006f,a9df733be3ca722f05b7,4,False,pending
9f646efbf766b0ab006f,6b59312903ac971959e2,3,False,pending
9f646efbf766b0ab006f,408baf4fbb17803fb3d6,3,False,pending
9f646efbf766b0ab006f,f07c3f628a3be785edd9,3,False,pending
9f646efbf766b0ab006f,3b22ca9b2517d576f22e,3,False,pending
9f646efbf766b0ab006f,191754d258d36fefbe05,3,False,pending
9f646efbf766b0ab006f,3ee9ebe89dbac0ce6246,3,False,pending
9f646efbf766b0ab006f,e906d3346b0f8c3676f8,3,False,pending
9f646efbf766b0ab006f,0a139ca0315d6eae574d,4,False,pending
9f646efbf766b0ab006f,fdc891ef7b15f5953c56,4,False,pending
9f646efbf766b0ab006f,9b8b95815322d0a3ae79,4,False,pending
9f646efbf766b0ab006f,4b00fd3983cf5315bdd2,3,False,pending
9f646efbf766b0ab006f,c96e3bcc8986f4a0001a,3,False,pending
9f646efbf766b0ab006f,9be23342ee406607c718,4,False,pending
9f646efbf766b0ab006f,b94caabc4b10487bdec5,1,False,pending
9f646efbf766b0ab006f,107768ca7825c509d025,0,False,pending
9f646efbf766b0ab006f,7263cae6e898bc7f20a8,2,False,pending
9f646efbf766b0ab006f,05e8c1eee0399894908c,3,False,pending
9f646efbf766b0ab006f,c33622b54ccb66b8ea42,4,False,pending
9f646efbf766b0ab006f,250ae161e30aac952b55,4,False,pending
9f646efbf766b0ab006f,593775773d3c5912b25e,3,False,pending
9f646efbf766b0ab006f,335603eeb8e00360812a,3,False,pending
9f646efbf766b0ab006f,1fc549a3f42c99dd7b4f,4,False,pending
9f646efbf766b0ab006f,4ce09bb5dd2b2104683e,4,False,pending
9f646efbf766b0ab006f,c263b10acbed7d9ce56e,3,False,pending
9f646efbf766b0ab006f,7dfa8a88e189555d71ca,2,False,pending
9f646efbf766b0ab006f,b77776a9914b2542a475,2,False,pending
9f646efbf766b0ab006f,a8381cf3831847e1b254,1,False,pending
9f646efbf766b0ab006f,70bfcd6593828bddbc28,3,False,pending
9f646efbf766b0ab006f,644b08ea92be7e5966f5,4,False,pending
9f646efbf766b0ab006f,a9f2d079250f8ca533f2,4,False,pending
9f646efbf766b0ab006f,3435b205cf2894c16d94,2,False,pending
9f646efbf766b0ab006f,561e219f4507a73d9826,3,False,pending
9f646efbf766b0ab006f,55fb626c9581efc07447,4,False,pending
9f646efbf766b0ab006f,b8f70e59b3e6a470efd1,4,False,pending
9f646efbf766b0ab006f,02637da2d1bec857f727,3,False,pending
9f646efbf766b0ab006f,e7306963a8ec3a39a8c6,3,False,pending
f5eba977740dba5ceffd,95f4e863417fb593263a,0,False,pending
f5eba977740dba5ceffd,fdec1d535ba44ccfe662,0,False,pending
f5eba977740dba5ceffd,22b34cb908f9b5e4a98d,1,False,pending
f5eba977740dba5ceffd,2f0f44a41184233408d5,1,False,pending
f5eba977740dba5ceffd,44c4561dc23877ee9ed2,1,False,pending
f5eba977740dba5ceffd,2b8f4e71664d50ef6281,1,False,pending
f5eba977740dba5ceffd,6c0cb17ec3dfaedc9bd6,1,False,pending
f5eba977740dba5ceffd,0007da6f35f0a9ec5efc,1,False,pending
f5eba977740dba5ceffd,eec5262a3e3664bf50d5,2,False,pending
f5eba977740dba5ceffd,0be94dac7ac618d43090,2,False,pending
f5eba977740dba5ceffd,47e69124bb124b89ee73,2,False,pending
f5eba977740dba5ceffd,5fa4e19ab17cc058c92a,2,False,pending
f5eba977740dba5ceffd,308f1991bf931a815b73,2,False,pending
f5eba977740dba5ceffd,53a266297bb98f9ec28d,3,False,pending
f5eba977740dba5ceffd,df7436b090f7c9178603,3,False,pending
f5eba977740dba5ceffd,9943d4624140c991fccd,4,False,pending
f5eba977740dba5ceffd,6eb9b02da1c72c324578,4,False,pending
f5eba977740dba5ceffd,e86f2bd0fce59ed85966,4,False,pending
f5eba977740dba5ceffd,2ae4aa8005dc53fdc257,4,False,pending
f5eba977740dba5ceffd,5e4e61b52c77d2d4956d,3,False,pending
f5eba977740dba5ceffd,12be1682c5370d82bdaf,3,False,pending
f5eba977740dba5ceffd,5c3bb3b6a654fc543103,3,False,pending
f5eba977740dba5ceffd,9ba1ae2897dbda8a14a8,4,False,pending
f5eba977740dba5ceffd,ad1243412c8169e6cc30,4,False,pending
f5eba977740dba5ceffd,9baa6ef45158569a58ea,4,False,pending
f5eba977740dba5ceffd,cf3e12b4b2af6f3f02b0,4,False,pending
f5eba977740dba5ceffd,de29f740c1d96b65d168,4,False,pending
f5eba977740dba5ceffd,8ac5011dc42a22cd8715,4,False,pending
f5eba977740dba5ceffd,c552c5efddd227aaf44e,4,False,pending
f5eba977740dba5ceffd,db6325854b9a72c417a7,4,False,pending
f5eba977740dba5ceffd,ecf2ec505f9549842f57,3,False,pending
f5eba977740dba5ceffd,3e2358dfe5ab88455987,3,False,pending
f5eba977740dba5ceffd,4e729c11518d047c1be5,3,False,pending
f5eba977740dba5ceffd,2a644f83f1c1d72ec383,3,False,pending
f5eba977740dba5ceffd,c747c7d9ac6a7331842d,3,False,pending
f5eba977740dba5ceffd,26319d33aa13c8b2511a,2,False,pending
f5eba977740dba5ceffd,7c10fc29b4b37e22ff5d,2,False,pending
f5eba977740dba5ceffd,7e419d059b3c29de905f,2,False,pending
f5eba977740dba5ceffd,a3a60bfc4d280dd7fa6a,2,False,pending
f5eba977740dba5ceffd,e0c6a0d62c0357010449,2,False,pending
f5eba977740dba5ceffd,57ece6052cb009ce34d3,2,False,pending
f5eba977740dba5ceffd,4afb928ef68fded20d0f,2,False,pending
f5eba977740dba5ceffd,61d78ce58476e4fae645,3,False,pending
f5eba977740dba5ceffd,46b812dc1001b7d3b6e5,4,False,pending
f5eba977740dba5ceffd,ae46c54df758a7a30ff0,4,False,pending
f5eba977740dba5ceffd,234fecbf65b6c0dcebd3,2,False,pending
f5eba977740dba5ceffd,7ad7ca9d7436bd407ef2,3,False,pending
f5eba977740dba5ceffd,1b1f9723e7318bf841ac,3,False,pending
f5eba977740dba5ceffd,7d83dc58278ebef8d3a3,3,False,pending
f5eba977740dba5ceffd,f728f90e984d76c12ba9,3,False,pending
f5eba977740dba5ceffd,1dbe06181cdd45414a9d,4,False,pending
f5eba977740dba5ceffd,f8080a59db0763d5ba43,4,False,pending
f5eba977740dba5ceffd,ca517e90209b74e234aa,3,False,pending
f5eba977740dba5ceffd,2fe0e29226e48d98168f,3,False,pending
f5eba977740dba5ceffd,9657778bc49c6cdb6612,3,False,pending
f5eba977740dba5ceffd,5efa4cb81101b3e2b680,4,False,pending
f5eba977740dba5ceffd,a9df733be3ca722f05b7,4,False,pending
f5eba977740dba5ceffd,6b59312903ac971959e2,3,False,pending
f5eba977740dba5ceffd,408baf4fbb17803fb3d6,3,False,pending
f5eba977740dba5ceffd,f07c3f628a3be785edd9,3,False,pending
f5eba977740dba5ceffd,3b22ca9b2517d576f22e,3,False,pending
f5eba977740dba5ceffd,191754d258d36fefbe05,3,False,pending
f5eba977740dba5ceffd,3ee9ebe89dbac0ce6246,3,False,pending
f5eba977740dba5ceffd,e906d3346b0f8c3676f8,3,False,pending
f5eba977740dba5ceffd,0a139ca0315d6eae574d,4,False,pending
f5eba977740dba5ceffd,fdc891ef7b15f5953c56,4,False,pending
f5eba977740dba5ceffd,9b8b95815322d0a3ae79,4,False,pending
f5eba977740dba5ceffd,4b00fd3983cf5315bdd2,3,False,pending
f5eba977740dba5ceffd,c96e3bcc8986f4a0001a,3,False,pending
f5eba977740dba5ceffd,9be23342ee406607c718,4,False,pending
f5eba977740dba5ceffd,b94caabc4b10487bdec5,1,False,pending
f5eba977740dba5ceffd,107768ca7825c509d025,0,False,pending
f5eba977740dba5ceffd,7263cae6e898bc7f20a8,2,False,pending
f5eba977740dba5ceffd,05e8c1eee0399894908c,3,False,pending
f5eba977740dba5ceffd,c33622b54ccb66b8ea42,4,False,pending
f5eba977740dba5ceffd,250ae161e30aac952b55,4,False,pending
f5eba977740dba5ceffd,593775773d3c5912b25e,3,False,pending
f5eba977740dba5ceffd,335603eeb8e00360812a,3,False,pending
f5eba977740dba5ceffd,1fc549a3f42c99dd7b4f,4,False,pending
f5eba977740dba5ceffd,4ce09bb5dd2b2104683e,4,False,pending
f5eba977740dba5ceffd,c263b10acbed7d9ce56e,3,False,pending
f5eba977740dba5ceffd,7dfa8a88e189555d71ca,2,False,pending
f5eba977740dba5ceffd,b77776a9914b2542a475,2,False,pending
f5eba977740dba5ceffd,a8381cf3831847e1b254,1,False,pending
f5eba977740dba5ceffd,70bfcd6593828bddbc28,3,False,pending
f5eba977740dba5ceffd,644b08ea92be7e5966f5,4,False,pending
f5eba977740dba5ceffd,a9f2d079250f8ca533f2,4,False,pending
f5eba977740dba5ceffd,3435b205cf2894c16d94,2,False,pending
f5eba977740dba5ceffd,561e219f4507a73d9826,3,False,pending
f5eba977740dba5ceffd,55fb626c9581efc07447,4,False,pending
f5eba977740dba5ceffd,b8f70e59b3e6a470efd1,4,False,pending
f5eba977740dba5ceffd,02637da2d1bec857f727,3,False,pending
f5eba977740dba5ceffd,e7306963a8ec3a39a8c6,3,False,pending
1c546b07b9af42b05435,95f4e863417fb593263a,0,False,pending
1c546b07b9af42b05435,fdec1d535ba44ccfe662,0,False,pending
1c546b07b9af42b05435,22b34cb908f9b5e4a98d,1,False,pending
1c546b07b9af42b05435,2f0f44a41184233408d5,1,False,pending
1c546b07b9af42b05435,44c4561dc23877ee9ed2,1,False,pending
1c546b07b9af42b05435,2b8f4e71664d50ef6281,1,False,pending
1c546b07b9af42b05435,6c0cb17ec3dfaedc9bd6,1,False,pending
1c546b07b9af42b05435,0007da6f35f0a9ec5efc,1,False,pending
1c546b07b9af42b05435,eec5262a3e3664bf50d5,2,False,pending
1c546b07b9af42b05435,0be94dac7ac618d43090,2,False,pending
1c546b07b9af42b05435,47e69124bb124b89ee73,2,False,pending
1c546b07b9af42b05435,5fa4e19ab17cc058c92a,2,False,pending
1c546b07b9af42b05435,308f1991bf931a815b73,2,False,pending
1c546b07b9af42b05435,53a266297bb98f9ec28d,3,False,pending
1c546b07b9af42b05435,df7436b090f7c9178603,3,False,pending
1c546b07b9af42b05435,9943d4624140c991fccd,4,False,pending
1c546b07b9af42b05435,6eb9b02da1c72c324578,4,False,pending
1c546b07b9af42b05435,e86f2bd0fce59ed85966,4,False,pending
1c546b07b9af42b05435,2ae4aa8005dc53fdc257,4,False,pending
1c546b07b9af42b05435,5e4e61b52c77d2d4956d,3,False,pending
1c546b07b9af42b05435,12be1682c5370d82bdaf,3,False,pending
1c546b07b9af42b05435,5c3bb3b6a654fc543103,3,False,pending
1c546b07b9af42b05435,9ba1ae2897dbda8a14a8,4,False,pending
1c546b07b9af42b05435,ad1243412c8169e6cc30,4,False,pending
1c546b07b9af42b05435,9baa6ef45158569a58ea,4,False,pending
1c546b07b9af42b05435,cf3e12b4b2af6f3f02b0,4,False,pending
1c546b07b9af42b05435,de29f740c1d96b65d168,4,False,pending
1c546b07b9af42b05435,8ac5011dc42a22cd8715,4,False,pending
1c546b07b9af42b05435,c552c5efddd227aaf44e,4,False,pending
1c546b07b9af42b05435,db6325854b9a72c417a7,4,False,pending
1c546b07b9af42b05435,ecf2ec505f9549842f57,3,False,pending
1c546b07b9af42b05435,3e2358dfe5ab88455987,3,False,pending
1c546b07b9af42b05435,4e729c11518d047c1be5,3,False,pending
1c546b07b9af42b05435,2a644f83f1c1d72ec383,3,False,pending
1c546b07b9af42b05435,c747c7d9ac6a7331842d,3,False,pending
1c546b07b9af42b05435,26319d33aa13c8b2511a,2,False,pending
1c546b07b9af42b05435,7c10fc29b4b37e22ff5d,2,False,pending
1c546b07b9af42b05435,7e419d059b3c29de905f,2,False,pending
1c546b07b9af42b05435,a3a60bfc4d280dd7fa6a,2,False,pending
1c546b07b9af42b05435,e0c6a0d62c0357010449,2,False,pending
1c546b07b9af42b05435,57ece6052cb009ce34d3,2,False,pending
1c546b07b9af42b05435,4afb928ef68fded20d0f,2,False,pending
1c546b07b9af42b05435,61d78ce58476e4fae645,3,False,pending
1c546b07b9af42b05435,46b812dc1001b7d3b6e5,4,False,pending
1c546b07b9af42b05435,ae46c54df758a7a30ff0,4,False,pending
1c546b07b9af42b05435,234fecbf65b6c0dcebd3,2,False,pending
1c546b07b9af42b05435,7ad7ca9d7436bd407ef2,3,False,pending
1c546b07b9af42b05435,1b1f9723e7318bf841ac,3,False,pending
1c546b07b9af42b05435,7d83dc58278ebef8d3a3,3,False,pending
1c546b07b9af42b05435,f728f90e984d76c12ba9,3,False,pending
1c546b07b9af42b05435,1dbe06181cdd45414a9d,4,False,pending
1c546b07b9af42b05435,f8080a59db0763d5ba43,4,False,pending
1c546b07b9af42b05435,ca517e90209b74e234aa,3,False,pending
1c546b07b9af42b05435,2fe0e29226e48d98168f,3,False,pending
1c546b07b9af42b05435,9657778bc49c6cdb6612,3,False,pending
1c546b07b9af42b05435,5efa4cb81101b3e2b680,4,False,pending
1c546b07b9af42b05435,a9df733be3ca722f05b7,4,False,pending
1c546b07b9af42b05435,6b59312903ac971959e2,3,False,pending
1c546b07b9af42b05435,408baf4fbb17803fb3d6,3,False,pending
1c546b07b9af42b05435,f07c3f628a3be785edd9,3,False,pending
1c546b07b9af42b05435,3b22ca9b2517d576f22e,3,False,pending
1c546b07b9af42b05435,191754d258d36fefbe05,3,False,pending
1c546b07b9af42b05435,3ee9ebe89dbac0ce6246,3,False,pending
1c546b07b9af42b05435,e906d3346b0f8c3676f8,3,False,pending
1c546b07b9af42b05435,0a139ca0315d6eae574d,4,False,pending
1c546b07b9af42b05435,fdc891ef7b15f5953c56,4,False,pending
1c546b07b9af42b05435,9b8b95815322d0a3ae79,4,False,pending
1c546b07b9af42b05435,4b00fd3983cf5315bdd2,3,False,pending
1c546b07b9af42b05435,c96e3bcc8986f4a0001a,3,False,pending
1c546b07b9af42b05435,9be23342ee406607c718,4,False,pending
1c546b07b9af42b05435,b94caabc4b10487bdec5,1,False,pending
1c546b07b9af42b05435,107768ca7825c509d025,0,False,pending
1c546b07b9af42b05435,7263cae6e898bc7f20a8,2,False,pending
1c546b07b9af42b05435,05e8c1eee0399894908c,3,False,pending
1c546b07b9af42b05435,c33622b54ccb66b8ea42,4,False,pending
1c546b07b9af42b05435,250ae161e30aac952b55,4,False,pending
1c546b07b9af42b05435,593775773d3c5912b25e,3,False,pending
1c546b07b9af42b05435,335603eeb8e00360812a,3,False,pending
1c546b07b9af42b05435,1fc549a3f42c99dd7b4f,4,False,pending
1c546b07b9af42b05435,4ce09bb5dd2b2104683e,4,False,pending
1c546b07b9af42b05435,c263b10acbed7d9ce56e,3,False,pending
1c546b07b9af42b05435,7dfa8a88e189555d71ca,2,False,pending
1c546b07b9af42b05435,b77776a9914b2542a475,2,False,pending
1c546b07b9af42b05435,a8381cf3831847e1b254,1,False,pending
1c546b07b9af42b05435,70bfcd6593828bddbc28,3,False,pending
1c546b07b9af42b05435,644b08ea92be7e5966f5,4,False,pending
1c546b07b9af42b05435,a9f2d079250f8ca533f2,4,False,pending
1c546b07b9af42b05435,3435b205cf2894c16d94,2,False,pending
1c546b07b9af42b05435,561e219f4507a73d9826,3,False,pending
1c546b07b9af42b05435,55fb626c9581efc07447,4,False,pending
1c546b07b9af42b05435,b8f70e59b3e6a470efd1,4,False,pending
1c546b07b9af42b05435,02637da2d1bec857f727,3,False,pending
1c546b07b9af42b05435,e7306963a8ec3a39a8c6,3,False,pending
95f4e863417fb593263a,22b34cb908f9b5e4a98d,1,False,pending
95f4e863417fb593263a,2f0f44a41184233408d5,1,False,pending
95f4e863417fb593263a,44c4561dc23877ee9ed2,1,False,pending
95f4e863417fb593263a,2b8f4e71664d50ef6281,1,False,pending
95f4e863417fb593263a,6c0cb17ec3dfaedc9bd6,1,False,pending
95f4e863417fb593263a,0007da6f35f0a9ec5efc,1,False,pending
95f4e863417fb593263a,eec5262a3e3664bf50d5,2,False,pending
95f4e863417fb593263a,0be94dac7ac618d43090,2,False,pending
95f4e863417fb593263a,47e69124bb124b89ee73,2,False,pending
95f4e863417fb593263a,5fa4e19ab17cc058c92a,2,False,pending
95f4e863417fb593263a,308f1991bf931a815b73,2,False,pending
95f4e863417fb593263a,53a266297bb98f9ec28d,3,False,pending
95f4e863417fb593263a,df7436b090f7c9178603,3,False,pending
95f4e863417fb593263a,9943d4624140c991fccd,4,False,pending
95f4e863417fb593263a,6eb9b02da1c72c324578,4,False,pending
95f4e863417fb593263a,e86f2bd0fce59ed85966,4,False,pending
95f4e863417fb593263a,2ae4aa8005dc53fdc257,4,False,pending
95f4e863417fb593263a,5e4e61b52c77d2d4956d,3,False,pending
95f4e863417fb593263a,12be1682c5370d82bdaf,3,False,pending
95f4e863417fb593263a,5c3bb3b6a654fc543103,3,False,pending
95f4e863417fb593263a,9ba1ae2897dbda8a14a8,4,False,pending
95f4e863417fb593263a,ad1243412c8169e6cc30,4,False,pending
95f4e863417fb593263a,9baa6ef45158569a58ea,4,False,pending
95f4e863417fb593263a,cf3e12b4b2af6f3f02b0,4,False,pending
95f4e863417fb593263a,de29f740c1d96b65d168,4,False,pending
95f4e863417fb593263a,8ac5011dc42a22cd8715,4,False,pending
95f4e863417fb593263a,c552c5efddd227aaf44e,4,False,pending
95f4e863417fb593263a,db6325854b9a72c417a7,4,False,pending
95f4e863417fb593263a,ecf2ec505f9549842f57,3,False,pending
95f4e863417fb593263a,3e2358dfe5ab88455987,3,False,pending
95f4e863417fb593263a,4e729c11518d047c1be5,3,False,pending
95f4e863417fb593263a,2a644f83f1c1d72ec383,3,False,pending
95f4e863417fb593263a,c747c7d9ac6a7331842d,3,False,pending
95f4e863417fb593263a,26319d33aa13c8b2511a,2,False,pending
95f4e863417fb593263a,7c10fc29b4b37e22ff5d,2,False,pending
95f4e863417fb593263a,7e419d059b3c29de905f,2,False,pending
95f4e863417fb593263a,a3a60bfc4d280dd7fa6a,2,False,pending
95f4e863417fb593263a,e0c6a0d62c0357010449,2,False,pending
95f4e863417fb593263a,57ece6052cb009ce34d3,2,False,pending
95f4e863417fb593263a,4afb928ef68fded20d0f,2,False,pending
95f4e863417fb593263a,61d78ce58476e4fae645,3,False,pending
95f4e863417fb593263a,46b812dc1001b7d3b6e5,4,False,pending
95f4e863417fb593263a,ae46c54df758a7a30ff0,4,False,pending
95f4e863417fb593263a,234fecbf65b6c0dcebd3,2,False,pending
95f4e863417fb593263a,7ad7ca9d7436bd407ef2,3,False,pending
95f4e863417fb593263a,1b1f9723e7318bf841ac,3,False,pending
95f4e863417fb593263a,7d83dc58278ebef8d3a3,3,False,pending
95f4e863417fb593263a,f728f90e984d76c12ba9,3,False,pending
95f4e863417fb593263a,1dbe06181cdd45414a9d,4,False,pending
95f4e863417fb593263a,f8080a59db0763d5ba43,4,False,pending
95f4e863417fb593263a,ca517e90209b74e234aa,3,False,pending
95f4e863417fb593263a,2fe0e29226e48d98168f,3,False,pending
95f4e863417fb593263a,9657778bc49c6cdb6612,3,False,pending
95f4e863417fb593263a,5efa4cb81101b3e2b680,4,False,pending
95f4e863417fb593263a,a9df733be3ca722f05b7,4,False,pending
95f4e863417fb593263a,6b59312903ac971959e2,3,False,pending
95f4e863417fb593263a,408baf4fbb17803fb3d6,3,False,pending
95f4e863417fb593263a,f07c3f628a3be785edd9,3,False,pending
95f4e863417fb593263a,3b22ca9b2517d576f22e,3,False,pending
95f4e863417fb593263a,191754d258d36fefbe05,3,False,pending
95f4e863417fb593263a,3ee9ebe89dbac0ce6246,3,False,pending
95f4e863417fb593263a,e906d3346b0f8c3676f8,3,False,pending
95f4e863417fb593263a,0a139ca0315d6eae574d,4,False,pending
95f4e863417fb593263a,fdc891ef7b15f5953c56,4,False,pending
95f4e863417fb593263a,9b8b95815322d0a3ae79,4,False,pending
95f4e863417fb593263a,4b00fd3983cf5315bdd2,3,False,pending
95f4e863417fb593263a,c96e3bcc8986f4a0001a,3,False,pending
95f4e863417fb593263a,9be23342ee406607c718,4,False,pending
95f4e863417fb593263a,b94caabc4b10487bdec5,1,False,pending
95f4e863417fb593263a,7263cae6e898bc7f20a8,2,False,pending
95f4e863417fb593263a,05e8c1eee0399894908c,3,False,pending
95f4e863417fb593263a,c33622b54ccb66b8ea42,4,False,pending
95f4e863417fb593263a,250ae161e30aac952b55,4,False,pending
95f4e863417fb593263a,593775773d3c5912b25e,3,False,pending
95f4e863417fb593263a,335603eeb8e00360812a,3,False,pending
95f4e863417fb593263a,1fc549a3f42c99dd7b4f,4,False,pending
95f4e863417fb593263a,4ce09bb5dd2b2104683e,4,False,pending
95f4e863417fb593263a,c263b10acbed7d9ce56e,3,False,pending
95f4e863417fb593263a,7dfa8a88e189555d71ca,2,False,pending
95f4e863417fb593263a,b77776a9914b2542a475,2,False,pending
95f4e863417fb593263a,a8381cf3831847e1b254,1,False,pending
95f4e863417fb593263a,70bfcd6593828bddbc28,3,False,pending
95f4e863417fb593263a,644b08ea92be7e5966f5,4,False,pending
95f4e863417fb593263a,a9f2d079250f8ca533f2,4,False,pending
95f4e863417fb593263a,3435b205cf2894c16d94,2,False,pending
95f4e863417fb593263a,561e219f4507a73d9826,3,False,pending
95f4e863417fb593263a,55fb626c9581efc07447,4,False,pending
95f4e863417fb593263a,b8f70e59b3e6a470efd1,4,False,pending
95f4e863417fb593263a,02637da2d1bec857f727,3,False,pending
95f4e863417fb593263a,e7306963a8ec3a39a8c6,3,False,pending
fdec1d535ba44ccfe662,22b34cb908f9b5e4a98d,1,False,pending
fdec1d535ba44ccfe662,2f0f44a41184233408d5,1,False,pending
fdec1d535ba44ccfe662,44c4561dc23877ee9ed2,1,False,pending
fdec1d535ba44ccfe662,2b8f4e71664d50ef6281,1,False,pending
fdec1d535ba44ccfe662,6c0cb17ec3dfaedc9bd6,1,False,pending
fdec1d535ba44ccfe662,0007da6f35f0a9ec5efc,1,False,pending
fdec1d535ba44ccfe662,eec5262a3e3664bf50d5,2,False,pending
fdec1d535ba44ccfe662,0be94dac7ac618d43090,2,False,pending
fdec1d535ba44ccfe662,47e69124bb124b89ee73,2,False,pending
fdec1d535ba44ccfe662,5fa4e19ab17cc058c92a,2,False,pending
fdec1d535ba44ccfe662,308f1991bf931a815b73,2,False,pending
fdec1d535ba44ccfe662,53a266297bb98f9ec28d,3,False,pending
fdec1d535ba44ccfe662,df7436b090f7c9178603,3,False,pending
fdec1d535ba44ccfe662,9943d4624140c991fccd,4,False,pending
fdec1d535ba44ccfe662,6eb9b02da1c72c324578,4,False,pending
fdec1d535ba44ccfe662,e86f2bd0fce59ed85966,4,False,pending
fdec1d535ba44ccfe662,2ae4aa8005dc53fdc257,4,False,pending
fdec1d535ba44ccfe662,5e4e61b52c77d2d4956d,3,False,pending
fdec1d535ba44ccfe662,12be1682c5370d82bdaf,3,False,pending
fdec1d535ba44ccfe662,5c3bb3b6a654fc543103,3,False,pending
fdec1d535ba44ccfe662,9ba1ae2897dbda8a14a8,4,False,pending
fdec1d535ba44ccfe662,ad1243412c8169e6cc30,4,False,pending
fdec1d535ba44ccfe662,9baa6ef45158569a58ea,4,False,pending
fdec1d535ba44ccfe662,cf3e12b4b2af6f3f02b0,4,False,pending
fdec1d535ba44ccfe662,de29f740c1d96b65d168,4,False,pending
fdec1d535ba44ccfe662,8ac5011dc42a22cd8715,4,False,pending
fdec1d535ba44ccfe662,c552c5efddd227aaf44e,4,False,pending
fdec1d535ba44ccfe662,db6325854b9a72c417a7,4,False,pending
fdec1d535ba44ccfe662,ecf2ec505f9549842f57,3,False,pending
fdec1d535ba44ccfe662,3e2358dfe5ab88455987,3,False,pending
fdec1d535ba44ccfe662,4e729c11518d047c1be5,3,False,pending
fdec1d535ba44ccfe662,2a644f83f1c1d72ec383,3,False,pending
fdec1d535ba44ccfe662,c747c7d9ac6a7331842d,3,False,pending
fdec1d535ba44ccfe662,26319d33aa13c8b2511a,2,False,pending
fdec1d535ba44ccfe662,7c10fc29b4b37e22ff5d,2,False,pending
fdec1d535ba44ccfe662,7e419d059b3c29de905f,2,False,pending
fdec1d535ba44ccfe662,a3a60bfc4d280dd7fa6a,2,False,pending
fdec1d535ba44ccfe662,e0c6a0d62c0357010449,2,False,pending
fdec1d535ba44ccfe662,57ece6052cb009ce34d3,2,False,pending
fdec1d535ba44ccfe662,4afb928ef68fded20d0f,2,False,pending
fdec1d535ba44ccfe662,61d78ce58476e4fae645,3,False,pending
fdec1d535ba44ccfe662,46b812dc1001b7d3b6e5,4,False,pending
fdec1d535ba44ccfe662,ae46c54df758a7a30ff0,4,False,pending
fdec1d535ba44ccfe662,234fecbf65b6c0dcebd3,2,False,pending
fdec1d535ba44ccfe662,7ad7ca9d7436bd407ef2,3,False,pending
fdec1d535ba44ccfe662,1b1f9723e7318bf841ac,3,False,pending
fdec1d535ba44ccfe662,7d83dc58278ebef8d3a3,3,False,pending
fdec1d535ba44ccfe662,f728f90e984d76c12ba9,3,False,pending
fdec1d535ba44ccfe662,1dbe06181cdd45414a9d,4,False,pending
fdec1d535ba44ccfe662,f8080a59db0763d5ba43,4,False,pending
fdec1d535ba44ccfe662,ca517e90209b74e234aa,3,False,pending
fdec1d535ba44ccfe662,2fe0e29226e48d98168f,3,False,pending
fdec1d535ba44ccfe662,9657778bc49c6cdb6612,3,False,pending
fdec1d535ba44ccfe662,5efa4cb81101b3e2b680,4,False,pending
fdec1d535ba44ccfe662,a9df733be3ca722f05b7,4,False,pending
fdec1d535ba44ccfe662,6b59312903ac971959e2,3,False,pending
fdec1d535ba44ccfe662,408baf4fbb17803fb3d6,3,False,pending
fdec1d535ba44ccfe662,f07c3f628a3be785edd9,3,False,pending
fdec1d535ba44ccfe662,3b22ca9b2517d576f22e,3,False,pending
fdec1d535ba44ccfe662,191754d258d36fefbe05,3,False,pending
fdec1d535ba44ccfe662,3ee9ebe89dbac0ce6246,3,False,pending
fdec1d535ba44ccfe662,e906d3346b0f8c3676f8,3,False,pending
fdec1d535ba44ccfe662,0a139ca0315d6eae574d,4,False,pending
fdec1d535ba44ccfe662,fdc891ef7b15f5953c56,4,False,pending
fdec1d535ba44ccfe662,9b8b95815322d0a3ae79,4,False,pending
fdec1d535ba44ccfe662,4b00fd3983cf5315bdd2,3,False,pending
fdec1d535ba44ccfe662,c96e3bcc8986f4a0001a,3,False,pending
fdec1d535ba44ccfe662,9be23342ee406607c718,4,False,pending
fdec1d535ba44ccfe662,b94caabc4b10487bdec5,1,False,pending
fdec1d535ba44ccfe662,7263cae6e898bc7f20a8,2,False,pending
fdec1d535ba44ccfe662,05e8c1eee0399894908c,3,False,pending
fdec1d535ba44ccfe662,c33622b54ccb66b8ea42,4,False,pending
fdec1d535ba44ccfe662,250ae161e30aac952b55,4,False,pending
fdec1d535ba44ccfe662,593775773d3c5912b25e,3,False,pending
fdec1d535ba44ccfe662,335603eeb8e00360812a,3,False,pending
fdec1d535ba44ccfe662,1fc549a3f42c99dd7b4f,4,False,pending
fdec1d535ba44ccfe662,4ce09bb5dd2b2104683e,4,False,pending
fdec1d535ba44ccfe662,c263b10acbed7d9ce56e,3,False,pending
fdec1d535ba44ccfe662,7dfa8a88e189555d71ca,2,False,pending
fdec1d535ba44ccfe662,b77776a9914b2542a475,2,False,pending
fdec1d535ba44ccfe662,a8381cf3831847e1b254,1,False,pending
fdec1d535ba44ccfe662,70bfcd6593828bddbc28,3,False,pending
fdec1d535ba44ccfe662,644b08ea92be7e5966f5,4,False,pending
fdec1d535ba44ccfe662,a9f2d079250f8ca533f2,4,False,pending
fdec1d535ba44ccfe662,3435b205cf2894c16d94,2,False,pending
fdec1d535ba44ccfe662,561e219f4507a73d9826,3,False,pending
fdec1d535ba44ccfe662,55fb626c9581efc07447,4,False,pending
fdec1d535ba44ccfe662,b8f70e59b3e6a470efd1,4,False,pending
fdec1d535ba44ccfe662,02637da2d1bec857f727,3,False,pending
fdec1d535ba44ccfe662,e7306963a8ec3a39a8c6,3,False,pending
22b34cb908f9b5e4a98d,2b8f4e71664d50ef6281,0,False,pending
22b34cb908f9b5e4a98d,6c0cb17ec3dfaedc9bd6,0,False,pending
22b34cb908f9b5e4a98d,0007da6f35f0a9ec5efc,0,False,pending
22b34cb908f9b5e4a98d,eec5262a3e3664bf50d5,1,False,pending
22b34cb908f9b5e4a98d,0be94dac7ac618d43090,1,False,pending
22b34cb908f9b5e4a98d,47e69124bb124b89ee73,1,False,pending
22b34cb908f9b5e4a98d,5fa4e19ab17cc058c92a,1,False,pending
22b34cb908f9b5e4a98d,308f1991bf931a815b73,1,False,pending
22b34cb908f9b5e4a98d,53a266297bb98f9ec28d,2,False,pending
22b34cb908f9b5e4a98d,df7436b090f7c9178603,2,False,pending
22b34cb908f9b5e4a98d,5e4e61b52c77d2d4956d,4,False,pending
22b34cb908f9b5e4a98d,12be1682c5370d82bdaf,4,False,pending
22b34cb908f9b5e4a98d,5c3bb3b6a654fc543103,4,False,pending
22b34cb908f9b5e4a98d,fbf8459c54b5e7e34aef,4,False,pending
22b34cb908f9b5e4a98d,d63e4b89254fd3d8c5f9,4,False,pending
22b34cb908f9b5e4a98d,ec29764946c1376cccbe,4,False,pending
22b34cb908f9b5e4a98d,9ba1ae2897dbda8a14a8,3,False,pending
22b34cb908f9b5e4a98d,ad1243412c8169e6cc30,3,False,pending
22b34cb908f9b5e4a98d,8ac5011dc42a22cd8715,3,False,pending
22b34cb908f9b5e4a98d,c552c5efddd227aaf44e,3,False,pending
22b34cb908f9b5e4a98d,db6325854b9a72c417a7,3,False,pending
22b34cb908f9b5e4a98d,ecf2ec505f9549842f57,2,False,pending
22b34cb908f9b5e4a98d,3e2358dfe5ab88455987,2,False,pending
22b34cb908f9b5e4a98d,4e729c11518d047c1be5,2,False,pending
22b34cb908f9b5e4a98d,2a644f83f1c1d72ec383,2,False,pending
22b34cb908f9b5e4a98d,c747c7d9ac6a7331842d,2,False,pending
22b34cb908f9b5e4a98d,26319d33aa13c8b2511a,1,False,pending
22b34cb908f9b5e4a98d,7c10fc29b4b37e22ff5d,1,False,pending
22b34cb908f9b5e4a98d,7e419d059b3c29de905f,1,False,pending
22b34cb908f9b5e4a98d,a3a60bfc4d280dd7fa6a,1,False,pending
22b34cb908f9b5e4a98d,e0c6a0d62c0357010449,1,False,pending
22b34cb908f9b5e4a98d,57ece6052cb009ce34d3,1,False,pending
22b34cb908f9b5e4a98d,4afb928ef68fded20d0f,1,False,pending
22b34cb908f9b5e4a98d,61d78ce58476e4fae645,2,False,pending
22b34cb908f9b5e4a98d,46b812dc1001b7d3b6e5,3,False,pending
22b34cb908f9b5e4a98d,ae46c54df758a7a30ff0,3,False,pending
22b34cb908f9b5e4a98d,234fecbf65b6c0dcebd3,1,False,pending
22b34cb908f9b5e4a98d,7ad7ca9d7436bd407ef2,2,False,pending
22b34cb908f9b5e4a98d,1b1f9723e7318bf841ac,2,False,pending
22b34cb908f9b5e4a98d,8a124b4a7aac984a1de8,4,False,pending
22b34cb908f9b5e4a98d,2633580c5487f1c8726c,4,False,pending
22b34cb908f9b5e4a98d,7d83dc58278ebef8d3a3,2,False,pending
22b34cb908f9b5e4a98d,f728f90e984d76c12ba9,2,False,pending
22b34cb908f9b5e4a98d,1dbe06181cdd45414a9d,3,False,pending
22b34cb908f9b5e4a98d,f8080a59db0763d5ba43,3,False,pending
22b34cb908f9b5e4a98d,ca517e90209b74e234aa,2,False,pending
22b34cb908f9b5e4a98d,2fe0e29226e48d98168f,2,False,pending
22b34cb908f9b5e4a98d,9657778bc49c6cdb6612,2,False,pending
22b34cb908f9b5e4a98d,5efa4cb81101b3e2b680,3,False,pending
22b34cb908f9b5e4a98d,a9df733be3ca722f05b7,3,False,pending
22b34cb908f9b5e4a98d,6b59312903ac971959e2,2,False,pending
22b34cb908f9b5e4a98d,408baf4fbb17803fb3d6,2,False,pending
22b34cb908f9b5e4a98d,f07c3f628a3be785edd9,2,False,pending
22b34cb908f9b5e4a98d,3b22ca9b2517d576f22e,2,False,pending
22b34cb908f9b5e4a98d,daddf8167bdfcd608d41,4,False,pending
22b34cb908f9b5e4a98d,658e22365c321dd489fe,4,False,pending
22b34cb908f9b5e4a98d,191754d258d36fefbe05,2,False,pending
22b34cb908f9b5e4a98d,3ee9ebe89dbac0ce6246,2,False,pending
22b34cb908f9b5e4a98d,e906d3346b0f8c3676f8,2,False,pending
22b34cb908f9b5e4a98d,0a139ca0315d6eae574d,3,False,pending
22b34cb908f9b5e4a98d,fdc891ef7b15f5953c56,3,False,pending
22b34cb908f9b5e4a98d,9b8b95815322d0a3ae79,3,False,pending
22b34cb908f9b5e4a98d,1340507560e8d4d692bb,4,False,pending
22b34cb908f9b5e4a98d,c36e8f45e46cd2c20a14,4,False,pending
22b34cb908f9b5e4a98d,ca031beab1a7fb2cd198,4,False,pending
22b34cb908f9b5e4a98d,c1027b69b773fd8abb77,4,False,pending
22b34cb908f9b5e4a98d,4b00fd3983cf5315bdd2,2,False,pending
22b34cb908f9b5e4a98d,c96e3bcc8986f4a0001a,2,False,pending
22b34cb908f9b5e4a98d,b94caabc4b10487bdec5,0,False,pending
22b34cb908f9b5e4a98d,107768ca7825c509d025,1,False,pending
22b34cb908f9b5e4a98d,7263cae6e898bc7f20a8,1,False,pending
22b34cb908f9b5e4a98d,05e8c1eee0399894908c,2,False,pending
22b34cb908f9b5e4a98d,593775773d3c5912b25e,4,False,pending
22b34cb908f9b5e4a98d,335603eeb8e00360812a,4,False,pending
22b34cb908f9b5e4a98d,1fc549a3f42c99dd7b4f,3,False,pending
22b34cb908f9b5e4a98d,4ce09bb5dd2b2104683e,3,False,pending
22b34cb908f9b5e4a98d,c263b10acbed7d9ce56e,2,False,pending
22b34cb908f9b5e4a98d,7dfa8a88e189555d71ca,1,False,pending
22b34cb908f9b5e4a98d,b77776a9914b2542a475,1,False,pending
22b34cb908f9b5e4a98d,a8381cf3831847e1b254,0,False,pending
22b34cb908f9b5e4a98d,70bfcd6593828bddbc28,2,False,pending
22b34cb908f9b5e4a98d,644b08ea92be7e5966f5,3,False,pending
22b34cb908f9b5e4a98d,a9f2d079250f8ca533f2,3,False,pending
22b34cb908f9b5e4a98d,3435b205cf2894c16d94,1,False,pending
22b34cb908f9b5e4a98d,561e219f4507a73d9826,2,False,pending
22b34cb908f9b5e4a98d,55fb626c9581efc07447,3,False,pending
22b34cb908f9b5e4a98d,b8f70e59b3e6a470efd1,3,False,pending
22b34cb908f9b5e4a98d,02637da2d1bec857f727,2,False,pending
22b34cb908f9b5e4a98d,e7306963a8ec3a39a8c6,2,False,pending
22b34cb908f9b5e4a98d,5dd7c49e1a9ce0914e81,4,False,pending
2f0f44a41184233408d5,2b8f4e71664d50ef6281,0,False,pending
2f0f44a41184233408d5,6c0cb17ec3dfaedc9bd6,0,False,pending
2f0f44a41184233408d5,0007da6f35f0a9ec5efc,0,False,pending
2f0f44a41184233408d5,eec5262a3e3664bf50d5,1,False,pending
2f0f44a41184233408d5,0be94dac7ac618d43090,1,False,pending
2f0f44a41184233408d5,47e69124bb124b89ee73,1,False,pending
2f0f44a41184233408d5,5fa4e19ab17cc058c92a,1,False,pending
2f0f44a41184233408d5,308f1991bf931a815b73,1,False,pending
2f0f44a41184233408d5,53a266297bb98f9ec28d,2,False,pending
2f0f44a41184233408d5,df7436b090f7c9178603,2,False,pending
2f0f44a41184233408d5,5e4e61b52c77d2d4956d,4,False,pending
2f0f44a41184233408d5,12be1682c5370d82bdaf,4,False,pending
2f0f44a41184233408d5,5c3bb3b6a654fc543103,4,False,pending
2f0f44a41184233408d5,fbf8459c54b5e7e34aef,4,False,pending
2f0f44a41184233408d5,d63e4b89254fd3d8c5f9,4,False,pending
2f0f44a41184233408d5,ec29764946c1376cccbe,4,False,pending
2f0f44a41184233408d5,9ba1ae2897dbda8a14a8,3,False,pending
2f0f44a41184233408d5,ad1243412c8169e6cc30,3,False,pending
2f0f44a41184233408d5,8ac5011dc42a22cd8715,3,False,pending
2f0f44a41184233408d5,c552c5efddd227aaf44e,3,False,pending
2f0f44a41184233408d5,db6325854b9a72c417a7,3,False,pending
2f0f44a41184233408d5,ecf2ec505f9549842f57,2,False,pending
2f0f44a41184233408d5,3e2358dfe5ab88455987,2,False,pending
2f0f44a41184233408d5,4e729c11518d047c1be5,2,False,pending
2f0f44a41184233408d5,2a644f83f1c1d72ec383,2,False,pending
2f0f44a41184233408d5,c747c7d9ac6a7331842d,2,False,pending
2f0f44a41184233408d5,26319d33aa13c8b2511a,1,False,pending
2f0f44a41184233408d5,7c10fc29b4b37e22ff5d,1,False,pending
2f0f44a41184233408d5,7e419d059b3c29de905f,1,False,pending
2f0f44a41184233408d5,a3a60bfc4d280dd7fa6a,1,False,pending
2f0f44a41184233408d5,e0c6a0d62c0357010449,1,False,pending
2f0f44a41184233408d5,57ece6052cb009ce34d3,1,False,pending
2f0f44a41184233408d5,4afb928ef68fded20d0f,1,False,pending
2f0f44a41184233408d5,61d78ce58476e4fae645,2,False,pending
2f0f44a41184233408d5,46b812dc1001b7d3b6e5,3,False,pending
2f0f44a41184233408d5,ae46c54df758a7a30ff0,3,False,pending
2f0f44a41184233408d5,234fecbf65b6c0dcebd3,1,False,pending
2f0f44a41184233408d5,7ad7ca9d7436bd407ef2,2,False,pending
2f0f44a41184233408d5,1b1f9723e7318bf841ac,2,False,pending
2f0f44a41184233408d5,8a124b4a7aac984a1de8,4,False,pending
2f0f44a41184233408d5,2633580c5487f1c8726c,4,False,pending
2f0f44a41184233408d5,7d83dc58278ebef8d3a3,2,False,pending
2f0f44a41184233408d5,f728f90e984d76c12ba9,2,False,pending
2f0f44a41184233408d5,1dbe06181cdd45414a9d,3,False,pending
2f0f44a41184233408d5,f8080a59db0763d5ba43,3,False,pending
2f0f44a41184233408d5,ca517e90209b74e234aa,2,False,pending
2f0f44a41184233408d5,2fe0e29226e48d98168f,2,False,pending
2f0f44a41184233408d5,9657778bc49c6cdb6612,2,False,pending
2f0f44a41184233408d5,5efa4cb81101b3e2b680,3,False,pending
2f0f44a41184233408d5,a9df733be3ca722f05b7,3,False,pending
2f0f44a41184233408d5,6b59312903ac971959e2,2,False,pending
2f0f44a41184233408d5,408baf4fbb17803fb3d6,2,False,pending
2f0f44a41184233408d5,f07c3f628a3be785edd9,2,False,pending
2f0f44a41184233408d5,3b22ca9b2517d576f22e,2,False,pending
2f0f44a41184233408d5,daddf8167bdfcd608d41,4,False,pending
2f0f44a41184233408d5,658e22365c321dd489fe,4,False,pending
2f0f44a41184233408d5,191754d258d36fefbe05,2,False,pending
2f0f44a41184233408d5,3ee9ebe89dbac0ce6246,2,False,pending
2f0f44a41184233408d5,e906d3346b0f8c3676f8,2,False,pending
2f0f44a41184233408d5,0a139ca0315d6eae574d,3,False,pending
2f0f44a41184233408d5,fdc891ef7b15f5953c56,3,False,pending
2f0f44a41184233408d5,9b8b95815322d0a3ae79,3,False,pending
2f0f44a41184233408d5,1340507560e8d4d692bb,4,False,pending
2f0f44a41184233408d5,c36e8f45e46cd2c20a14,4,False,pending
2f0f44a41184233408d5,ca031beab1a7fb2cd198,4,False,pending
2f0f44a41184233408d5,c1027b69b773fd8abb77,4,False,pending
2f0f44a41184233408d5,4b00fd3983cf5315bdd2,2,False,pending
2f0f44a41184233408d5,c96e3bcc8986f4a0001a,2,False,pending
2f0f44a41184233408d5,b94caabc4b10487bdec5,0,False,pending
2f0f44a41184233408d5,107768ca7825c509d025,1,False,pending
2f0f44a41184233408d5,7263cae6e898bc7f20a8,1,False,pending
2f0f44a41184233408d5,05e8c1eee0399894908c,2,False,pending
2f0f44a41184233408d5,593775773d3c5912b25e,4,False,pending
2f0f44a41184233408d5,335603eeb8e00360812a,4,False,pending
2f0f44a41184233408d5,1fc549a3f42c99dd7b4f,3,False,pending
2f0f44a41184233408d5,4ce09bb5dd2b2104683e,3,False,pending
2f0f44a41184233408d5,c263b10acbed7d9ce56e,2,False,pending
2f0f44a41184233408d5,7dfa8a88e189555d71ca,1,False,pending
2f0f44a41184233408d5,b77776a9914b2542a475,1,False,pending
2f0f44a41184233408d5,a8381cf3831847e1b254,0,False,pending
2f0f44a41184233408d5,70bfcd6593828bddbc28,2,False,pending
2f0f44a41184233408d5,644b08ea92be7e5966f5,3,False,pending
2f0f44a41184233408d5,a9f2d079250f8ca533f2,3,False,pending
2f0f44a41184233408d5,3435b205cf2894c16d94,1,False,pending
2f0f44a41184233408d5,561e219f4507a73d9826,2,False,pending
2f0f44a41184233408d5,55fb626c9581efc07447,3,False,pending
2f0f44a41184233408d5,b8f70e59b3e6a470efd1,3,False,pending
2f0f44a41184233408d5,02637da2d1bec857f727,2,False,pending
2f0f44a41184233408d5,e7306963a8ec3a39a8c6,2,False,pending
2f0f44a41184233408d5,5dd7c49e1a9ce0914e81,4,False,pending
44c4561dc23877ee9ed2,2b8f4e71664d50ef6281,0,False,pending
44c4561dc23877ee9ed2,6c0cb17ec3dfaedc9bd6,0,False,pending
44c4561dc23877ee9ed2,0007da6f35f0a9ec5efc,0,False,pending
44c4561dc23877ee9ed2,eec5262a3e3664bf50d5,1,False,pending
44c4561dc23877ee9ed2,0be94dac7ac618d43090,1,False,pending
44c4561dc23877ee9ed2,47e69124bb124b89ee73,1,False,pending
44c4561dc23877ee9ed2,5fa4e19ab17cc058c92a,1,False,pending
44c4561dc23877ee9ed2,308f1991bf931a815b73,1,False,pending
44c4561dc23877ee9ed2,53a266297bb98f9ec28d,2,False,pending
44c4561dc23877ee9ed2,df7436b090f7c9178603,2,False,pending
44c4561dc23877ee9ed2,5e4e61b52c77d2d4956d,4,False,pending
44c4561dc23877ee9ed2,12be1682c5370d82bdaf,4,False,pending
44c4561dc23877ee9ed2,5c3bb3b6a654fc543103,4,False,pending
44c4561dc23877ee9ed2,fbf8459c54b5e7e34aef,4,False,pending
44c4561dc23877ee9ed2,d63e4b89254fd3d8c5f9,4,False,pending
44c4561dc23877ee9ed2,ec29764946c1376cccbe,4,False,pending
44c4561dc23877ee9ed2,9ba1ae2897dbda8a14a8,3,False,pending
44c4561dc23877ee9ed2,ad1243412c8169e6cc30,3,False,pending
44c4561dc23877ee9ed2,8ac5011dc42a22cd8715,3,False,pending
44c4561dc23877ee9ed2,c552c5efddd227aaf44e,3,False,pending
44c4561dc23877ee9ed2,db6325854b9a72c417a7,3,False,pending
44c4561dc23877ee9ed2,ecf2ec505f9549842f57,2,False,pending
44c4561dc23877ee9ed2,3e2358dfe5ab88455987,2,False,pending
44c4561dc23877ee9ed2,4e729c11518d047c1be5,2,False,pending
44c4561dc23877ee9ed2,2a644f83f1c1d72ec383,2,False,pending
44c4561dc23877ee9ed2,c747c7d9ac6a7331842d,2,False,pending
44c4561dc23877ee9ed2,26319d33aa13c8b2511a,1,False,pending
44c4561dc23877ee9ed2,7c10fc29b4b37e22ff5d,1,False,pending
44c4561dc23877ee9ed2,7e419d059b3c29de905f,1,False,pending
44c4561dc23877ee9ed2,a3a60bfc4d280dd7fa6a,1,False,pending
44c4561dc23877ee9ed2,e0c6a0d62c0357010449,1,False,pending
44c4561dc23877ee9ed2,57ece6052cb009ce34d3,1,False,pending
44c4561dc23877ee9ed2,4afb928ef68fded20d0f,1,False,pending
44c4561dc23877ee9ed2,61d78ce58476e4fae645,2,False,pending
44c4561dc23877ee9ed2,46b812dc1001b7d3b6e5,3,False,pending
44c4561dc23877ee9ed2,ae46c54df758a7a30ff0,3,False,pending
44c4561dc23877ee9ed2,234fecbf65b6c0dcebd3,1,False,pending
44c4561dc23877ee9ed2,7ad7ca9d7436bd407ef2,2,False,pending
44c4561dc23877ee9ed2,1b1f9723e7318bf841ac,2,False,pending
44c4561dc23877ee9ed2,8a124b4a7aac984a1de8,4,False,pending
44c4561dc23877ee9ed2,2633580c5487f1c8726c,4,False,pending
44c4561dc23877ee9ed2,7d83dc58278ebef8d3a3,2,False,pending
44c4561dc23877ee9ed2,f728f90e984d76c12ba9,2,False,pending
44c4561dc23877ee9ed2,1dbe06181cdd45414a9d,3,False,pending
44c4561dc23877ee9ed2,f8080a59db0763d5ba43,3,False,pending
44c4561dc23877ee9ed2,ca517e90209b74e234aa,2,False,pending
44c4561dc23877ee9ed2,2fe0e29226e48d98168f,2,False,pending
44c4561dc23877ee9ed2,9657778bc49c6cdb6612,2,False,pending
44c4561dc23877ee9ed2,5efa4cb81101b3e2b680,3,False,pending
44c4561dc23877ee9ed2,a9df733be3ca722f05b7,3,False,pending
44c4561dc23877ee9ed2,6b59312903ac971959e2,2,False,pending
44c4561dc23877ee9ed2,408baf4fbb17803fb3d6,2,False,pending
44c4561dc23877ee9ed2,f07c3f628a3be785edd9,2,False,pending
44c4561dc23877ee9ed2,3b22ca9b2517d576f22e,2,False,pending
44c4561dc23877ee9ed2,daddf8167bdfcd608d41,4,False,pending
44c4561dc23877ee9ed2,658e22365c321dd489fe,4,False,pending
44c4561dc23877ee9ed2,191754d258d36fefbe05,2,False,pending
44c4561dc23877ee9ed2,3ee9ebe89dbac0ce6246,2,False,pending
44c4561dc23877ee9ed2,e906d3346b0f8c3676f8,2,False,pending
44c4561dc23877ee9ed2,0a139ca0315d6eae574d,3,False,pending
44c4561dc23877ee9ed2,fdc891ef7b15f5953c56,3,False,pending
44c4561dc23877ee9ed2,9b8b95815322d0a3ae79,3,False,pending
44c4561dc23877ee9ed2,1340507560e8d4d692bb,4,False,pending
44c4561dc23877ee9ed2,c36e8f45e46cd2c20a14,4,False,pending
44c4561dc23877ee9ed2,ca031beab1a7fb2cd198,4,False,pending
44c4561dc23877ee9ed2,c1027b69b773fd8abb77,4,False,pending
44c4561dc23877ee9ed2,4b00fd3983cf5315bdd2,2,False,pending
44c4561dc23877ee9ed2,c96e3bcc8986f4a0001a,2,False,pending
44c4561dc23877ee9ed2,b94caabc4b10487bdec5,0,False,pending
44c4561dc23877ee9ed2,107768ca7825c509d025,1,False,pending
44c4561dc23877ee9ed2,7263cae6e898bc7f20a8,1,False,pending
44c4561dc23877ee9ed2,05e8c1eee0399894908c,2,False,pending
44c4561dc23877ee9ed2,593775773d3c5912b25e,4,False,pending
44c4561dc23877ee9ed2,335603eeb8e00360812a,4,False,pending
44c4561dc23877ee9ed2,1fc549a3f42c99dd7b4f,3,False,pending
44c4561dc23877ee9ed2,4ce09bb5dd2b2104683e,3,False,pending
44c4561dc23877ee9ed2,c263b10acbed7d9ce56e,2,False,pending
44c4561dc23877ee9ed2,7dfa8a88e189555d71ca,1,False,pending
44c4561dc23877ee9ed2,b77776a9914b2542a475,1,False,pending
44c4561dc23877ee9ed2,a8381cf3831847e1b254,0,False,pending
44c4561dc23877ee9ed2,70bfcd6593828bddbc28,2,False,pending
44c4561dc23877ee9ed2,644b08ea92be7e5966f5,3,False,pending
44c4561dc23877ee9ed2,a9f2d079250f8ca533f2,3,False,pending
44c4561dc23877ee9ed2,3435b205cf2894c16d94,1,False,pending
44c4561dc23877ee9ed2,561e219f4507a73d9826,2,False,pending
44c4561dc23877ee9ed2,55fb626c9581efc07447,3,False,pending
44c4561dc23877ee9ed2,b8f70e59b3e6a470efd1,3,False,pending
44c4561dc23877ee9ed2,02637da2d1bec857f727,2,False,pending
44c4561dc23877ee9ed2,e7306963a8ec3a39a8c6,2,False,pending
44c4561dc23877ee9ed2,5dd7c49e1a9ce0914e81,4,False,pending
2b8f4e71664d50ef6281,eec5262a3e3664bf50d5,1,False,pending
2b8f4e71664d50ef6281,0be94dac7ac618d43090,1,False,pending
2b8f4e71664d50ef6281,47e69124bb124b89ee73,1,False,pending
2b8f4e71664d50ef6281,5fa4e19ab17cc058c92a,1,False,pending
2b8f4e71664d50ef6281,308f1991bf931a815b73,1,False,pending
2b8f4e71664d50ef6281,53a266297bb98f9ec28d,2,False,pending
2b8f4e71664d50ef6281,df7436b090f7c9178603,2,False,pending
2b8f4e71664d50ef6281,5e4e61b52c77d2d4956d,4,False,pending
2b8f4e71664d50ef6281,12be1682c5370d82bdaf,4,False,pending
2b8f4e71664d50ef6281,5c3bb3b6a654fc543103,4,False,pending
2b8f4e71664d50ef6281,fbf8459c54b5e7e34aef,4,False,pending
2b8f4e71664d50ef6281,d63e4b89254fd3d8c5f9,4,False,pending
2b8f4e71664d50ef6281,ec29764946c1376cccbe,4,False,pending
2b8f4e71664d50ef6281,9ba1ae2897dbda8a14a8,3,False,pending
2b8f4e71664d50ef6281,ad1243412c8169e6cc30,3,False,pending
2b8f4e71664d50ef6281,8ac5011dc42a22cd8715,3,False,pending
2b8f4e71664d50ef6281,c552c5efddd227aaf44e,3,False,pending
2b8f4e71664d50ef6281,db6325854b9a72c417a7,3,False,pending
2b8f4e71664d50ef6281,ecf2ec505f9549842f57,2,False,pending
2b8f4e71664d50ef6281,3e2358dfe5ab88455987,2,False,pending
2b8f4e71664d50ef6281,4e729c11518d047c1be5,2,False,pending
2b8f4e71664d50ef6281,2a644f83f1c1d72ec383,2,False,pending
2b8f4e71664d50ef6281,c747c7d9ac6a7331842d,2,False,pending
2b8f4e71664d50ef6281,26319d33aa13c8b2511a,1,False,pending
2b8f4e71664d50ef6281,7c10fc29b4b37e22ff5d,1,False,pending
2b8f4e71664d50ef6281,7e419d059b3c29de905f,1,False,pending
2b8f4e71664d50ef6281,a3a60bfc4d280dd7fa6a,1,False,pending
2b8f4e71664d50ef6281,e0c6a0d62c0357010449,1,False,pending
2b8f4e71664d50ef6281,57ece6052cb009ce34d3,1,False,pending
2b8f4e71664d50ef6281,4afb928ef68fded20d0f,1,False,pending
2b8f4e71664d50ef6281,61d78ce58476e4fae645,2,False,pending
2b8f4e71664d50ef6281,46b812dc1001b7d3b6e5,3,False,pending
2b8f4e71664d50ef6281,ae46c54df758a7a30ff0,3,False,pending
2b8f4e71664d50ef6281,234fecbf65b6c0dcebd3,1,False,pending
2b8f4e71664d50ef6281,7ad7ca9d7436bd407ef2,2,False,pending
2b8f4e71664d50ef6281,1b1f9723e7318bf841ac,2,False,pending
2b8f4e71664d50ef6281,8a124b4a7aac984a1de8,4,False,pending
2b8f4e71664d50ef6281,2633580c5487f1c8726c,4,False,pending
2b8f4e71664d50ef6281,7d83dc58278ebef8d3a3,2,False,pending
2b8f4e71664d50ef6281,f728f90e984d76c12ba9,2,False,pending
2b8f4e71664d50ef6281,1dbe06181cdd45414a9d,3,False,pending
2b8f4e71664d50ef6281,f8080a59db0763d5ba43,3,False,pending
2b8f4e71664d50ef6281,ca517e90209b74e234aa,2,False,pending
2b8f4e71664d50ef6281,2fe0e29226e48d98168f,2,False,pending
2b8f4e71664d50ef6281,9657778bc49c6cdb6612,2,False,pending
2b8f4e71664d50ef6281,5efa4cb81101b3e2b680,3,False,pending
2b8f4e71664d50ef6281,a9df733be3ca722f05b7,3,False,pending
2b8f4e71664d50ef6281,6b59312903ac971959e2,2,False,pending
2b8f4e71664d50ef6281,408baf4fbb17803fb3d6,2,False,pending
2b8f4e71664d50ef6281,f07c3f628a3be785edd9,2,False,pending
2b8f4e71664d50ef6281,3b22ca9b2517d576f22e,2,False,pending
2b8f4e71664d50ef6281,daddf8167bdfcd608d41,4,False,pending
2b8f4e71664d50ef6281,658e22365c321dd489fe,4,False,pending
2b8f4e71664d50ef6281,191754d258d36fefbe05,2,False,pending
2b8f4e71664d50ef6281,3ee9ebe89dbac0ce6246,2,False,pending
2b8f4e71664d50ef6281,e906d3346b0f8c3676f8,2,False,pending
2b8f4e71664d50ef6281,0a139ca0315d6eae574d,3,False,pending
2b8f4e71664d50ef6281,fdc891ef7b15f5953c56,3,False,pending
2b8f4e71664d50ef6281,9b8b95815322d0a3ae79,3,False,pending
2b8f4e71664d50ef6281,1340507560e8d4d692bb,4,False,pending
2b8f4e71664d50ef6281,c36e8f45e46cd2c20a14,4,False,pending
2b8f4e71664d50ef6281,ca031beab1a7fb2cd198,4,False,pending
2b8f4e71664d50ef6281,c1027b69b773fd8abb77,4,False,pending
2b8f4e71664d50ef6281,4b00fd3983cf5315bdd2,2,False,pending
2b8f4e71664d50ef6281,c96e3bcc8986f4a0001a,2,False,pending
2b8f4e71664d50ef6281,b94caabc4b10487bdec5,0,False,pending
2b8f4e71664d50ef6281,107768ca7825c509d025,1,False,pending
2b8f4e71664d50ef6281,7263cae6e898bc7f20a8,1,False,pending
2b8f4e71664d50ef6281,05e8c1eee0399894908c,2,False,pending
2b8f4e71664d50ef6281,593775773d3c5912b25e,4,False,pending
2b8f4e71664d50ef6281,335603eeb8e00360812a,4,False,pending
2b8f4e71664d50ef6281,1fc549a3f42c99dd7b4f,3,False,pending
2b8f4e71664d50ef6281,4ce09bb5dd2b2104683e,3,False,pending
2b8f4e71664d50ef6281,c263b10acbed7d9ce56e,2,False,pending
2b8f4e71664d50ef6281,7dfa8a88e189555d71ca,1,False,pending
2b8f4e71664d50ef6281,b77776a9914b2542a475,1,False,pending
2b8f4e71664d50ef6281,a8381cf3831847e1b254,0,False,pending
2b8f4e71664d50ef6281,70bfcd6593828bddbc28,2,False,pending
2b8f4e71664d50ef6281,644b08ea92be7e5966f5,3,False,pending
2b8f4e71664d50ef6281,a9f2d079250f8ca533f2,3,False,pending
2b8f4e71664d50ef6281,3435b205cf2894c16d94,1,False,pending
2b8f4e71664d50ef6281,561e219f4507a73d9826,2,False,pending
2b8f4e71664d50ef6281,55fb626c9581efc07447,3,False,pending
2b8f4e71664d50ef6281,b8f70e59b3e6a470efd1,3,False,pending
2b8f4e71664d50ef6281,02637da2d1bec857f727,2,False,pending
2b8f4e71664d50ef6281,e7306963a8ec3a39a8c6,2,False,pending
2b8f4e71664d50ef6281,5dd7c49e1a9ce0914e81,4,False,pending
6c0cb17ec3dfaedc9bd6,eec5262a3e3664bf50d5,1,False,pending
6c0cb17ec3dfaedc9bd6,0be94dac7ac618d43090,1,False,pending
6c0cb17ec3dfaedc9bd6,47e69124bb124b89ee73,1,False,pending
6c0cb17ec3dfaedc9bd6,5fa4e19ab17cc058c92a,1,False,pending
6c0cb17ec3dfaedc9bd6,308f1991bf931a815b73,1,False,pending
6c0cb17ec3dfaedc9bd6,53a266297bb98f9ec28d,2,False,pending
6c0cb17ec3dfaedc9bd6,df7436b090f7c9178603,2,False,pending
6c0cb17ec3dfaedc9bd6,5e4e61b52c77d2d4956d,4,False,pending
6c0cb17ec3dfaedc9bd6,12be1682c5370d82bdaf,4,False,pending
6c0cb17ec3dfaedc9bd6,5c3bb3b6a654fc543103,4,False,pending
6c0cb17ec3dfaedc9bd6,fbf8459c54b5e7e34aef,4,False,pending
6c0cb17ec3dfaedc9bd6,d63e4b89254fd3d8c5f9,4,False,pending
6c0cb17ec3dfaedc9bd6,ec29764946c1376cccbe,4,False,pending
6c0cb17ec3dfaedc9bd6,9ba1ae2897dbda8a14a8,3,False,pending
6c0cb17ec3dfaedc9bd6,ad1243412c8169e6cc30,3,False,pending
6c0cb17ec3dfaedc9bd6,8ac5011dc42a22cd8715,3,False,pending
6c0cb17ec3dfaedc9bd6,c552c5efddd227aaf44e,3,False,pending
6c0cb17ec3dfaedc9bd6,db6325854b9a72c417a7,3,False,pending
6c0cb17ec3dfaedc9bd6,ecf2ec505f9549842f57,2,False,pending
6c0cb17ec3dfaedc9bd6,3e2358dfe5ab88455987,2,False,pending
6c0cb17ec3dfaedc9bd6,4e729c11518d047c1be5,2,False,pending
6c0cb17ec3dfaedc9bd6,2a644f83f1c1d72ec383,2,False,pending
6c0cb17ec3dfaedc9bd6,c747c7d9ac6a7331842d,2,False,pending
6c0cb17ec3dfaedc9bd6,26319d33aa13c8b2511a,1,False,pending
6c0cb17ec3dfaedc9bd6,7c10fc29b4b37e22ff5d,1,False,pending
6c0cb17ec3dfaedc9bd6,7e419d059b3c29de905f,1,False,pending
6c0cb17ec3dfaedc9bd6,a3a60bfc4d280dd7fa6a,1,False,pending
6c0cb17ec3dfaedc9bd6,e0c6a0d62c0357010449,1,False,pending
6c0cb17ec3dfaedc9bd6,57ece6052cb009ce34d3,1,False,pending
6c0cb17ec3dfaedc9bd6,4afb928ef68fded20d0f,1,False,pending
6c0cb17ec3dfaedc9bd6,61d78ce58476e4fae645,2,False,pending
6c0cb17ec3dfaedc9bd6,46b812dc1001b7d3b6e5,3,False,pending
6c0cb17ec3dfaedc9bd6,ae46c54df758a7a30ff0,3,False,pending
6c0cb17ec3dfaedc9bd6,234fecbf65b6c0dcebd3,1,False,pending
6c0cb17ec3dfaedc9bd6,7ad7ca9d7436bd407ef2,2,False,pending
6c0cb17ec3dfaedc9bd6,1b1f9723e7318bf841ac,2,False,pending
6c0cb17ec3dfaedc9bd6,8a124b4a7aac984a1de8,4,False,pending
6c0cb17ec3dfaedc9bd6,2633580c5487f1c8726c,4,False,pending
6c0cb17ec3dfaedc9bd6,7d83dc58278ebef8d3a3,2,False,pending
6c0cb17ec3dfaedc9bd6,f728f90e984d76c12ba9,2,False,pending
6c0cb17ec3dfaedc9bd6,1dbe06181cdd45414a9d,3,False,pending
6c0cb17ec3dfaedc9bd6,f8080a59db0763d5ba43,3,False,pending
6c0cb17ec3dfaedc9bd6,ca517e90209b74e234aa,2,False,pending
6c0cb17ec3dfaedc9bd6,2fe0e29226e48d98168f,2,False,pending
6c0cb17ec3dfaedc9bd6,9657778bc49c6cdb6612,2,False,pending
6c0cb17ec3dfaedc9bd6,5efa4cb81101b3e2b680,3,False,pending
6c0cb17ec3dfaedc9bd6,a9df733be3ca722f05b7,3,False,pending
6c0cb17ec3dfaedc9bd6,6b59312903ac971959e2,2,False,pending
6c0cb17ec3dfaedc9bd6,408baf4fbb17803fb3d6,2,False,pending
6c0cb17ec3dfaedc9bd6,f07c3f628a3be785edd9,2,False,pending
6c0cb17ec3dfaedc9bd6,3b22ca9b2517d576f22e,2,False,pending
6c0cb17ec3dfaedc9bd6,daddf8167bdfcd608d41,4,False,pending
6c0cb17ec3dfaedc9bd6,658e22365c321dd489fe,4,False,pending
6c0cb17ec3dfaedc9bd6,191754d258d36fefbe05,2,False,pending
6c0cb17ec3dfaedc9bd6,3ee9ebe89dbac0ce6246,2,False,pending
6c0cb17ec3dfaedc9bd6,e906d3346b0f8c3676f8,2,False,pending
6c0cb17ec3dfaedc9bd6,0a139ca0315d6eae574d,3,False,pending
6c0cb17ec3dfaedc9bd6,fdc891ef7b15f5953c56,3,False,pending
6c0cb17ec3dfaedc9bd6,9b8b95815322d0a3ae79,3,False,pending
6c0cb17ec3dfaedc9bd6,1340507560e8d4d692bb,4,False,pending
6c0cb17ec3dfaedc9bd6,c36e8f45e46cd2c20a14,4,False,pending
6c0cb17ec3dfaedc9bd6,ca031beab1a7fb2cd198,4,False,pending
6c0cb17ec3dfaedc9bd6,c1027b69b773fd8abb77,4,False,pending
6c0cb17ec3dfaedc9bd6,4b00fd3983cf5315bdd2,2,False,pending
6c0cb17ec3dfaedc9bd6,c96e3bcc8986f4a0001a,2,False,pending
6c0cb17ec3dfaedc9bd6,b94caabc4b10487bdec5,0,False,pending
6c0cb17ec3dfaedc9bd6,107768ca7825c509d025,1,False,pending
6c0cb17ec3dfaedc9bd6,7263cae6e898bc7f20a8,1,False,pending
6c0cb17ec3dfaedc9bd6,05e8c1eee0399894908c,2,False,pending
6c0cb17ec3dfaedc9bd6,593775773d3c5912b25e,4,False,pending
6c0cb17ec3dfaedc9bd6,335603eeb8e00360812a,4,False,pending
6c0cb17ec3dfaedc9bd6,1fc549a3f42c99dd7b4f,3,False,pending
6c0cb17ec3dfaedc9bd6,4ce09bb5dd2b2104683e,3,False,pending
6c0cb17ec3dfaedc9bd6,c263b10acbed7d9ce56e,2,False,pending
6c0cb17ec3dfaedc9bd6,7dfa8a88e189555d71ca,1,False,pending
6c0cb17ec3dfaedc9bd6,b77776a9914b2542a475,1,False,pending
6c0cb17ec3dfaedc9bd6,a8381cf3831847e1b254,0,False,pending
6c0cb17ec3dfaedc9bd6,70bfcd6593828bddbc28,2,False,pending
6c0cb17ec3dfaedc9bd6,644b08ea92be7e5966f5,3,False,pending
6c0cb17ec3dfaedc9bd6,a9f2d079250f8ca533f2,3,False,pending
6c0cb17ec3dfaedc9bd6,3435b205cf2894c16d94,1,False,pending
6c0cb17ec3dfaedc9bd6,561e219f4507a73d9826,2,False,pending
6c0cb17ec3dfaedc9bd6,55fb626c9581efc07447,3,False,pending
6c0cb17ec3dfaedc9bd6,b8f70e59b3e6a470efd1,3,False,pending
6c0cb17ec3dfaedc9bd6,02637da2d1bec857f727,2,False,pending
6c0cb17ec3dfaedc9bd6,e7306963a8ec3a39a8c6,2,False,pending
6c0cb17ec3dfaedc9bd6,5dd7c49e1a9ce0914e81,4,False,pending
0007da6f35f0a9ec5efc,eec5262a3e3664bf50d5,1,False,pending
0007da6f35f0a9ec5efc,0be94dac7ac618d43090,1,False,pending
0007da6f35f0a9ec5efc,47e69124bb124b89ee73,1,False,pending
0007da6f35f0a9ec5efc,5fa4e19ab17cc058c92a,1,False,pending
0007da6f35f0a9ec5efc,308f1991bf931a815b73,1,False,pending
0007da6f35f0a9ec5efc,53a266297bb98f9ec28d,2,False,pending
0007da6f35f0a9ec5efc,df7436b090f7c9178603,2,False,pending
0007da6f35f0a9ec5efc,5e4e61b52c77d2d4956d,4,False,pending
0007da6f35f0a9ec5efc,12be1682c5370d82bdaf,4,False,pending
0007da6f35f0a9ec5efc,5c3bb3b6a654fc543103,4,False,pending
0007da6f35f0a9ec5efc,fbf8459c54b5e7e34aef,4,False,pending
0007da6f35f0a9ec5efc,d63e4b89254fd3d8c5f9,4,False,pending
0007da6f35f0a9ec5efc,ec29764946c1376cccbe,4,False,pending
0007da6f35f0a9ec5efc,9ba1ae2897dbda8a14a8,3,False,pending
0007da6f35f0a9ec5efc,ad1243412c8169e6cc30,3,False,pending
0007da6f35f0a9ec5efc,8ac5011dc42a22cd8715,3,False,pending
0007da6f35f0a9ec5efc,c552c5efddd227aaf44e,3,False,pending
0007da6f35f0a9ec5efc,db6325854b9a72c417a7,3,False,pending
0007da6f35f0a9ec5efc,ecf2ec505f9549842f57,2,False,pending
0007da6f35f0a9ec5efc,3e2358dfe5ab88455987,2,False,pending
0007da6f35f0a9ec5efc,4e729c11518d047c1be5,2,False,pending
0007da6f35f0a9ec5efc,2a644f83f1c1d72ec383,2,False,pending
0007da6f35f0a9ec5efc,c747c7d9ac6a7331842d,2,False,pending
0007da6f35f0a9ec5efc,26319d33aa13c8b2511a,1,False,pending
0007da6f35f0a9ec5efc,7c10fc29b4b37e22ff5d,1,False,pending
0007da6f35f0a9ec5efc,7e419d059b3c29de905f,1,False,pending
0007da6f35f0a9ec5efc,a3a60bfc4d280dd7fa6a,1,False,pending
0007da6f35f0a9ec5efc,e0c6a0d62c0357010449,1,False,pending
0007da6f35f0a9ec5efc,57ece6052cb009ce34d3,1,False,pending
0007da6f35f0a9ec5efc,4afb928ef68fded20d0f,1,False,pending
0007da6f35f0a9ec5efc,61d78ce58476e4fae645,2,False,pending
0007da6f35f0a9ec5efc,46b812dc1001b7d3b6e5,3,False,pending
0007da6f35f0a9ec5efc,ae46c54df758a7a30ff0,3,False,pending
0007da6f35f0a9ec5efc,234fecbf65b6c0dcebd3,1,False,pending
0007da6f35f0a9ec5efc,7ad7ca9d7436bd407ef2,2,False,pending
0007da6f35f0a9ec5efc,1b1f9723e7318bf841ac,2,False,pending
0007da6f35f0a9ec5efc,8a124b4a7aac984a1de8,4,False,pending
0007da6f35f0a9ec5efc,2633580c5487f1c8726c,4,False,pending
0007da6f35f0a9ec5efc,7d83dc58278ebef8d3a3,2,False,pending
0007da6f35f0a9ec5efc,f728f90e984d76c12ba9,2,False,pending
0007da6f35f0a9ec5efc,1dbe06181cdd45414a9d,3,False,pending
0007da6f35f0a9ec5efc,f8080a59db0763d5ba43,3,False,pending
0007da6f35f0a9ec5efc,ca517e90209b74e234aa,2,False,pending
0007da6f35f0a9ec5efc,2fe0e29226e48d98168f,2,False,pending
0007da6f35f0a9ec5efc,9657778bc49c6cdb6612,2,False,pending
0007da6f35f0a9ec5efc,5efa4cb81101b3e2b680,3,False,pending
0007da6f35f0a9ec5efc,a9df733be3ca722f05b7,3,False,pending
0007da6f35f0a9ec5efc,6b59312903ac971959e2,2,False,pending
0007da6f35f0a9ec5efc,408baf4fbb17803fb3d6,2,False,pending
0007da6f35f0a9ec5efc,f07c3f628a3be785edd9,2,False,pending
0007da6f35f0a9ec5efc,3b22ca9b2517d576f22e,2,False,pending
0007da6f35f0a9ec5efc,daddf8167bdfcd608d41,4,False,pending
0007da6f35f0a9ec5efc,658e22365c321dd489fe,4,False,pending
0007da6f35f0a9ec5efc,191754d258d36fefbe05,2,False,pending
0007da6f35f0a9ec5efc,3ee9ebe89dbac0ce6246,2,False,pending
0007da6f35f0a9ec5efc,e906d3346b0f8c3676f8,2,False,pending
0007da6f35f0a9ec5efc,0a139ca0315d6eae574d,3,False,pending
0007da6f35f0a9ec5efc,fdc891ef7b15f5953c56,3,False,pending
0007da6f35f0a9ec5efc,9b8b95815322d0a3ae79,3,False,pending
0007da6f35f0a9ec5efc,1340507560e8d4d692bb,4,False,pending
0007da6f35f0a9ec5efc,c36e8f45e46cd2c20a14,4,False,pending
0007da6f35f0a9ec5efc,ca031beab1a7fb2cd198,4,False,pending
0007da6f35f0a9ec5efc,c1027b69b773fd8abb77,4,False,pending
0007da6f35f0a9ec5efc,4b00fd3983cf5315bdd2,2,False,pending
0007da6f35f0a9ec5efc,c96e3bcc8986f4a0001a,2,False,pending
0007da6f35f0a9ec5efc,b94caabc4b10487bdec5,0,False,pending
0007da6f35f0a9ec5efc,107768ca7825c509d025,1,False,pending
0007da6f35f0a9ec5efc,7263cae6e898bc7f20a8,1,False,pending
0007da6f35f0a9ec5efc,05e8c1eee0399894908c,2,False,pending
0007da6f35f0a9ec5efc,593775773d3c5912b25e,4,False,pending
0007da6f35f0a9ec5efc,335603eeb8e00360812a,4,False,pending
0007da6f35f0a9ec5efc,1fc549a3f42c99dd7b4f,3,False,pending
0007da6f35f0a9ec5efc,4ce09bb5dd2b2104683e,3,False,pending
0007da6f35f0a9ec5efc,c263b10acbed7d9ce56e,2,False,pending
0007da6f35f0a9ec5efc,7dfa8a88e189555d71ca,1,False,pending
0007da6f35f0a9ec5efc,b77776a9914b2542a475,1,False,pending
0007da6f35f0a9ec5efc,a8381cf3831847e1b254,0,False,pending
0007da6f35f0a9ec5efc,70bfcd6593828bddbc28,2,False,pending
0007da6f35f0a9ec5efc,644b08ea92be7e5966f5,3,False,pending
0007da6f35f0a9ec5efc,a9f2d079250f8ca533f2,3,False,pending
0007da6f35f0a9ec5efc,3435b205cf2894c16d94,1,False,pending
0007da6f35f0a9ec5efc,561e219f4507a73d9826,2,False,pending
0007da6f35f0a9ec5efc,55fb626c9581efc07447,3,False,pending
0007da6f35f0a9ec5efc,b8f70e59b3e6a470efd1,3,False,pending
0007da6f35f0a9ec5efc,02637da2d1bec857f727,2,False,pending
0007da6f35f0a9ec5efc,e7306963a8ec3a39a8c6,2,False,pending
0007da6f35f0a9ec5efc,5dd7c49e1a9ce0914e81,4,False,pending
eec5262a3e3664bf50d5,5fa4e19ab17cc058c92a,2,False,pending
eec5262a3e3664bf50d5,308f1991bf931a815b73,2,False,pending
eec5262a3e3664bf50d5,53a266297bb98f9ec28d,3,False,pending
eec5262a3e3664bf50d5,df7436b090f7c9178603,3,False,pending
eec5262a3e3664bf50d5,9ba1ae2897dbda8a14a8,4,False,pending
eec5262a3e3664bf50d5,ad1243412c8169e6cc30,4,False,pending
eec5262a3e3664bf50d5,8ac5011dc42a22cd8715,4,False,pending
eec5262a3e3664bf50d5,c552c5efddd227aaf44e,4,False,pending
eec5262a3e3664bf50d5,db6325854b9a72c417a7,4,False,pending
eec5262a3e3664bf50d5,ecf2ec505f9549842f57,3,False,pending
eec5262a3e3664bf50d5,3e2358dfe5ab88455987,3,False,pending
eec5262a3e3664bf50d5,4e729c11518d047c1be5,3,False,pending
eec5262a3e3664bf50d5,2a644f83f1c1d72ec383,3,False,pending
eec5262a3e3664bf50d5,c747c7d9ac6a7331842d,3,False,pending
eec5262a3e3664bf50d5,26319d33aa13c8b2511a,2,False,pending
eec5262a3e3664bf50d5,7c10fc29b4b37e22ff5d,2,False,pending
eec5262a3e3664bf50d5,7e419d059b3c29de905f,2,False,pending
eec5262a3e3664bf50d5,a3a60bfc4d280dd7fa6a,2,False,pending
eec5262a3e3664bf50d5,e0c6a0d62c0357010449,2,False,pending
eec5262a3e3664bf50d5,57ece6052cb009ce34d3,2,False,pending
eec5262a3e3664bf50d5,4afb928ef68fded20d0f,2,False,pending
eec5262a3e3664bf50d5,61d78ce58476e4fae645,3,False,pending
eec5262a3e3664bf50d5,46b812dc1001b7d3b6e5,2,False,pending
eec5262a3e3664bf50d5,ae46c54df758a7a30ff0,2,False,pending
eec5262a3e3664bf50d5,234fecbf65b6c0dcebd3,2,False,pending
eec5262a3e3664bf50d5,7ad7ca9d7436bd407ef2,3,False,pending
eec5262a3e3664bf50d5,1b1f9723e7318bf841ac,3,False,pending
eec5262a3e3664bf50d5,3233ef677ac147f7d882,4,False,pending
eec5262a3e3664bf50d5,684b07bac82031baa8f9,4,False,pending
eec5262a3e3664bf50d5,c20d0ea4952d0d32a521,4,False,pending
eec5262a3e3664bf50d5,7d83dc58278ebef8d3a3,3,False,pending
eec5262a3e3664bf50d5,f728f90e984d76c12ba9,3,False,pending
eec5262a3e3664bf50d5,1dbe06181cdd45414a9d,2,False,pending
eec5262a3e3664bf50d5,f8080a59db0763d5ba43,2,False,pending
eec5262a3e3664bf50d5,ca517e90209b74e234aa,3,False,pending
eec5262a3e3664bf50d5,2fe0e29226e48d98168f,3,False,pending
eec5262a3e3664bf50d5,9657778bc49c6cdb6612,3,False,pending
eec5262a3e3664bf50d5,5efa4cb81101b3e2b680,4,False,pending
eec5262a3e3664bf50d5,a9df733be3ca722f05b7,4,False,pending
eec5262a3e3664bf50d5,6b59312903ac971959e2,3,False,pending
eec5262a3e3664bf50d5,408baf4fbb17803fb3d6,3,False,pending
eec5262a3e3664bf50d5,f07c3f628a3be785edd9,3,False,pending
eec5262a3e3664bf50d5,3b22ca9b2517d576f22e,3,False,pending
eec5262a3e3664bf50d5,191754d258d36fefbe05,3,False,pending
eec5262a3e3664bf50d5,3ee9ebe89dbac0ce6246,3,False,pending
eec5262a3e3664bf50d5,e906d3346b0f8c3676f8,3,False,pending
eec5262a3e3664bf50d5,0a139ca0315d6eae574d,4,False,pending
eec5262a3e3664bf50d5,fdc891ef7b15f5953c56,4,False,pending
eec5262a3e3664bf50d5,9b8b95815322d0a3ae79,4,False,pending
eec5262a3e3664bf50d5,4b00fd3983cf5315bdd2,1,False,pending
eec5262a3e3664bf50d5,c96e3bcc8986f4a0001a,1,False,pending
eec5262a3e3664bf50d5,b94caabc4b10487bdec5,1,False,pending
eec5262a3e3664bf50d5,107768ca7825c509d025,2,False,pending
eec5262a3e3664bf50d5,7263cae6e898bc7f20a8,2,False,pending
eec5262a3e3664bf50d5,05e8c1eee0399894908c,3,False,pending
eec5262a3e3664bf50d5,1fc549a3f42c99dd7b4f,4,False,pending
eec5262a3e3664bf50d5,4ce09bb5dd2b2104683e,4,False,pending
eec5262a3e3664bf50d5,c263b10acbed7d9ce56e,3,False,pending
eec5262a3e3664bf50d5,7dfa8a88e189555d71ca,2,False,pending
eec5262a3e3664bf50d5,b77776a9914b2542a475,2,False,pending
eec5262a3e3664bf50d5,a8381cf3831847e1b254,1,False,pending
eec5262a3e3664bf50d5,70bfcd6593828bddbc28,3,False,pending
eec5262a3e3664bf50d5,644b08ea92be7e5966f5,2,False,pending
eec5262a3e3664bf50d5,a9f2d079250f8ca533f2,2,False,pending
eec5262a3e3664bf50d5,3435b205cf2894c16d94,2,False,pending
eec5262a3e3664bf50d5,561e219f4507a73d9826,3,False,pending
eec5262a3e3664bf50d5,55fb626c9581efc07447,2,False,pending
eec5262a3e3664bf50d5,b8f70e59b3e6a470efd1,4,False,pending
eec5262a3e3664bf50d5,02637da2d1bec857f727,3,False,pending
eec5262a3e3664bf50d5,e7306963a8ec3a39a8c6,3,False,pending
0be94dac7ac618d43090,5fa4e19ab17cc058c92a,2,False,pending
0be94dac7ac618d43090,308f1991bf931a815b73,2,False,pending
0be94dac7ac618d43090,53a266297bb98f9ec28d,3,False,pending
0be94dac7ac618d43090,df7436b090f7c9178603,3,False,pending
0be94dac7ac618d43090,9ba1ae2897dbda8a14a8,4,False,pending
0be94dac7ac618d43090,ad1243412c8169e6cc30,4,False,pending
0be94dac7ac618d43090,8ac5011dc42a22cd8715,4,False,pending
0be94dac7ac618d43090,c552c5efddd227aaf44e,4,False,pending
0be94dac7ac618d43090,db6325854b9a72c417a7,4,False,pending
0be94dac7ac618d43090,ecf2ec505f9549842f57,3,False,pending
0be94dac7ac618d43090,3e2358dfe5ab88455987,3,False,pending
0be94dac7ac618d43090,4e729c11518d047c1be5,3,False,pending
0be94dac7ac618d43090,2a644f83f1c1d72ec383,3,False,pending
0be94dac7ac618d43090,c747c7d9ac6a7331842d,3,False,pending
0be94dac7ac618d43090,26319d33aa13c8b2511a,2,False,pending
0be94dac7ac618d43090,7c10fc29b4b37e22ff5d,2,False,pending
0be94dac7ac618d43090,7e419d059b3c29de905f,2,False,pending
0be94dac7ac618d43090,a3a60bfc4d280dd7fa6a,2,False,pending
0be94dac7ac618d43090,e0c6a0d62c0357010449,2,False,pending
0be94dac7ac618d43090,57ece6052cb009ce34d3,2,False,pending
0be94dac7ac618d43090,4afb928ef68fded20d0f,2,False,pending
0be94dac7ac618d43090,61d78ce58476e4fae645,3,False,pending
0be94dac7ac618d43090,46b812dc1001b7d3b6e5,2,False,pending
0be94dac7ac618d43090,ae46c54df758a7a30ff0,2,False,pending
0be94dac7ac618d43090,234fecbf65b6c0dcebd3,2,False,pending
0be94dac7ac618d43090,7ad7ca9d7436bd407ef2,3,False,pending
0be94dac7ac618d43090,1b1f9723e7318bf841ac,3,False,pending
0be94dac7ac618d43090,3233ef677ac147f7d882,4,False,pending
0be94dac7ac618d43090,684b07bac82031baa8f9,4,False,pending
0be94dac7ac618d43090,c20d0ea4952d0d32a521,4,False,pending
0be94dac7ac618d43090,7d83dc58278ebef8d3a3,3,False,pending
0be94dac7ac618d43090,f728f90e984d76c12ba9,3,False,pending
0be94dac7ac618d43090,1dbe06181cdd45414a9d,2,False,pending
0be94dac7ac618d43090,f8080a59db0763d5ba43,2,False,pending
0be94dac7ac618d43090,ca517e90209b74e234aa,3,False,pending
0be94dac7ac618d43090,2fe0e29226e48d98168f,3,False,pending
0be94dac7ac618d43090,9657778bc49c6cdb6612,3,False,pending
0be94dac7ac618d43090,5efa4cb81101b3e2b680,4,False,pending
0be94dac7ac618d43090,a9df733be3ca722f05b7,4,False,pending
0be94dac7ac618d43090,6b59312903ac971959e2,3,False,pending
0be94dac7ac618d43090,408baf4fbb17803fb3d6,3,False,pending
0be94dac7ac618d43090,f07c3f628a3be785edd9,3,False,pending
0be94dac7ac618d43090,3b22ca9b2517d576f22e,3,False,pending
0be94dac7ac618d43090,191754d258d36fefbe05,3,False,pending
0be94dac7ac618d43090,3ee9ebe89dbac0ce6246,3,False,pending
0be94dac7ac618d43090,e906d3346b0f8c3676f8,3,False,pending
0be94dac7ac618d43090,0a139ca0315d6eae574d,4,False,pending
0be94dac7ac618d43090,fdc891ef7b15f5953c56,4,False,pending
0be94dac7ac618d43090,9b8b95815322d0a3ae79,4,False,pending
0be94dac7ac618d43090,4b00fd3983cf5315bdd2,1,False,pending
0be94dac7ac618d43090,c96e3bcc8986f4a0001a,1,False,pending
0be94dac7ac618d43090,b94caabc4b10487bdec5,1,False,pending
0be94dac7ac618d43090,107768ca7825c509d025,2,False,pending
0be94dac7ac618d43090,7263cae6e898bc7f20a8,2,False,pending
0be94dac7ac618d43090,05e8c1eee0399894908c,3,False,pending
0be94dac7ac618d43090,1fc549a3f42c99dd7b4f,4,False,pending
0be94dac7ac618d43090,4ce09bb5dd2b2104683e,4,False,pending
0be94dac7ac618d43090,c263b10acbed7d9ce56e,3,False,pending
0be94dac7ac618d43090,7dfa8a88e189555d71ca,2,False,pending
0be94dac7ac618d43090,b77776a9914b2542a475,2,False,pending
0be94dac7ac618d43090,a8381cf3831847e1b254,1,False,pending
0be94dac7ac618d43090,70bfcd6593828bddbc28,3,False,pending
0be94dac7ac618d43090,644b08ea92be7e5966f5,2,False,pending
0be94dac7ac618d43090,a9f2d079250f8ca533f2,2,False,pending
0be94dac7ac618d43090,3435b205cf2894c16d94,2,False,pending
0be94dac7ac618d43090,561e219f4507a73d9826,3,False,pending
0be94dac7ac618d43090,55fb626c9581efc07447,2,False,pending
0be94dac7ac618d43090,b8f70e59b3e6a470efd1,4,False,pending
0be94dac7ac618d43090,02637da2d1bec857f727,3,False,pending
0be94dac7ac618d43090,e7306963a8ec3a39a8c6,3,False,pending
47e69124bb124b89ee73,5fa4e19ab17cc058c92a,2,False,pending
47e69124bb124b89ee73,308f1991bf931a815b73,2,False,pending
47e69124bb124b89ee73,53a266297bb98f9ec28d,3,False,pending
47e69124bb124b89ee73,df7436b090f7c9178603,3,False,pending
47e69124bb124b89ee73,9ba1ae2897dbda8a14a8,4,False,pending
47e69124bb124b89ee73,ad1243412c8169e6cc30,4,False,pending
47e69124bb124b89ee73,8ac5011dc42a22cd8715,4,False,pending
47e69124bb124b89ee73,c552c5efddd227aaf44e,4,False,pending
47e69124bb124b89ee73,db6325854b9a72c417a7,4,False,pending
47e69124bb124b89ee73,ecf2ec505f9549842f57,3,False,pending
47e69124bb124b89ee73,3e2358dfe5ab88455987,3,False,pending
47e69124bb124b89ee73,4e729c11518d047c1be5,3,False,pending
47e69124bb124b89ee73,2a644f83f1c1d72ec383,3,False,pending
47e69124bb124b89ee73,c747c7d9ac6a7331842d,3,False,pending
47e69124bb124b89ee73,26319d33aa13c8b2511a,2,False,pending
47e69124bb124b89ee73,7c10fc29b4b37e22ff5d,2,False,pending
47e69124bb124b89ee73,7e419d059b3c29de905f,2,False,pending
47e69124bb124b89ee73,a3a60bfc4d280dd7fa6a,2,False,pending
47e69124bb124b89ee73,e0c6a0d62c0357010449,2,False,pending
47e69124bb124b89ee73,57ece6052cb009ce34d3,2,False,pending
47e69124bb124b89ee73,4afb928ef68fded20d0f,2,False,pending
47e69124bb124b89ee73,61d78ce58476e4fae645,3,False,pending
47e69124bb124b89ee73,46b812dc1001b7d3b6e5,2,False,pending
47e69124bb124b89ee73,ae46c54df758a7a30ff0,2,False,pending
47e69124bb124b89ee73,234fecbf65b6c0dcebd3,2,False,pending
47e69124bb124b89ee73,7ad7ca9d7436bd407ef2,3,False,pending
47e69124bb124b89ee73,1b1f9723e7318bf841ac,3,False,pending
47e69124bb124b89ee73,3233ef677ac147f7d882,4,False,pending
47e69124bb124b89ee73,684b07bac82031baa8f9,4,False,pending
47e69124bb124b89ee73,c20d0ea4952d0d32a521,4,False,pending
47e69124bb124b89ee73,7d83dc58278ebef8d3a3,3,False,pending
47e69124bb124b89ee73,f728f90e984d76c12ba9,3,False,pending
47e69124bb124b89ee73,1dbe06181cdd45414a9d,2,False,pending
47e69124bb124b89ee73,f8080a59db0763d5ba43,2,False,pending
47e69124bb124b89ee73,ca517e90209b74e234aa,3,False,pending
47e69124bb124b89ee73,2fe0e29226e48d98168f,3,False,pending
47e69124bb124b89ee73,9657778bc49c6cdb6612,3,False,pending
47e69124bb124b89ee73,5efa4cb81101b3e2b680,4,False,pending
47e69124bb124b89ee73,a9df733be3ca722f05b7,4,False,pending
47e69124bb124b89ee73,6b59312903ac971959e2,3,False,pending
47e69124bb124b89ee73,408baf4fbb17803fb3d6,3,False,pending
47e69124bb124b89ee73,f07c3f628a3be785edd9,3,False,pending
47e69124bb124b89ee73,3b22ca9b2517d576f22e,3,False,pending
47e69124bb124b89ee73,191754d258d36fefbe05,3,False,pending
47e69124bb124b89ee73,3ee9ebe89dbac0ce6246,3,False,pending
47e69124bb124b89ee73,e906d3346b0f8c3676f8,3,False,pending
47e69124bb124b89ee73,0a139ca0315d6eae574d,4,False,pending
47e69124bb124b89ee73,fdc891ef7b15f5953c56,4,False,pending
47e69124bb124b89ee73,9b8b95815322d0a3ae79,4,False,pending
47e69124bb124b89ee73,4b00fd3983cf5315bdd2,1,False,pending
47e69124bb124b89ee73,c96e3bcc8986f4a0001a,1,False,pending
47e69124bb124b89ee73,b94caabc4b10487bdec5,1,False,pending
47e69124bb124b89ee73,107768ca7825c509d025,2,False,pending
47e69124bb124b89ee73,7263cae6e898bc7f20a8,2,False,pending
47e69124bb124b89ee73,05e8c1eee0399894908c,3,False,pending
47e69124bb124b89ee73,1fc549a3f42c99dd7b4f,4,False,pending
47e69124bb124b89ee73,4ce09bb5dd2b2104683e,4,False,pending
47e69124bb124b89ee73,c263b10acbed7d9ce56e,3,False,pending
47e69124bb124b89ee73,7dfa8a88e189555d71ca,2,False,pending
47e69124bb124b89ee73,b77776a9914b2542a475,2,False,pending
47e69124bb124b89ee73,a8381cf3831847e1b254,1,False,pending
47e69124bb124b89ee73,70bfcd6593828bddbc28,3,False,pending
47e69124bb124b89ee73,644b08ea92be7e5966f5,2,False,pending
47e69124bb124b89ee73,a9f2d079250f8ca533f2,2,False,pending
47e69124bb124b89ee73,3435b205cf2894c16d94,2,False,pending
47e69124bb124b89ee73,561e219f4507a73d9826,3,False,pending
47e69124bb124b89ee73,55fb626c9581efc07447,2,False,pending
47e69124bb124b89ee73,b8f70e59b3e6a470efd1,4,False,pending
47e69124bb124b89ee73,02637da2d1bec857f727,3,False,pending
47e69124bb124b89ee73,e7306963a8ec3a39a8c6,3,False,pending
5fa4e19ab17cc058c92a,53a266297bb98f9ec28d,3,False,pending
5fa4e19ab17cc058c92a,df7436b090f7c9178603,3,False,pending
5fa4e19ab17cc058c92a,35f70cb1879ace6ba0b2,4,False,pending
5fa4e19ab17cc058c92a,a490a0e346030d465552,4,False,pending
5fa4e19ab17cc058c92a,d9c775e4122422cd0a5f,4,False,pending
5fa4e19ab17cc058c92a,fbf8459c54b5e7e34aef,3,False,pending
5fa4e19ab17cc058c92a,d63e4b89254fd3d8c5f9,3,False,pending
5fa4e19ab17cc058c92a,ec29764946c1376cccbe,3,False,pending
5fa4e19ab17cc058c92a,9ba1ae2897dbda8a14a8,2,False,pending
5fa4e19ab17cc058c92a,ad1243412c8169e6cc30,2,False,pending
5fa4e19ab17cc058c92a,9baa6ef45158569a58ea,4,False,pending
5fa4e19ab17cc058c92a,cf3e12b4b2af6f3f02b0,4,False,pending
5fa4e19ab17cc058c92a,de29f740c1d96b65d168,4,False,pending
5fa4e19ab17cc058c92a,8ac5011dc42a22cd8715,4,False,pending
5fa4e19ab17cc058c92a,c552c5efddd227aaf44e,4,False,pending
5fa4e19ab17cc058c92a,db6325854b9a72c417a7,4,False,pending
5fa4e19ab17cc058c92a,ecf2ec505f9549842f57,1,False,pending
5fa4e19ab17cc058c92a,3e2358dfe5ab88455987,1,False,pending
5fa4e19ab17cc058c92a,4e729c11518d047c1be5,1,False,pending
5fa4e19ab17cc058c92a,2a644f83f1c1d72ec383,1,False,pending
5fa4e19ab17cc058c92a,c747c7d9ac6a7331842d,1,False,pending
5fa4e19ab17cc058c92a,26319d33aa13c8b2511a,2,False,pending
5fa4e19ab17cc058c92a,7c10fc29b4b37e22ff5d,2,False,pending
5fa4e19ab17cc058c92a,7e419d059b3c29de905f,2,False,pending
5fa4e19ab17cc058c92a,a3a60bfc4d280dd7fa6a,2,False,pending
5fa4e19ab17cc058c92a,e0c6a0d62c0357010449,2,False,pending
5fa4e19ab17cc058c92a,57ece6052cb009ce34d3,2,False,pending
5fa4e19ab17cc058c92a,4afb928ef68fded20d0f,2,False,pending
5fa4e19ab17cc058c92a,61d78ce58476e4fae645,1,False,pending
5fa4e19ab17cc058c92a,46b812dc1001b7d3b6e5,2,False,pending
5fa4e19ab17cc058c92a,ae46c54df758a7a30ff0,2,False,pending
5fa4e19ab17cc058c92a,234fecbf65b6c0dcebd3,2,False,pending
5fa4e19ab17cc058c92a,7ad7ca9d7436bd407ef2,3,False,pending
5fa4e19ab17cc058c92a,1b1f9723e7318bf841ac,3,False,pending
5fa4e19ab17cc058c92a,3233ef677ac147f7d882,4,False,pending
5fa4e19ab17cc058c92a,684b07bac82031baa8f9,4,False,pending
5fa4e19ab17cc058c92a,c20d0ea4952d0d32a521,4,False,pending
5fa4e19ab17cc058c92a,7d83dc58278ebef8d3a3,3,False,pending
5fa4e19ab17cc058c92a,f728f90e984d76c12ba9,3,False,pending
5fa4e19ab17cc058c92a,1dbe06181cdd45414a9d,4,False,pending
5fa4e19ab17cc058c92a,f8080a59db0763d5ba43,4,False,pending
5fa4e19ab17cc058c92a,ca517e90209b74e234aa,3,False,pending
5fa4e19ab17cc058c92a,2fe0e29226e48d98168f,3,False,pending
5fa4e19ab17cc058c92a,9657778bc49c6cdb6612,3,False,pending
5fa4e19ab17cc058c92a,5efa4cb81101b3e2b680,4,False,pending
5fa4e19ab17cc058c92a,a9df733be3ca722f05b7,4,False,pending
5fa4e19ab17cc058c92a,6b59312903ac971959e2,3,False,pending
5fa4e19ab17cc058c92a,408baf4fbb17803fb3d6,3,False,pending
5fa4e19ab17cc058c92a,f07c3f628a3be785edd9,3,False,pending
5fa4e19ab17cc058c92a,3b22ca9b2517d576f22e,3,False,pending
5fa4e19ab17cc058c92a,191754d258d36fefbe05,3,False,pending
5fa4e19ab17cc058c92a,3ee9ebe89dbac0ce6246,3,False,pending
5fa4e19ab17cc058c92a,e906d3346b0f8c3676f8,3,False,pending
5fa4e19ab17cc058c92a,0a139ca0315d6eae574d,4,False,pending
5fa4e19ab17cc058c92a,fdc891ef7b15f5953c56,4,False,pending
5fa4e19ab17cc058c92a,9b8b95815322d0a3ae79,4,False,pending
5fa4e19ab17cc058c92a,ca031beab1a7fb2cd198,3,False,pending
5fa4e19ab17cc058c92a,c1027b69b773fd8abb77,3,False,pending
5fa4e19ab17cc058c92a,4b00fd3983cf5315bdd2,1,False,pending
5fa4e19ab17cc058c92a,c96e3bcc8986f4a0001a,1,False,pending
5fa4e19ab17cc058c92a,9be23342ee406607c718,4,False,pending
5fa4e19ab17cc058c92a,b94caabc4b10487bdec5,1,False,pending
5fa4e19ab17cc058c92a,107768ca7825c509d025,2,False,pending
5fa4e19ab17cc058c92a,05e8c1eee0399894908c,3,False,pending
5fa4e19ab17cc058c92a,593775773d3c5912b25e,3,False,pending
5fa4e19ab17cc058c92a,335603eeb8e00360812a,3,False,pending
5fa4e19ab17cc058c92a,1fc549a3f42c99dd7b4f,2,False,pending
5fa4e19ab17cc058c92a,4ce09bb5dd2b2104683e,4,False,pending
5fa4e19ab17cc058c92a,c263b10acbed7d9ce56e,1,False,pending
5fa4e19ab17cc058c92a,7dfa8a88e189555d71ca,2,False,pending
5fa4e19ab17cc058c92a,b77776a9914b2542a475,2,False,pending
5fa4e19ab17cc058c92a,a8381cf3831847e1b254,1,False,pending
5fa4e19ab17cc058c92a,70bfcd6593828bddbc28,1,False,pending
5fa4e19ab17cc058c92a,644b08ea92be7e5966f5,2,False,pending
5fa4e19ab17cc058c92a,a9f2d079250f8ca533f2,2,False,pending
5fa4e19ab17cc058c92a,3435b205cf2894c16d94,2,False,pending
5fa4e19ab17cc058c92a,561e219f4507a73d9826,3,False,pending
5fa4e19ab17cc058c92a,55fb626c9581efc07447,4,False,pending
5fa4e19ab17cc058c92a,b8f70e59b3e6a470efd1,4,False,pending
5fa4e19ab17cc058c92a,02637da2d1bec857f727,3,False,pending
5fa4e19ab17cc058c92a,e7306963a8ec3a39a8c6,3,False,pending
308f1991bf931a815b73,53a266297bb98f9ec28d,3,False,pending
308f1991bf931a815b73,df7436b090f7c9178603,3,False,pending
308f1991bf931a815b73,35f70cb1879ace6ba0b2,4,False,pending
308f1991bf931a815b73,a490a0e346030d465552,4,False,pending
308f1991bf931a815b73,d9c775e4122422cd0a5f,4,False,pending
308f1991bf931a815b73,fbf8459c54b5e7e34aef,3,False,pending
308f1991bf931a815b73,d63e4b89254fd3d8c5f9,3,False,pending
308f1991bf931a815b73,ec29764946c1376cccbe,3,False,pending
308f1991bf931a815b73,9ba1ae2897dbda8a14a8,2,False,pending
308f1991bf931a815b73,ad1243412c8169e6cc30,2,False,pending
308f1991bf931a815b73,9baa6ef45158569a58ea,4,False,pending
308f1991bf931a815b73,cf3e12b4b2af6f3f02b0,4,False,pending
308f1991bf931a815b73,de29f740c1d96b65d168,4,False,pending
308f1991bf931a815b73,8ac5011dc42a22cd8715,4,False,pending
308f1991bf931a815b73,c552c5efddd227aaf44e,4,False,pending
308f1991bf931a815b73,db6325854b9a72c417a7,4,False,pending
308f1991bf931a815b73,ecf2ec505f9549842f57,1,False,pending
308f1991bf931a815b73,3e2358dfe5ab88455987,1,False,pending
308f1991bf931a815b73,4e729c11518d047c1be5,1,False,pending
308f1991bf931a815b73,2a644f83f1c1d72ec383,1,False,pending
308f1991bf931a815b73,c747c7d9ac6a7331842d,1,False,pending
308f1991bf931a815b73,26319d33aa13c8b2511a,2,False,pending
308f1991bf931a815b73,7c10fc29b4b37e22ff5d,2,False,pending
308f1991bf931a815b73,7e419d059b3c29de905f,2,False,pending
308f1991bf931a815b73,a3a60bfc4d280dd7fa6a,2,False,pending
308f1991bf931a815b73,e0c6a0d62c0357010449,2,False,pending
308f1991bf931a815b73,57ece6052cb009ce34d3,2,False,pending
308f1991bf931a815b73,4afb928ef68fded20d0f,2,False,pending
308f1991bf931a815b73,61d78ce58476e4fae645,1,False,pending
308f1991bf931a815b73,46b812dc1001b7d3b6e5,2,False,pending
308f1991bf931a815b73,ae46c54df758a7a30ff0,2,False,pending
308f1991bf931a815b73,234fecbf65b6c0dcebd3,2,False,pending
308f1991bf931a815b73,7ad7ca9d7436bd407ef2,3,False,pending
308f1991bf931a815b73,1b1f9723e7318bf841ac,3,False,pending
308f1991bf931a815b73,3233ef677ac147f7d882,4,False,pending
308f1991bf931a815b73,684b07bac82031baa8f9,4,False,pending
308f1991bf931a815b73,c20d0ea4952d0d32a521,4,False,pending
308f1991bf931a815b73,7d83dc58278ebef8d3a3,3,False,pending
308f1991bf931a815b73,f728f90e984d76c12ba9,3,False,pending
308f1991bf931a815b73,1dbe06181cdd45414a9d,4,False,pending
308f1991bf931a815b73,f8080a59db0763d5ba43,4,False,pending
308f1991bf931a815b73,ca517e90209b74e234aa,3,False,pending
308f1991bf931a815b73,2fe0e29226e48d98168f,3,False,pending
308f1991bf931a815b73,9657778bc49c6cdb6612,3,False,pending
308f1991bf931a815b73,5efa4cb81101b3e2b680,4,False,pending
308f1991bf931a815b73,a9df733be3ca722f05b7,4,False,pending
308f1991bf931a815b73,6b59312903ac971959e2,3,False,pending
308f1991bf931a815b73,408baf4fbb17803fb3d6,3,False,pending
308f1991bf931a815b73,f07c3f628a3be785edd9,3,False,pending
308f1991bf931a815b73,3b22ca9b2517d576f22e,3,False,pending
308f1991bf931a815b73,191754d258d36fefbe05,3,False,pending
308f1991bf931a815b73,3ee9ebe89dbac0ce6246,3,False,pending
308f1991bf931a815b73,e906d3346b0f8c3676f8,3,False,pending
308f1991bf931a815b73,0a139ca0315d6eae574d,4,False,pending
308f1991bf931a815b73,fdc891ef7b15f5953c56,4,False,pending
308f1991bf931a815b73,9b8b95815322d0a3ae79,4,False,pending
308f1991bf931a815b73,ca031beab1a7fb2cd198,3,False,pending
308f1991bf931a815b73,c1027b69b773fd8abb77,3,False,pending
308f1991bf931a815b73,4b00fd3983cf5315bdd2,1,False,pending
308f1991bf931a815b73,c96e3bcc8986f4a0001a,1,False,pending
308f1991bf931a815b73,9be23342ee406607c718,4,False,pending
308f1991bf931a815b73,b94caabc4b10487bdec5,1,False,pending
308f1991bf931a815b73,107768ca7825c509d025,2,False,pending
308f1991bf931a815b73,05e8c1eee0399894908c,3,False,pending
308f1991bf931a815b73,593775773d3c5912b25e,3,False,pending
308f1991bf931a815b73,335603eeb8e00360812a,3,False,pending
308f1991bf931a815b73,1fc549a3f42c99dd7b4f,2,False,pending
308f1991bf931a815b73,4ce09bb5dd2b2104683e,4,False,pending
308f1991bf931a815b73,c263b10acbed7d9ce56e,1,False,pending
308f1991bf931a815b73,7dfa8a88e189555d71ca,2,False,pending
308f1991bf931a815b73,b77776a9914b2542a475,2,False,pending
308f1991bf931a815b73,a8381cf3831847e1b254,1,False,pending
308f1991bf931a815b73,70bfcd6593828bddbc28,1,False,pending
308f1991bf931a815b73,644b08ea92be7e5966f5,2,False,pending
308f1991bf931a815b73,a9f2d079250f8ca533f2,2,False,pending
308f1991bf931a815b73,3435b205cf2894c16d94,2,False,pending
308f1991bf931a815b73,561e219f4507a73d9826,3,False,pending
308f1991bf931a815b73,55fb626c9581efc07447,4,False,pending
308f1991bf931a815b73,b8f70e59b3e6a470efd1,4,False,pending
308f1991bf931a815b73,02637da2d1bec857f727,3,False,pending
308f1991bf931a815b73,e7306963a8ec3a39a8c6,3,False,pending
53a266297bb98f9ec28d,3062e2e59c5817e7c28b,4,False,pending
53a266297bb98f9ec28d,73d3a5196cb38b777946,4,False,pending
53a266297bb98f9ec28d,6358bcd4488719deae42,4,False,pending
53a266297bb98f9ec28d,3cd653fe3462b44f384d,4,False,pending
53a266297bb98f9ec28d,387aceb1d47a131e8817,4,False,pending
53a266297bb98f9ec28d,9943d4624140c991fccd,3,False,pending
53a266297bb98f9ec28d,6eb9b02da1c72c324578,3,False,pending
53a266297bb98f9ec28d,e86f2bd0fce59ed85966,3,False,pending
53a266297bb98f9ec28d,4fa58483508063cddcd8,4,False,pending
53a266297bb98f9ec28d,4547dd29eed84d4d78a6,4,False,pending
53a266297bb98f9ec28d,2ae4aa8005dc53fdc257,3,False,pending
53a266297bb98f9ec28d,5e4e61b52c77d2d4956d,2,False,pending
53a266297bb98f9ec28d,12be1682c5370d82bdaf,2,False,pending
53a266297bb98f9ec28d,5c3bb3b6a654fc543103,2,False,pending
53a266297bb98f9ec28d,35f70cb1879ace6ba0b2,3,False,pending
53a266297bb98f9ec28d,a490a0e346030d465552,3,False,pending
53a266297bb98f9ec28d,d9c775e4122422cd0a5f,3,False,pending
53a266297bb98f9ec28d,fbf8459c54b5e7e34aef,2,False,pending
53a266297bb98f9ec28d,d63e4b89254fd3d8c5f9,2,False,pending
53a266297bb98f9ec28d,ec29764946c1376cccbe,2,False,pending
53a266297bb98f9ec28d,9ba1ae2897dbda8a14a8,3,False,pending
53a266297bb98f9ec28d,ad1243412c8169e6cc30,3,False,pending
53a266297bb98f9ec28d,ecf2ec505f9549842f57,4,False,pending
53a266297bb98f9ec28d,3e2358dfe5ab88455987,4,False,pending
53a266297bb98f9ec28d,4e729c11518d047c1be5,4,False,pending
53a266297bb98f9ec28d,2a644f83f1c1d72ec383,4,False,pending
53a266297bb98f9ec28d,c747c7d9ac6a7331842d,4,False,pending
53a266297bb98f9ec28d,26319d33aa13c8b2511a,3,False,pending
53a266297bb98f9ec28d,7c10fc29b4b37e22ff5d,3,False,pending
53a266297bb98f9ec28d,7e419d059b3c29de905f,3,False,pending
53a266297bb98f9ec28d,a3a60bfc4d280dd7fa6a,3,False,pending
53a266297bb98f9ec28d,e0c6a0d62c0357010449,3,False,pending
53a266297bb98f9ec28d,57ece6052cb009ce34d3,3,False,pending
53a266297bb98f9ec28d,4afb928ef68fded20d0f,3,False,pending
53a266297bb98f9ec28d,61d78ce58476e4fae645,4,False,pending
53a266297bb98f9ec28d,234fecbf65b6c0dcebd3,3,False,pending
53a266297bb98f9ec28d,7ad7ca9d7436bd407ef2,4,False,pending
53a266297bb98f9ec28d,1b1f9723e7318bf841ac,4,False,pending
53a266297bb98f9ec28d,8a124b4a7aac984a1de8,4,False,pending
53a266297bb98f9ec28d,2633580c5487f1c8726c,4,False,pending
53a266297bb98f9ec28d,7d83dc58278ebef8d3a3,4,False,pending
53a266297bb98f9ec28d,f728f90e984d76c12ba9,4,False,pending
53a266297bb98f9ec28d,ca517e90209b74e234aa,4,False,pending
53a266297bb98f9ec28d,2fe0e29226e48d98168f,4,False,pending
53a266297bb98f9ec28d,9657778bc49c6cdb6612,4,False,pending
53a266297bb98f9ec28d,6b59312903ac971959e2,4,False,pending
53a266297bb98f9ec28d,408baf4fbb17803fb3d6,4,False,pending
53a266297bb98f9ec28d,f07c3f628a3be785edd9,4,False,pending
53a266297bb98f9ec28d,3b22ca9b2517d576f22e,4,False,pending
53a266297bb98f9ec28d,191754d258d36fefbe05,4,False,pending
53a266297bb98f9ec28d,3ee9ebe89dbac0ce6246,4,False,pending
53a266297bb98f9ec28d,e906d3346b0f8c3676f8,4,False,pending
53a266297bb98f9ec28d,ca031beab1a7fb2cd198,4,False,pending
53a266297bb98f9ec28d,c1027b69b773fd8abb77,4,False,pending
53a266297bb98f9ec28d,4b00fd3983cf5315bdd2,4,False,pending
53a266297bb98f9ec28d,c96e3bcc8986f4a0001a,4,False,pending
53a266297bb98f9ec28d,9be23342ee406607c718,3,False,pending
53a266297bb98f9ec28d,b94caabc4b10487bdec5,2,False,pending
53a266297bb98f9ec28d,107768ca7825c509d025,3,False,pending
53a266297bb98f9ec28d,7263cae6e898bc7f20a8,3,False,pending
53a266297bb98f9ec28d,7c9c871f531293c4e57a,4,False,pending
53a266297bb98f9ec28d,8252eceecef1ba121f59,4,False,pending
53a266297bb98f9ec28d,c33622b54ccb66b8ea42,3,False,pending
53a266297bb98f9ec28d,250ae161e30aac952b55,3,False,pending
53a266297bb98f9ec28d,593775773d3c5912b25e,4,False,pending
53a266297bb98f9ec28d,335603eeb8e00360812a,4,False,pending
53a266297bb98f9ec28d,1fc549a3f42c99dd7b4f,3,False,pending
53a266297bb98f9ec28d,c263b10acbed7d9ce56e,4,False,pending
53a266297bb98f9ec28d,7dfa8a88e189555d71ca,3,False,pending
53a266297bb98f9ec28d,b77776a9914b2542a475,3,False,pending
53a266297bb98f9ec28d,a8381cf3831847e1b254,2,False,pending
53a266297bb98f9ec28d,70bfcd6593828bddbc28,4,False,pending
53a266297bb98f9ec28d,3435b205cf2894c16d94,3,False,pending
53a266297bb98f9ec28d,561e219f4507a73d9826,4,False,pending
53a266297bb98f9ec28d,02637da2d1bec857f727,4,False,pending
53a266297bb98f9ec28d,e7306963a8ec3a39a8c6,4,False,pending
df7436b090f7c9178603,3062e2e59c5817e7c28b,4,False,pending
df7436b090f7c9178603,73d3a5196cb38b777946,4,False,pending
df7436b090f7c9178603,6358bcd4488719deae42,4,False,pending
df7436b090f7c9178603,3cd653fe3462b44f384d,4,False,pending
df7436b090f7c9178603,387aceb1d47a131e8817,4,False,pending
df7436b090f7c9178603,9943d4624140c991fccd,3,False,pending
df7436b090f7c9178603,6eb9b02da1c72c324578,3,False,pending
df7436b090f7c9178603,e86f2bd0fce59ed85966,3,False,pending
df7436b090f7c9178603,4fa58483508063cddcd8,4,False,pending
df7436b090f7c9178603,4547dd29eed84d4d78a6,4,False,pending
df7436b090f7c9178603,2ae4aa8005dc53fdc257,3,False,pending
df7436b090f7c9178603,5e4e61b52c77d2d4956d,2,False,pending
df7436b090f7c9178603,12be1682c5370d82bdaf,2,False,pending
df7436b090f7c9178603,5c3bb3b6a654fc543103,2,False,pending
df7436b090f7c9178603,35f70cb1879ace6ba0b2,3,False,pending
df7436b090f7c9178603,a490a0e346030d465552,3,False,pending
df7436b090f7c9178603,d9c775e4122422cd0a5f,3,False,pending
df7436b090f7c9178603,fbf8459c54b5e7e34aef,2,False,pending
df7436b090f7c9178603,d63e4b89254fd3d8c5f9,2,False,pending
df7436b090f7c9178603,ec29764946c1376cccbe,2,False,pending
df7436b090f7c9178603,9ba1ae2897dbda8a14a8,3,False,pending
df7436b090f7c9178603,ad1243412c8169e6cc30,3,False,pending
df7436b090f7c9178603,ecf2ec505f9549842f57,4,False,pending
df7436b090f7c9178603,3e2358dfe5ab88455987,4,False,pending
df7436b090f7c9178603,4e729c11518d047c1be5,4,False,pending
df7436b090f7c9178603,2a644f83f1c1d72ec383,4,False,pending
df7436b090f7c9178603,c747c7d9ac6a7331842d,4,False,pending
df7436b090f7c9178603,26319d33aa13c8b2511a,3,False,pending
df7436b090f7c9178603,7c10fc29b4b37e22ff5d,3,False,pending
df7436b090f7c9178603,7e419d059b3c29de905f,3,False,pending
df7436b090f7c9178603,a3a60bfc4d280dd7fa6a,3,False,pending
df7436b090f7c9178603,e0c6a0d62c0357010449,3,False,pending
df7436b090f7c9178603,57ece6052cb009ce34d3,3,False,pending
df7436b090f7c9178603,4afb928ef68fded20d0f,3,False,pending
df7436b090f7c9178603,61d78ce58476e4fae645,4,False,pending
df7436b090f7c9178603,234fecbf65b6c0dcebd3,3,False,pending
df7436b090f7c9178603,7ad7ca9d7436bd407ef2,4,False,pending
df7436b090f7c9178603,1b1f9723e7318bf841ac,4,False,pending
df7436b090f7c9178603,8a124b4a7aac984a1de8,4,False,pending
df7436b090f7c9178603,2633580c5487f1c8726c,4,False,pending
df7436b090f7c9178603,7d83dc58278ebef8d3a3,4,False,pending
df7436b090f7c9178603,f728f90e984d76c12ba9,4,False,pending
df7436b090f7c9178603,ca517e90209b74e234aa,4,False,pending
df7436b090f7c9178603,2fe0e29226e48d98168f,4,False,pending
df7436b090f7c9178603,9657778bc49c6cdb6612,4,False,pending
df7436b090f7c9178603,6b59312903ac971959e2,4,False,pending
df7436b090f7c9178603,408baf4fbb17803fb3d6,4,False,pending
df7436b090f7c9178603,f07c3f628a3be785edd9,4,False,pending
df7436b090f7c9178603,3b22ca9b2517d576f22e,4,False,pending
df7436b090f7c9178603,191754d258d36fefbe05,4,False,pending
df7436b090f7c9178603,3ee9ebe89dbac0ce6246,4,False,pending
df7436b090f7c9178603,e906d3346b0f8c3676f8,4,False,pending
df7436b090f7c9178603,ca031beab1a7fb2cd198,4,False,pending
df7436b090f7c9178603,c1027b69b773fd8abb77,4,False,pending
df7436b090f7c9178603,4b00fd3983cf5315bdd2,4,False,pending
df7436b090f7c9178603,c96e3bcc8986f4a0001a,4,False,pending
df7436b090f7c9178603,9be23342ee406607c718,3,False,pending
df7436b090f7c9178603,b94caabc4b10487bdec5,2,False,pending
df7436b090f7c9178603,107768ca7825c509d025,3,False,pending
df7436b090f7c9178603,7263cae6e898bc7f20a8,3,False,pending
df7436b090f7c9178603,7c9c871f531293c4e57a,4,False,pending
df7436b090f7c9178603,8252eceecef1ba121f59,4,False,pending
df7436b090f7c9178603,c33622b54ccb66b8ea42,3,False,pending
df7436b090f7c9178603,250ae161e30aac952b55,3,False,pending
df7436b090f7c9178603,593775773d3c5912b25e,4,False,pending
df7436b090f7c9178603,335603eeb8e00360812a,4,False,pending
df7436b090f7c9178603,1fc549a3f42c99dd7b4f,3,False,pending
df7436b090f7c9178603,c263b10acbed7d9ce56e,4,False,pending
df7436b090f7c9178603,7dfa8a88e189555d71ca,3,False,pending
df7436b090f7c9178603,b77776a9914b2542a475,3,False,pending
df7436b090f7c9178603,a8381cf3831847e1b254,2,False,pending
df7436b090f7c9178603,70bfcd6593828bddbc28,4,False,pending
df7436b090f7c9178603,3435b205cf2894c16d94,3,False,pending
df7436b090f7c9178603,561e219f4507a73d9826,4,False,pending
df7436b090f7c9178603,02637da2d1bec857f727,4,False,pending
df7436b090f7c9178603,e7306963a8ec3a39a8c6,4,False,pending
3062e2e59c5817e7c28b,6358bcd4488719deae42,2,False,pending
3062e2e59c5817e7c28b,3cd653fe3462b44f384d,2,False,pending
3062e2e59c5817e7c28b,387aceb1d47a131e8817,2,False,pending
3062e2e59c5817e7c28b,9943d4624140c991fccd,3,False,pending
3062e2e59c5817e7c28b,6eb9b02da1c72c324578,3,False,pending
3062e2e59c5817e7c28b,e86f2bd0fce59ed85966,3,False,pending
3062e2e59c5817e7c28b,4fa58483508063cddcd8,4,False,pending
3062e2e59c5817e7c28b,4547dd29eed84d4d78a6,4,False,pending
3062e2e59c5817e7c28b,2ae4aa8005dc53fdc257,3,False,pending
3062e2e59c5817e7c28b,5e4e61b52c77d2d4956d,2,False,pending
3062e2e59c5817e7c28b,12be1682c5370d82bdaf,2,False,pending
3062e2e59c5817e7c28b,5c3bb3b6a654fc543103,2,False,pending
3062e2e59c5817e7c28b,36b31b235d588fa422d5,4,False,pending
3062e2e59c5817e7c28b,52b6daba54d982510d7a,4,False,pending
3062e2e59c5817e7c28b,35f70cb1879ace6ba0b2,3,False,pending
3062e2e59c5817e7c28b,a490a0e346030d465552,3,False,pending
3062e2e59c5817e7c28b,d9c775e4122422cd0a5f,3,False,pending
3062e2e59c5817e7c28b,fbf8459c54b5e7e34aef,4,False,pending
3062e2e59c5817e7c28b,d63e4b89254fd3d8c5f9,4,False,pending
3062e2e59c5817e7c28b,ec29764946c1376cccbe,4,False,pending
3062e2e59c5817e7c28b,9baa6ef45158569a58ea,3,False,pending
3062e2e59c5817e7c28b,cf3e12b4b2af6f3f02b0,3,False,pending
3062e2e59c5817e7c28b,de29f740c1d96b65d168,3,False,pending
3062e2e59c5817e7c28b,e2183315cd82e5f762f7,4,False,pending
3062e2e59c5817e7c28b,5aaed92ade61f0667324,4,False,pending
3062e2e59c5817e7c28b,05e8c1eee0399894908c,4,False,pending
3062e2e59c5817e7c28b,8252eceecef1ba121f59,4,False,pending
3062e2e59c5817e7c28b,c33622b54ccb66b8ea42,3,False,pending
3062e2e59c5817e7c28b,250ae161e30aac952b55,3,False,pending
3062e2e59c5817e7c28b,593775773d3c5912b25e,4,False,pending
3062e2e59c5817e7c28b,335603eeb8e00360812a,4,False,pending
73d3a5196cb38b777946,6358bcd4488719deae42,2,False,pending
73d3a5196cb38b777946,3cd653fe3462b44f384d,2,False,pending
73d3a5196cb38b777946,387aceb1d47a131e8817,2,False,pending
73d3a5196cb38b777946,9943d4624140c991fccd,3,False,pending
73d3a5196cb38b777946,6eb9b02da1c72c324578,3,False,pending
73d3a5196cb38b777946,e86f2bd0fce59ed85966,3,False,pending
73d3a5196cb38b777946,4fa58483508063cddcd8,4,False,pending
73d3a5196cb38b777946,4547dd29eed84d4d78a6,4,False,pending
73d3a5196cb38b777946,2ae4aa8005dc53fdc257,3,False,pending
73d3a5196cb38b777946,5e4e61b52c77d2d4956d,2,False,pending
73d3a5196cb38b777946,12be1682c5370d82bdaf,2,False,pending
73d3a5196cb38b777946,5c3bb3b6a654fc543103,2,False,pending
73d3a5196cb38b777946,36b31b235d588fa422d5,4,False,pending
73d3a5196cb38b777946,52b6daba54d982510d7a,4,False,pending
73d3a5196cb38b777946,35f70cb1879ace6ba0b2,3,False,pending
73d3a5196cb38b777946,a490a0e346030d465552,3,False,pending
73d3a5196cb38b777946,d9c775e4122422cd0a5f,3,False,pending
73d3a5196cb38b777946,fbf8459c54b5e7e34aef,4,False,pending
73d3a5196cb38b777946,d63e4b89254fd3d8c5f9,4,False,pending
73d3a5196cb38b777946,ec29764946c1376cccbe,4,False,pending
73d3a5196cb38b777946,9baa6ef45158569a58ea,3,False,pending
73d3a5196cb38b777946,cf3e12b4b2af6f3f02b0,3,False,pending
73d3a5196cb38b777946,de29f740c1d96b65d168,3,False,pending
73d3a5196cb38b777946,e2183315cd82e5f762f7,4,False,pending
73d3a5196cb38b777946,5aaed92ade61f0667324,4,False,pending
73d3a5196cb38b777946,05e8c1eee0399894908c,4,False,pending
73d3a5196cb38b777946,8252eceecef1ba121f59,4,False,pending
73d3a5196cb38b777946,c33622b54ccb66b8ea42,3,False,pending
73d3a5196cb38b777946,250ae161e30aac952b55,3,False,pending
73d3a5196cb38b777946,593775773d3c5912b25e,4,False,pending
73d3a5196cb38b777946,335603eeb8e00360812a,4,False,pending
6358bcd4488719deae42,9943d4624140c991fccd,1,False,pending
6358bcd4488719deae42,6eb9b02da1c72c324578,1,False,pending
6358bcd4488719deae42,e86f2bd0fce59ed85966,1,False,pending
6358bcd4488719deae42,4fa58483508063cddcd8,2,False,pending
6358bcd4488719deae42,4547dd29eed84d4d78a6,2,False,pending
6358bcd4488719deae42,2ae4aa8005dc53fdc257,3,False,pending
6358bcd4488719deae42,5e4e61b52c77d2d4956d,2,False,pending
6358bcd4488719deae42,12be1682c5370d82bdaf,2,False,pending
6358bcd4488719deae42,5c3bb3b6a654fc543103,2,False,pending
6358bcd4488719deae42,36b31b235d588fa422d5,2,False,pending
6358bcd4488719deae42,52b6daba54d982510d7a,2,False,pending
6358bcd4488719deae42,e2183315cd82e5f762f7,4,False,pending
6358bcd4488719deae42,5aaed92ade61f0667324,4,False,pending
6358bcd4488719deae42,05e8c1eee0399894908c,4,False,pending
6358bcd4488719deae42,7c9c871f531293c4e57a,2,False,pending
6358bcd4488719deae42,8252eceecef1ba121f59,2,False,pending
6358bcd4488719deae42,c33622b54ccb66b8ea42,3,False,pending
6358bcd4488719deae42,250ae161e30aac952b55,3,False,pending
3cd653fe3462b44f384d,9943d4624140c991fccd,1,False,pending
3cd653fe3462b44f384d,6eb9b02da1c72c324578,1,False,pending
3cd653fe3462b44f384d,e86f2bd0fce59ed85966,1,False,pending
3cd653fe3462b44f384d,4fa58483508063cddcd8,2,False,pending
3cd653fe3462b44f384d,4547dd29eed84d4d78a6,2,False,pending
3cd653fe3462b44f384d,2ae4aa8005dc53fdc257,3,False,pending
3cd653fe3462b44f384d,5e4e61b52c77d2d4956d,2,False,pending
3cd653fe3462b44f384d,12be1682c5370d82bdaf,2,False,pending
3cd653fe3462b44f384d,5c3bb3b6a654fc543103,2,False,pending
3cd653fe3462b44f384d,36b31b235d588fa422d5,2,False,pending
3cd653fe3462b44f384d,52b6daba54d982510d7a,2,False,pending
3cd653fe3462b44f384d,e2183315cd82e5f762f7,4,False,pending
3cd653fe3462b44f384d,5aaed92ade61f0667324,4,False,pending
3cd653fe3462b44f384d,05e8c1eee0399894908c,4,False,pending
3cd653fe3462b44f384d,7c9c871f531293c4e57a,2,False,pending
3cd653fe3462b44f384d,8252eceecef1ba121f59,2,False,pending
3cd653fe3462b44f384d,c33622b54ccb66b8ea42,3,False,pending
3cd653fe3462b44f384d,250ae161e30aac952b55,3,False,pending
387aceb1d47a131e8817,9943d4624140c991fccd,1,False,pending
387aceb1d47a131e8817,6eb9b02da1c72c324578,1,False,pending
387aceb1d47a131e8817,e86f2bd0fce59ed85966,1,False,pending
387aceb1d47a131e8817,4fa58483508063cddcd8,2,False,pending
387aceb1d47a131e8817,4547dd29eed84d4d78a6,2,False,pending
387aceb1d47a131e8817,2ae4aa8005dc53fdc257,3,False,pending
387aceb1d47a131e8817,5e4e61b52c77d2d4956d,2,False,pending
387aceb1d47a131e8817,12be1682c5370d82bdaf,2,False,pending
387aceb1d47a131e8817,5c3bb3b6a654fc543103,2,False,pending
387aceb1d47a131e8817,36b31b235d588fa422d5,2,False,pending
387aceb1d47a131e8817,52b6daba54d982510d7a,2,False,pending
387aceb1d47a131e8817,e2183315cd82e5f762f7,4,False,pending
387aceb1d47a131e8817,5aaed92ade61f0667324,4,False,pending
387aceb1d47a131e8817,05e8c1eee0399894908c,4,False,pending
387aceb1d47a131e8817,7c9c871f531293c4e57a,2,False,pending
387aceb1d47a131e8817,8252eceecef1ba121f59,2,False,pending
387aceb1d47a131e8817,c33622b54ccb66b8ea42,3,False,pending
387aceb1d47a131e8817,250ae161e30aac952b55,3,False,pending
9943d4624140c991fccd,4fa58483508063cddcd8,1,False,pending
9943d4624140c991fccd,4547dd29eed84d4d78a6,1,False,pending
9943d4624140c991fccd,2ae4aa8005dc53fdc257,2,False,pending
9943d4624140c991fccd,5e4e61b52c77d2d4956d,1,False,pending
9943d4624140c991fccd,12be1682c5370d82bdaf,1,False,pending
9943d4624140c991fccd,5c3bb3b6a654fc543103,1,False,pending
9943d4624140c991fccd,36b31b235d588fa422d5,3,False,pending
9943d4624140c991fccd,52b6daba54d982510d7a,3,False,pending
9943d4624140c991fccd,35f70cb1879ace6ba0b2,4,False,pending
9943d4624140c991fccd,a490a0e346030d465552,4,False,pending
9943d4624140c991fccd,d9c775e4122422cd0a5f,4,False,pending
9943d4624140c991fccd,9be23342ee406607c718,4,False,pending
9943d4624140c991fccd,107768ca7825c509d025,4,False,pending
9943d4624140c991fccd,05e8c1eee0399894908c,3,False,pending
9943d4624140c991fccd,7c9c871f531293c4e57a,3,False,pending
9943d4624140c991fccd,8252eceecef1ba121f59,1,False,pending
9943d4624140c991fccd,c33622b54ccb66b8ea42,2,False,pending
9943d4624140c991fccd,250ae161e30aac952b55,2,False,pending
6eb9b02da1c72c324578,4fa58483508063cddcd8,1,False,pending
6eb9b02da1c72c324578,4547dd29eed84d4d78a6,1,False,pending
6eb9b02da1c72c324578,2ae4aa8005dc53fdc257,2,False,pending
6eb9b02da1c72c324578,5e4e61b52c77d2d4956d,1,False,pending
6eb9b02da1c72c324578,12be1682c5370d82bdaf,1,False,pending
6eb9b02da1c72c324578,5c3bb3b6a654fc543103,1,False,pending
6eb9b02da1c72c324578,36b31b235d588fa422d5,3,False,pending
6eb9b02da1c72c324578,52b6daba54d982510d7a,3,False,pending
6eb9b02da1c72c324578,35f70cb1879ace6ba0b2,4,False,pending
6eb9b02da1c72c324578,a490a0e346030d465552,4,False,pending
6eb9b02da1c72c324578,d9c775e4122422cd0a5f,4,False,pending
6eb9b02da1c72c324578,9be23342ee406607c718,4,False,pending
6eb9b02da1c72c324578,107768ca7825c509d025,4,False,pending
6eb9b02da1c72c324578,05e8c1eee0399894908c,3,False,pending
6eb9b02da1c72c324578,7c9c871f531293c4e57a,3,False,pending
6eb9b02da1c72c324578,8252eceecef1ba121f59,1,False,pending
6eb9b02da1c72c324578,c33622b54ccb66b8ea42,2,False,pending
6eb9b02da1c72c324578,250ae161e30aac952b55,2,False,pending
e86f2bd0fce59ed85966,4fa58483508063cddcd8,1,False,pending
e86f2bd0fce59ed85966,4547dd29eed84d4d78a6,1,False,pending
e86f2bd0fce59ed85966,2ae4aa8005dc53fdc257,2,False,pending
e86f2bd0fce59ed85966,5e4e61b52c77d2d4956d,1,False,pending
e86f2bd0fce59ed85966,12be1682c5370d82bdaf,1,False,pending
e86f2bd0fce59ed85966,5c3bb3b6a654fc543103,1,False,pending
e86f2bd0fce59ed85966,36b31b235d588fa422d5,3,False,pending
e86f2bd0fce59ed85966,52b6daba54d982510d7a,3,False,pending
e86f2bd0fce59ed85966,35f70cb1879ace6ba0b2,4,False,pending
e86f2bd0fce59ed85966,a490a0e346030d465552,4,False,pending
e86f2bd0fce59ed85966,d9c775e4122422cd0a5f,4,False,pending
e86f2bd0fce59ed85966,9be23342ee406607c718,4,False,pending
e86f2bd0fce59ed85966,107768ca7825c509d025,4,False,pending
e86f2bd0fce59ed85966,05e8c1eee0399894908c,3,False,pending
e86f2bd0fce59ed85966,7c9c871f531293c4e57a,3,False,pending
e86f2bd0fce59ed85966,8252eceecef1ba121f59,1,False,pending
e86f2bd0fce59ed85966,c33622b54ccb66b8ea42,2,False,pending
e86f2bd0fce59ed85966,250ae161e30aac952b55,2,False,pending
4fa58483508063cddcd8,2ae4aa8005dc53fdc257,1,False,pending
4fa58483508063cddcd8,5e4e61b52c77d2d4956d,2,False,pending
4fa58483508063cddcd8,12be1682c5370d82bdaf,2,False,pending
4fa58483508063cddcd8,5c3bb3b6a654fc543103,2,False,pending
4fa58483508063cddcd8,36b31b235d588fa422d5,2,False,pending
4fa58483508063cddcd8,52b6daba54d982510d7a,2,False,pending
4fa58483508063cddcd8,70974cccdd7a7d63949d,4,False,pending
4fa58483508063cddcd8,fbaaed779d39246b9e58,4,False,pending
4fa58483508063cddcd8,05e8c1eee0399894908c,4,False,pending
4fa58483508063cddcd8,7c9c871f531293c4e57a,4,False,pending
4fa58483508063cddcd8,c33622b54ccb66b8ea42,1,False,pending
4fa58483508063cddcd8,250ae161e30aac952b55,1,False,pending
4fa58483508063cddcd8,f98f843aca25aa543bd5,4,False,pending
4fa58483508063cddcd8,079cc4c9bd31d0b67455,4,False,pending
4547dd29eed84d4d78a6,2ae4aa8005dc53fdc257,1,False,pending
4547dd29eed84d4d78a6,5e4e61b52c77d2d4956d,2,False,pending
4547dd29eed84d4d78a6,12be1682c5370d82bdaf,2,False,pending
4547dd29eed84d4d78a6,5c3bb3b6a654fc543103,2,False,pending
4547dd29eed84d4d78a6,36b31b235d588fa422d5,2,False,pending
4547dd29eed84d4d78a6,52b6daba54d982510d7a,2,False,pending
4547dd29eed84d4d78a6,70974cccdd7a7d63949d,4,False,pending
4547dd29eed84d4d78a6,fbaaed779d39246b9e58,4,False,pending
4547dd29eed84d4d78a6,05e8c1eee0399894908c,4,False,pending
4547dd29eed84d4d78a6,7c9c871f531293c4e57a,4,False,pending
4547dd29eed84d4d78a6,c33622b54ccb66b8ea42,1,False,pending
4547dd29eed84d4d78a6,250ae161e30aac952b55,1,False,pending
4547dd29eed84d4d78a6,f98f843aca25aa543bd5,4,False,pending
4547dd29eed84d4d78a6,079cc4c9bd31d0b67455,4,False,pending
2ae4aa8005dc53fdc257,5e4e61b52c77d2d4956d,1,False,pending
2ae4aa8005dc53fdc257,12be1682c5370d82bdaf,1,False,pending
2ae4aa8005dc53fdc257,5c3bb3b6a654fc543103,1,False,pending
2ae4aa8005dc53fdc257,36b31b235d588fa422d5,3,False,pending
2ae4aa8005dc53fdc257,52b6daba54d982510d7a,3,False,pending
2ae4aa8005dc53fdc257,35f70cb1879ace6ba0b2,4,False,pending
2ae4aa8005dc53fdc257,a490a0e346030d465552,4,False,pending
2ae4aa8005dc53fdc257,d9c775e4122422cd0a5f,4,False,pending
2ae4aa8005dc53fdc257,9be23342ee406607c718,4,False,pending
2ae4aa8005dc53fdc257,107768ca7825c509d025,4,False,pending
2ae4aa8005dc53fdc257,05e8c1eee0399894908c,3,False,pending
2ae4aa8005dc53fdc257,7c9c871f531293c4e57a,3,False,pending
2ae4aa8005dc53fdc257,8252eceecef1ba121f59,1,False,pending
5e4e61b52c77d2d4956d,36b31b235d588fa422d5,4,False,pending
5e4e61b52c77d2d4956d,52b6daba54d982510d7a,4,False,pending
5e4e61b52c77d2d4956d,35f70cb1879ace6ba0b2,3,False,pending
5e4e61b52c77d2d4956d,a490a0e346030d465552,3,False,pending
5e4e61b52c77d2d4956d,d9c775e4122422cd0a5f,3,False,pending
5e4e61b52c77d2d4956d,fbf8459c54b5e7e34aef,4,False,pending
5e4e61b52c77d2d4956d,d63e4b89254fd3d8c5f9,4,False,pending
5e4e61b52c77d2d4956d,ec29764946c1376cccbe,4,False,pending
5e4e61b52c77d2d4956d,e2183315cd82e5f762f7,4,False,pending
5e4e61b52c77d2d4956d,5aaed92ade61f0667324,4,False,pending
5e4e61b52c77d2d4956d,9be23342ee406607c718,3,False,pending
5e4e61b52c77d2d4956d,b94caabc4b10487bdec5,4,False,pending
5e4e61b52c77d2d4956d,107768ca7825c509d025,3,False,pending
5e4e61b52c77d2d4956d,05e8c1eee0399894908c,2,False,pending
5e4e61b52c77d2d4956d,7c9c871f531293c4e57a,2,False,pending
5e4e61b52c77d2d4956d,8252eceecef1ba121f59,2,False,pending
5e4e61b52c77d2d4956d,c33622b54ccb66b8ea42,1,False,pending
5e4e61b52c77d2d4956d,250ae161e30aac952b55,1,False,pending
5e4e61b52c77d2d4956d,593775773d3c5912b25e,4,False,pending
5e4e61b52c77d2d4956d,335603eeb8e00360812a,4,False,pending
5e4e61b52c77d2d4956d,a8381cf3831847e1b254,4,False,pending
12be1682c5370d82bdaf,36b31b235d588fa422d5,4,False,pending
12be1682c5370d82bdaf,52b6daba54d982510d7a,4,False,pending
12be1682c5370d82bdaf,35f70cb1879ace6ba0b2,3,False,pending
12be1682c5370d82bdaf,a490a0e346030d465552,3,False,pending
12be1682c5370d82bdaf,d9c775e4122422cd0a5f,3,False,pending
12be1682c5370d82bdaf,fbf8459c54b5e7e34aef,4,False,pending
12be1682c5370d82bdaf,d63e4b89254fd3d8c5f9,4,False,pending
12be1682c5370d82bdaf,ec29764946c1376cccbe,4,False,pending
12be1682c5370d82bdaf,e2183315cd82e5f762f7,4,False,pending
12be1682c5370d82bdaf,5aaed92ade61f0667324,4,False,pending
12be1682c5370d82bdaf,9be23342ee406607c718,3,False,pending
12be1682c5370d82bdaf,b94caabc4b10487bdec5,4,False,pending
12be1682c5370d82bdaf,107768ca7825c509d025,3,False,pending
12be1682c5370d82bdaf,05e8c1eee0399894908c,2,False,pending
12be1682c5370d82bdaf,7c9c871f531293c4e57a,2,False,pending
12be1682c5370d82bdaf,8252eceecef1ba121f59,2,False,pending
12be1682c5370d82bdaf,c33622b54ccb66b8ea42,1,False,pending
12be1682c5370d82bdaf,250ae161e30aac952b55,1,False,pending
12be1682c5370d82bdaf,593775773d3c5912b25e,4,False,pending
12be1682c5370d82bdaf,335603eeb8e00360812a,4,False,pending
12be1682c5370d82bdaf,a8381cf3831847e1b254,4,False,pending
5c3bb3b6a654fc543103,36b31b235d588fa422d5,4,False,pending
5c3bb3b6a654fc543103,52b6daba54d982510d7a,4,False,pending
5c3bb3b6a654fc543103,35f70cb1879ace6ba0b2,3,False,pending
5c3bb3b6a654fc543103,a490a0e346030d465552,3,False,pending
5c3bb3b6a654fc543103,d9c775e4122422cd0a5f,3,False,pending
5c3bb3b6a654fc543103,fbf8459c54b5e7e34aef,4,False,pending
5c3bb3b6a654fc543103,d63e4b89254fd3d8c5f9,4,False,pending
5c3bb3b6a654fc543103,ec29764946c1376cccbe,4,False,pending
5c3bb3b6a654fc543103,e2183315cd82e5f762f7,4,False,pending
5c3bb3b6a654fc543103,5aaed92ade61f0667324,4,False,pending
5c3bb3b6a654fc543103,9be23342ee406607c718,3,False,pending
5c3bb3b6a654fc543103,b94caabc4b10487bdec5,4,False,pending
5c3bb3b6a654fc543103,107768ca7825c509d025,3,False,pending
5c3bb3b6a654fc543103,05e8c1eee0399894908c,2,False,pending
5c3bb3b6a654fc543103,7c9c871f531293c4e57a,2,False,pending
5c3bb3b6a654fc543103,8252eceecef1ba121f59,2,False,pending
5c3bb3b6a654fc543103,c33622b54ccb66b8ea42,1,False,pending
5c3bb3b6a654fc543103,250ae161e30aac952b55,1,False,pending
5c3bb3b6a654fc543103,593775773d3c5912b25e,4,False,pending
5c3bb3b6a654fc543103,335603eeb8e00360812a,4,False,pending
5c3bb3b6a654fc543103,a8381cf3831847e1b254,4,False,pending
36b31b235d588fa422d5,e2183315cd82e5f762f7,4,False,pending
36b31b235d588fa422d5,5aaed92ade61f0667324,4,False,pending
36b31b235d588fa422d5,7c9c871f531293c4e57a,4,False,pending
36b31b235d588fa422d5,8252eceecef1ba121f59,2,False,pending
36b31b235d588fa422d5,c33622b54ccb66b8ea42,3,False,pending
36b31b235d588fa422d5,250ae161e30aac952b55,3,False,pending
52b6daba54d982510d7a,e2183315cd82e5f762f7,4,False,pending
52b6daba54d982510d7a,5aaed92ade61f0667324,4,False,pending
52b6daba54d982510d7a,7c9c871f531293c4e57a,4,False,pending
52b6daba54d982510d7a,8252eceecef1ba121f59,2,False,pending
52b6daba54d982510d7a,c33622b54ccb66b8ea42,3,False,pending
52b6daba54d982510d7a,250ae161e30aac952b55,3,False,pending
35f70cb1879ace6ba0b2,fbf8459c54b5e7e34aef,1,False,pending
35f70cb1879ace6ba0b2,d63e4b89254fd3d8c5f9,1,False,pending
35f70cb1879ace6ba0b2,ec29764946c1376cccbe,1,False,pending
35f70cb1879ace6ba0b2,9ba1ae2897dbda8a14a8,2,False,pending
35f70cb1879ace6ba0b2,ad1243412c8169e6cc30,2,False,pending
35f70cb1879ace6ba0b2,9baa6ef45158569a58ea,4,False,pending
35f70cb1879ace6ba0b2,cf3e12b4b2af6f3f02b0,4,False,pending
35f70cb1879ace6ba0b2,de29f740c1d96b65d168,4,False,pending
35f70cb1879ace6ba0b2,9be23342ee406607c718,4,False,pending
35f70cb1879ace6ba0b2,7263cae6e898bc7f20a8,4,False,pending
35f70cb1879ace6ba0b2,05e8c1eee0399894908c,3,False,pending
35f70cb1879ace6ba0b2,7c9c871f531293c4e57a,3,False,pending
35f70cb1879ace6ba0b2,c33622b54ccb66b8ea42,4,False,pending
35f70cb1879ace6ba0b2,250ae161e30aac952b55,4,False,pending
35f70cb1879ace6ba0b2,593775773d3c5912b25e,3,False,pending
35f70cb1879ace6ba0b2,335603eeb8e00360812a,3,False,pending
35f70cb1879ace6ba0b2,1fc549a3f42c99dd7b4f,2,False,pending
a490a0e346030d465552,fbf8459c54b5e7e34aef,1,False,pending
a490a0e346030d465552,d63e4b89254fd3d8c5f9,1,False,pending
a490a0e346030d465552,ec29764946c1376cccbe,1,False,pending
a490a0e346030d465552,9ba1ae2897dbda8a14a8,2,False,pending
a490a0e346030d465552,ad1243412c8169e6cc30,2,False,pending
a490a0e346030d465552,9baa6ef45158569a58ea,4,False,pending
a490a0e346030d465552,cf3e12b4b2af6f3f02b0,4,False,pending
a490a0e346030d465552,de29f740c1d96b65d168,4,False,pending
a490a0e346030d465552,9be23342ee406607c718,4,False,pending
a490a0e346030d465552,7263cae6e898bc7f20a8,4,False,pending
a490a0e346030d465552,05e8c1eee0399894908c,3,False,pending
a490a0e346030d465552,7c9c871f531293c4e57a,3,False,pending
a490a0e346030d465552,c33622b54ccb66b8ea42,4,False,pending
a490a0e346030d465552,250ae161e30aac952b55,4,False,pending
a490a0e346030d465552,593775773d3c5912b25e,3,False,pending
a490a0e346030d465552,335603eeb8e00360812a,3,False,pending
a490a0e346030d465552,1fc549a3f42c99dd7b4f,2,False,pending
d9c775e4122422cd0a5f,fbf8459c54b5e7e34aef,1,False,pending
d9c775e4122422cd0a5f,d63e4b89254fd3d8c5f9,1,False,pending
d9c775e4122422cd0a5f,ec29764946c1376cccbe,1,False,pending
d9c775e4122422cd0a5f,9ba1ae2897dbda8a14a8,2,False,pending
d9c775e4122422cd0a5f,ad1243412c8169e6cc30,2,False,pending
d9c775e4122422cd0a5f,9baa6ef45158569a58ea,4,False,pending
d9c775e4122422cd0a5f,cf3e12b4b2af6f3f02b0,4,False,pending
d9c775e4122422cd0a5f,de29f740c1d96b65d168,4,False,pending
d9c775e4122422cd0a5f,9be23342ee406607c718,4,False,pending
d9c775e4122422cd0a5f,7263cae6e898bc7f20a8,4,False,pending
d9c775e4122422cd0a5f,05e8c1eee0399894908c,3,False,pending
d9c775e4122422cd0a5f,7c9c871f531293c4e57a,3,False,pending
d9c775e4122422cd0a5f,c33622b54ccb66b8ea42,4,False,pending
d9c775e4122422cd0a5f,250ae161e30aac952b55,4,False,pending
d9c775e4122422cd0a5f,593775773d3c5912b25e,3,False,pending
d9c775e4122422cd0a5f,335603eeb8e00360812a,3,False,pending
d9c775e4122422cd0a5f,1fc549a3f42c99dd7b4f,2,False,pending
fbf8459c54b5e7e34aef,9ba1ae2897dbda8a14a8,1,False,pending
fbf8459c54b5e7e34aef,ad1243412c8169e6cc30,1,False,pending
fbf8459c54b5e7e34aef,9baa6ef45158569a58ea,3,False,pending
fbf8459c54b5e7e34aef,cf3e12b4b2af6f3f02b0,3,False,pending
fbf8459c54b5e7e34aef,de29f740c1d96b65d168,3,False,pending
fbf8459c54b5e7e34aef,ecf2ec505f9549842f57,4,False,pending
fbf8459c54b5e7e34aef,3e2358dfe5ab88455987,4,False,pending
fbf8459c54b5e7e34aef,4e729c11518d047c1be5,4,False,pending
fbf8459c54b5e7e34aef,2a644f83f1c1d72ec383,4,False,pending
fbf8459c54b5e7e34aef,c747c7d9ac6a7331842d,4,False,pending
fbf8459c54b5e7e34aef,61d78ce58476e4fae645,4,False,pending
fbf8459c54b5e7e34aef,7d83dc58278ebef8d3a3,4,False,pending
fbf8459c54b5e7e34aef,f728f90e984d76c12ba9,4,False,pending
fbf8459c54b5e7e34aef,ca517e90209b74e234aa,4,False,pending
fbf8459c54b5e7e34aef,2fe0e29226e48d98168f,4,False,pending
fbf8459c54b5e7e34aef,9657778bc49c6cdb6612,4,False,pending
fbf8459c54b5e7e34aef,6b59312903ac971959e2,4,False,pending
fbf8459c54b5e7e34aef,ca031beab1a7fb2cd198,4,False,pending
fbf8459c54b5e7e34aef,c1027b69b773fd8abb77,4,False,pending
fbf8459c54b5e7e34aef,4b00fd3983cf5315bdd2,4,False,pending
fbf8459c54b5e7e34aef,c96e3bcc8986f4a0001a,4,False,pending
fbf8459c54b5e7e34aef,9be23342ee406607c718,3,False,pending
fbf8459c54b5e7e34aef,b94caabc4b10487bdec5,4,False,pending
fbf8459c54b5e7e34aef,7263cae6e898bc7f20a8,3,False,pending
fbf8459c54b5e7e34aef,05e8c1eee0399894908c,2,False,pending
fbf8459c54b5e7e34aef,7c9c871f531293c4e57a,4,False,pending
fbf8459c54b5e7e34aef,593775773d3c5912b25e,2,False,pending
fbf8459c54b5e7e34aef,335603eeb8e00360812a,2,False,pending
fbf8459c54b5e7e34aef,1fc549a3f42c99dd7b4f,1,False,pending
fbf8459c54b5e7e34aef,c263b10acbed7d9ce56e,4,False,pending
fbf8459c54b5e7e34aef,a8381cf3831847e1b254,4,False,pending
fbf8459c54b5e7e34aef,70bfcd6593828bddbc28,4,False,pending
fbf8459c54b5e7e34aef,561e219f4507a73d9826,4,False,pending
fbf8459c54b5e7e34aef,02637da2d1bec857f727,4,False,pending
fbf8459c54b5e7e34aef,e7306963a8ec3a39a8c6,4,False,pending
d63e4b89254fd3d8c5f9,9ba1ae2897dbda8a14a8,1,False,pending
d63e4b89254fd3d8c5f9,ad1243412c8169e6cc30,1,False,pending
d63e4b89254fd3d8c5f9,9baa6ef45158569a58ea,3,False,pending
d63e4b89254fd3d8c5f9,cf3e12b4b2af6f3f02b0,3,False,pending
d63e4b89254fd3d8c5f9,de29f740c1d96b65d168,3,False,pending
d63e4b89254fd3d8c5f9,ecf2ec505f9549842f57,4,False,pending
d63e4b89254fd3d8c5f9,3e2358dfe5ab88455987,4,False,pending
d63e4b89254fd3d8c5f9,4e729c11518d047c1be5,4,False,pending
d63e4b89254fd3d8c5f9,2a644f83f1c1d72ec383,4,False,pending
d63e4b89254fd3d8c5f9,c747c7d9ac6a7331842d,4,False,pending
d63e4b89254fd3d8c5f9,61d78ce58476e4fae645,4,False,pending
d63e4b89254fd3d8c5f9,7d83dc58278ebef8d3a3,4,False,pending
d63e4b89254fd3d8c5f9,f728f90e984d76c12ba9,4,False,pending
d63e4b89254fd3d8c5f9,ca517e90209b74e234aa,4,False,pending
d63e4b89254fd3d8c5f9,2fe0e29226e48d98168f,4,False,pending
d63e4b89254fd3d8c5f9,9657778bc49c6cdb6612,4,False,pending
d63e4b89254fd3d8c5f9,6b59312903ac971959e2,4,False,pending
d63e4b89254fd3d8c5f9,ca031beab1a7fb2cd198,4,False,pending
d63e4b89254fd3d8c5f9,c1027b69b773fd8abb77,4,False,pending
d63e4b89254fd3d8c5f9,4b00fd3983cf5315bdd2,4,False,pending
d63e4b89254fd3d8c5f9,c96e3bcc8986f4a0001a,4,False,pending
d63e4b89254fd3d8c5f9,9be23342ee406607c718,3,False,pending
d63e4b89254fd3d8c5f9,b94caabc4b10487bdec5,4,False,pending
d63e4b89254fd3d8c5f9,7263cae6e898bc7f20a8,3,False,pending
d63e4b89254fd3d8c5f9,05e8c1eee0399894908c,2,False,pending
d63e4b89254fd3d8c5f9,7c9c871f531293c4e57a,4,False,pending
d63e4b89254fd3d8c5f9,593775773d3c5912b25e,2,False,pending
d63e4b89254fd3d8c5f9,335603eeb8e00360812a,2,False,pending
d63e4b89254fd3d8c5f9,1fc549a3f42c99dd7b4f,1,False,pending
d63e4b89254fd3d8c5f9,c263b10acbed7d9ce56e,4,False,pending
d63e4b89254fd3d8c5f9,a8381cf3831847e1b254,4,False,pending
d63e4b89254fd3d8c5f9,70bfcd6593828bddbc28,4,False,pending
d63e4b89254fd3d8c5f9,561e219f4507a73d9826,4,False,pending
d63e4b89254fd3d8c5f9,02637da2d1bec857f727,4,False,pending
d63e4b89254fd3d8c5f9,e7306963a8ec3a39a8c6,4,False,pending
ec29764946c1376cccbe,9ba1ae2897dbda8a14a8,1,False,pending
ec29764946c1376cccbe,ad1243412c8169e6cc30,1,False,pending
ec29764946c1376cccbe,9baa6ef45158569a58ea,3,False,pending
ec29764946c1376cccbe,cf3e12b4b2af6f3f02b0,3,False,pending
ec29764946c1376cccbe,de29f740c1d96b65d168,3,False,pending
ec29764946c1376cccbe,ecf2ec505f9549842f57,4,False,pending
ec29764946c1376cccbe,3e2358dfe5ab88455987,4,False,pending
ec29764946c1376cccbe,4e729c11518d047c1be5,4,False,pending
ec29764946c1376cccbe,2a644f83f1c1d72ec383,4,False,pending
ec29764946c1376cccbe,c747c7d9ac6a7331842d,4,False,pending
ec29764946c1376cccbe,61d78ce58476e4fae645,4,False,pending
ec29764946c1376cccbe,7d83dc58278ebef8d3a3,4,False,pending
ec29764946c1376cccbe,f728f90e984d76c12ba9,4,False,pending
ec29764946c1376cccbe,ca517e90209b74e234aa,4,False,pending
ec29764946c1376cccbe,2fe0e29226e48d98168f,4,False,pending
ec29764946c1376cccbe,9657778bc49c6cdb6612,4,False,pending
ec29764946c1376cccbe,6b59312903ac971959e2,4,False,pending
ec29764946c1376cccbe,ca031beab1a7fb2cd198,4,False,pending
ec29764946c1376cccbe,c1027b69b773fd8abb77,4,False,pending
ec29764946c1376cccbe,4b00fd3983cf5315bdd2,4,False,pending
ec29764946c1376cccbe,c96e3bcc8986f4a0001a,4,False,pending
ec29764946c1376cccbe,9be23342ee406607c718,3,False,pending
ec29764946c1376cccbe,b94caabc4b10487bdec5,4,False,pending
ec29764946c1376cccbe,7263cae6e898bc7f20a8,3,False,pending
ec29764946c1376cccbe,05e8c1eee0399894908c,2,False,pending
ec29764946c1376cccbe,7c9c871f531293c4e57a,4,False,pending
ec29764946c1376cccbe,593775773d3c5912b25e,2,False,pending
ec29764946c1376cccbe,335603eeb8e00360812a,2,False,pending
ec29764946c1376cccbe,1fc549a3f42c99dd7b4f,1,False,pending
ec29764946c1376cccbe,c263b10acbed7d9ce56e,4,False,pending
ec29764946c1376cccbe,a8381cf3831847e1b254,4,False,pending
ec29764946c1376cccbe,70bfcd6593828bddbc28,4,False,pending
ec29764946c1376cccbe,561e219f4507a73d9826,4,False,pending
ec29764946c1376cccbe,02637da2d1bec857f727,4,False,pending
ec29764946c1376cccbe,e7306963a8ec3a39a8c6,4,False,pending
9ba1ae2897dbda8a14a8,9baa6ef45158569a58ea,2,False,pending
9ba1ae2897dbda8a14a8,cf3e12b4b2af6f3f02b0,2,False,pending
9ba1ae2897dbda8a14a8,de29f740c1d96b65d168,2,False,pending
9ba1ae2897dbda8a14a8,ecf2ec505f9549842f57,3,False,pending
9ba1ae2897dbda8a14a8,3e2358dfe5ab88455987,3,False,pending
9ba1ae2897dbda8a14a8,4e729c11518d047c1be5,3,False,pending
9ba1ae2897dbda8a14a8,2a644f83f1c1d72ec383,3,False,pending
9ba1ae2897dbda8a14a8,c747c7d9ac6a7331842d,3,False,pending
9ba1ae2897dbda8a14a8,26319d33aa13c8b2511a,4,False,pending
9ba1ae2897dbda8a14a8,7c10fc29b4b37e22ff5d,4,False,pending
9ba1ae2897dbda8a14a8,7e419d059b3c29de905f,4,False,pending
9ba1ae2897dbda8a14a8,a3a60bfc4d280dd7fa6a,4,False,pending
9ba1ae2897dbda8a14a8,e0c6a0d62c0357010449,4,False,pending
9ba1ae2897dbda8a14a8,57ece6052cb009ce34d3,4,False,pending
9ba1ae2897dbda8a14a8,4afb928ef68fded20d0f,4,False,pending
9ba1ae2897dbda8a14a8,61d78ce58476e4fae645,3,False,pending
9ba1ae2897dbda8a14a8,46b812dc1001b7d3b6e5,4,False,pending
9ba1ae2897dbda8a14a8,ae46c54df758a7a30ff0,4,False,pending
9ba1ae2897dbda8a14a8,234fecbf65b6c0dcebd3,4,False,pending
9ba1ae2897dbda8a14a8,3233ef677ac147f7d882,4,False,pending
9ba1ae2897dbda8a14a8,684b07bac82031baa8f9,4,False,pending
9ba1ae2897dbda8a14a8,c20d0ea4952d0d32a521,4,False,pending
9ba1ae2897dbda8a14a8,7d83dc58278ebef8d3a3,3,False,pending
9ba1ae2897dbda8a14a8,f728f90e984d76c12ba9,3,False,pending
9ba1ae2897dbda8a14a8,1dbe06181cdd45414a9d,4,False,pending
9ba1ae2897dbda8a14a8,f8080a59db0763d5ba43,4,False,pending
9ba1ae2897dbda8a14a8,ca517e90209b74e234aa,3,False,pending
9ba1ae2897dbda8a14a8,2fe0e29226e48d98168f,3,False,pending
9ba1ae2897dbda8a14a8,9657778bc49c6cdb6612,3,False,pending
9ba1ae2897dbda8a14a8,5efa4cb81101b3e2b680,4,False,pending
9ba1ae2897dbda8a14a8,a9df733be3ca722f05b7,4,False,pending
9ba1ae2897dbda8a14a8,6b59312903ac971959e2,3,False,pending
9ba1ae2897dbda8a14a8,ca031beab1a7fb2cd198,3,False,pending
9ba1ae2897dbda8a14a8,c1027b69b773fd8abb77,3,False,pending
9ba1ae2897dbda8a14a8,4b00fd3983cf5315bdd2,3,False,pending
9ba1ae2897dbda8a14a8,c96e3bcc8986f4a0001a,3,False,pending
9ba1ae2897dbda8a14a8,9be23342ee406607c718,4,False,pending
9ba1ae2897dbda8a14a8,b94caabc4b10487bdec5,3,False,pending
9ba1ae2897dbda8a14a8,107768ca7825c509d025,4,False,pending
9ba1ae2897dbda8a14a8,7263cae6e898bc7f20a8,2,False,pending
9ba1ae2897dbda8a14a8,05e8c1eee0399894908c,3,False,pending
9ba1ae2897dbda8a14a8,593775773d3c5912b25e,1,False,pending
9ba1ae2897dbda8a14a8,335603eeb8e00360812a,1,False,pending
9ba1ae2897dbda8a14a8,c263b10acbed7d9ce56e,3,False,pending
9ba1ae2897dbda8a14a8,7dfa8a88e189555d71ca,4,False,pending
9ba1ae2897dbda8a14a8,b77776a9914b2542a475,4,False,pending
9ba1ae2897dbda8a14a8,a8381cf3831847e1b254,3,False,pending
9ba1ae2897dbda8a14a8,70bfcd6593828bddbc28,3,False,pending
9ba1ae2897dbda8a14a8,644b08ea92be7e5966f5,4,False,pending
9ba1ae2897dbda8a14a8,a9f2d079250f8ca533f2,4,False,pending
9ba1ae2897dbda8a14a8,3435b205cf2894c16d94,4,False,pending
9ba1ae2897dbda8a14a8,561e219f4507a73d9826,3,False,pending
9ba1ae2897dbda8a14a8,55fb626c9581efc07447,4,False,pending
9ba1ae2897dbda8a14a8,b8f70e59b3e6a470efd1,4,False,pending
9ba1ae2897dbda8a14a8,02637da2d1bec857f727,3,False,pending
9ba1ae2897dbda8a14a8,e7306963a8ec3a39a8c6,3,False,pending
ad1243412c8169e6cc30,9baa6ef45158569a58ea,2,False,pending
ad1243412c8169e6cc30,cf3e12b4b2af6f3f02b0,2,False,pending
ad1243412c8169e6cc30,de29f740c1d96b65d168,2,False,pending
ad1243412c8169e6cc30,ecf2ec505f9549842f57,3,False,pending
ad1243412c8169e6cc30,3e2358dfe5ab88455987,3,False,pending
ad1243412c8169e6cc30,4e729c11518d047c1be5,3,False,pending
ad1243412c8169e6cc30,2a644f83f1c1d72ec383,3,False,pending
ad1243412c8169e6cc30,c747c7d9ac6a7331842d,3,False,pending
ad1243412c8169e6cc30,26319d33aa13c8b2511a,4,False,pending
ad1243412c8169e6cc30,7c10fc29b4b37e22ff5d,4,False,pending
ad1243412c8169e6cc30,7e419d059b3c29de905f,4,False,pending
ad1243412c8169e6cc30,a3a60bfc4d280dd7fa6a,4,False,pending
ad1243412c8169e6cc30,e0c6a0d62c0357010449,4,False,pending
ad1243412c8169e6cc30,57ece6052cb009ce34d3,4,False,pending
ad1243412c8169e6cc30,4afb928ef68fded20d0f,4,False,pending
ad1243412c8169e6cc30,61d78ce58476e4fae645,3,False,pending
ad1243412c8169e6cc30,46b812dc1001b7d3b6e5,4,False,pending
ad1243412c8169e6cc30,ae46c54df758a7a30ff0,4,False,pending
ad1243412c8169e6cc30,234fecbf65b6c0dcebd3,4,False,pending
ad1243412c8169e6cc30,3233ef677ac147f7d882,4,False,pending
ad1243412c8169e6cc30,684b07bac82031baa8f9,4,False,pending
ad1243412c8169e6cc30,c20d0ea4952d0d32a521,4,False,pending
ad1243412c8169e6cc30,7d83dc58278ebef8d3a3,3,False,pending
ad1243412c8169e6cc30,f728f90e984d76c12ba9,3,False,pending
ad1243412c8169e6cc30,1dbe06181cdd45414a9d,4,False,pending
ad1243412c8169e6cc30,f8080a59db0763d5ba43,4,False,pending
ad1243412c8169e6cc30,ca517e90209b74e234aa,3,False,pending
ad1243412c8169e6cc30,2fe0e29226e48d98168f,3,False,pending
ad1243412c8169e6cc30,9657778bc49c6cdb6612,3,False,pending
ad1243412c8169e6cc30,5efa4cb81101b3e2b680,4,False,pending
ad1243412c8169e6cc30,a9df733be3ca722f05b7,4,False,pending
ad1243412c8169e6cc30,6b59312903ac971959e2,3,False,pending
ad1243412c8169e6cc30,ca031beab1a7fb2cd198,3,False,pending
ad1243412c8169e6cc30,c1027b69b773fd8abb77,3,False,pending
ad1243412c8169e6cc30,4b00fd3983cf5315bdd2,3,False,pending
ad1243412c8169e6cc30,c96e3bcc8986f4a0001a,3,False,pending
ad1243412c8169e6cc30,9be23342ee406607c718,4,False,pending
ad1243412c8169e6cc30,b94caabc4b10487bdec5,3,False,pending
ad1243412c8169e6cc30,107768ca7825c509d025,4,False,pending
ad1243412c8169e6cc30,7263cae6e898bc7f20a8,2,False,pending
ad1243412c8169e6cc30,05e8c1eee0399894908c,3,False,pending
ad1243412c8169e6cc30,593775773d3c5912b25e,1,False,pending
ad1243412c8169e6cc30,335603eeb8e00360812a,1,False,pending
ad1243412c8169e6cc30,c263b10acbed7d9ce56e,3,False,pending
ad1243412c8169e6cc30,7dfa8a88e189555d71ca,4,False,pending
ad1243412c8169e6cc30,b77776a9914b2542a475,4,False,pending
ad1243412c8169e6cc30,a8381cf3831847e1b254,3,False,pending
ad1243412c8169e6cc30,70bfcd6593828bddbc28,3,False,pending
ad1243412c8169e6cc30,644b08ea92be7e5966f5,4,False,pending
ad1243412c8169e6cc30,a9f2d079250f8ca533f2,4,False,pending
ad1243412c8169e6cc30,3435b205cf2894c16d94,4,False,pending
ad1243412c8169e6cc30,561e219f4507a73d9826,3,False,pending
ad1243412c8169e6cc30,55fb626c9581efc07447,4,False,pending
ad1243412c8169e6cc30,b8f70e59b3e6a470efd1,4,False,pending
ad1243412c8169e6cc30,02637da2d1bec857f727,3,False,pending
ad1243412c8169e6cc30,e7306963a8ec3a39a8c6,3,False,pending
9baa6ef45158569a58ea,4e729c11518d047c1be5,3,False,pending
9baa6ef45158569a58ea,2a644f83f1c1d72ec383,3,False,pending
9baa6ef45158569a58ea,c747c7d9ac6a7331842d,3,False,pending
9baa6ef45158569a58ea,26319d33aa13c8b2511a,4,False,pending
9baa6ef45158569a58ea,7c10fc29b4b37e22ff5d,4,False,pending
9baa6ef45158569a58ea,7e419d059b3c29de905f,4,False,pending
9baa6ef45158569a58ea,a3a60bfc4d280dd7fa6a,4,False,pending
9baa6ef45158569a58ea,e0c6a0d62c0357010449,4,False,pending
9baa6ef45158569a58ea,57ece6052cb009ce34d3,4,False,pending
9baa6ef45158569a58ea,4afb928ef68fded20d0f,4,False,pending
9baa6ef45158569a58ea,ca031beab1a7fb2cd198,3,False,pending
9baa6ef45158569a58ea,c1027b69b773fd8abb77,3,False,pending
9baa6ef45158569a58ea,9be23342ee406607c718,4,False,pending
9baa6ef45158569a58ea,107768ca7825c509d025,4,False,pending
9baa6ef45158569a58ea,7263cae6e898bc7f20a8,4,False,pending
9baa6ef45158569a58ea,7c9c871f531293c4e57a,3,False,pending
9baa6ef45158569a58ea,593775773d3c5912b25e,1,False,pending
9baa6ef45158569a58ea,335603eeb8e00360812a,1,False,pending
9baa6ef45158569a58ea,1fc549a3f42c99dd7b4f,2,False,pending
9baa6ef45158569a58ea,7dfa8a88e189555d71ca,4,False,pending
9baa6ef45158569a58ea,b77776a9914b2542a475,4,False,pending
cf3e12b4b2af6f3f02b0,4e729c11518d047c1be5,3,False,pending
cf3e12b4b2af6f3f02b0,2a644f83f1c1d72ec383,3,False,pending
cf3e12b4b2af6f3f02b0,c747c7d9ac6a7331842d,3,False,pending
cf3e12b4b2af6f3f02b0,26319d33aa13c8b2511a,4,False,pending
cf3e12b4b2af6f3f02b0,7c10fc29b4b37e22ff5d,4,False,pending
cf3e12b4b2af6f3f02b0,7e419d059b3c29de905f,4,False,pending
cf3e12b4b2af6f3f02b0,a3a60bfc4d280dd7fa6a,4,False,pending
cf3e12b4b2af6f3f02b0,e0c6a0d62c0357010449,4,False,pending
cf3e12b4b2af6f3f02b0,57ece6052cb009ce34d3,4,False,pending
cf3e12b4b2af6f3f02b0,4afb928ef68fded20d0f,4,False,pending
cf3e12b4b2af6f3f02b0,ca031beab1a7fb2cd198,3,False,pending
cf3e12b4b2af6f3f02b0,c1027b69b773fd8abb77,3,False,pending
cf3e12b4b2af6f3f02b0,9be23342ee406607c718,4,False,pending
cf3e12b4b2af6f3f02b0,107768ca7825c509d025,4,False,pending
cf3e12b4b2af6f3f02b0,7263cae6e898bc7f20a8,4,False,pending
cf3e12b4b2af6f3f02b0,7c9c871f531293c4e57a,3,False,pending
cf3e12b4b2af6f3f02b0,593775773d3c5912b25e,1,False,pending
cf3e12b4b2af6f3f02b0,335603eeb8e00360812a,1,False,pending
cf3e12b4b2af6f3f02b0,1fc549a3f42c99dd7b4f,2,False,pending
cf3e12b4b2af6f3f02b0,7dfa8a88e189555d71ca,4,False,pending
cf3e12b4b2af6f3f02b0,b77776a9914b2542a475,4,False,pending
de29f740c1d96b65d168,4e729c11518d047c1be5,3,False,pending
de29f740c1d96b65d168,2a644f83f1c1d72ec383,3,False,pending
de29f740c1d96b65d168,c747c7d9ac6a7331842d,3,False,pending
de29f740c1d96b65d168,26319d33aa13c8b2511a,4,False,pending
de29f740c1d96b65d168,7c10fc29b4b37e22ff5d,4,False,pending
de29f740c1d96b65d168,7e419d059b3c29de905f,4,False,pending
de29f740c1d96b65d168,a3a60bfc4d280dd7fa6a,4,False,pending
de29f740c1d96b65d168,e0c6a0d62c0357010449,4,False,pending
de29f740c1d96b65d168,57ece6052cb009ce34d3,4,False,pending
de29f740c1d96b65d168,4afb928ef68fded20d0f,4,False,pending
de29f740c1d96b65d168,ca031beab1a7fb2cd198,3,False,pending
de29f740c1d96b65d168,c1027b69b773fd8abb77,3,False,pending
de29f740c1d96b65d168,9be23342ee406607c718,4,False,pending
de29f740c1d96b65d168,107768ca7825c509d025,4,False,pending
de29f740c1d96b65d168,7263cae6e898bc7f20a8,4,False,pending
de29f740c1d96b65d168,7c9c871f531293c4e57a,3,False,pending
de29f740c1d96b65d168,593775773d3c5912b25e,1,False,pending
de29f740c1d96b65d168,335603eeb8e00360812a,1,False,pending
de29f740c1d96b65d168,1fc549a3f42c99dd7b4f,2,False,pending
de29f740c1d96b65d168,7dfa8a88e189555d71ca,4,False,pending
de29f740c1d96b65d168,b77776a9914b2542a475,4,False,pending
51ac89d409762f295d71,a636990196d03c3632c3,3,False,pending
51ac89d409762f295d71,898f0a671f854ddbb424,3,False,pending
51ac89d409762f295d71,ab74f015f767814d574e,3,False,pending
51ac89d409762f295d71,d756d3c8aa5906614d9f,4,False,pending
51ac89d409762f295d71,9916f970ab9edb678a84,2,False,pending
51ac89d409762f295d71,beb79fadb21f6a373a9d,2,False,pending
51ac89d409762f295d71,dc3160d59fa7e473b291,2,False,pending
51ac89d409762f295d71,9e2fa3e8a95afe5be995,2,False,pending
5e6796d75481d5e704de,a636990196d03c3632c3,4,False,pending
5e6796d75481d5e704de,898f0a671f854ddbb424,4,False,pending
5e6796d75481d5e704de,ab74f015f767814d574e,4,False,pending
5e6796d75481d5e704de,d756d3c8aa5906614d9f,1,False,pending
5e6796d75481d5e704de,9916f970ab9edb678a84,3,False,pending
5e6796d75481d5e704de,beb79fadb21f6a373a9d,3,False,pending
5e6796d75481d5e704de,dc3160d59fa7e473b291,3,False,pending
5e6796d75481d5e704de,9e2fa3e8a95afe5be995,3,False,pending
fa5cdeb63eabf7ef8b38,a636990196d03c3632c3,4,False,pending
fa5cdeb63eabf7ef8b38,898f0a671f854ddbb424,4,False,pending
fa5cdeb63eabf7ef8b38,ab74f015f767814d574e,4,False,pending
fa5cdeb63eabf7ef8b38,d756d3c8aa5906614d9f,1,False,pending
fa5cdeb63eabf7ef8b38,9916f970ab9edb678a84,3,False,pending
fa5cdeb63eabf7ef8b38,beb79fadb21f6a373a9d,3,False,pending
fa5cdeb63eabf7ef8b38,dc3160d59fa7e473b291,3,False,pending
fa5cdeb63eabf7ef8b38,9e2fa3e8a95afe5be995,3,False,pending
c33d7fbf4516f46f5ad6,a636990196d03c3632c3,4,False,pending
c33d7fbf4516f46f5ad6,898f0a671f854ddbb424,4,False,pending
c33d7fbf4516f46f5ad6,ab74f015f767814d574e,4,False,pending
c33d7fbf4516f46f5ad6,d756d3c8aa5906614d9f,1,False,pending
c33d7fbf4516f46f5ad6,9916f970ab9edb678a84,3,False,pending
c33d7fbf4516f46f5ad6,beb79fadb21f6a373a9d,3,False,pending
c33d7fbf4516f46f5ad6,dc3160d59fa7e473b291,3,False,pending
c33d7fbf4516f46f5ad6,9e2fa3e8a95afe5be995,3,False,pending
a636990196d03c3632c3,d756d3c8aa5906614d9f,3,False,pending
a636990196d03c3632c3,9916f970ab9edb678a84,1,False,pending
a636990196d03c3632c3,beb79fadb21f6a373a9d,1,False,pending
a636990196d03c3632c3,dc3160d59fa7e473b291,1,False,pending
a636990196d03c3632c3,9e2fa3e8a95afe5be995,1,False,pending
a636990196d03c3632c3,82eed377d1f1c6bbd01a,3,False,pending
a636990196d03c3632c3,af3b85747852530afe80,3,False,pending
898f0a671f854ddbb424,d756d3c8aa5906614d9f,3,False,pending
898f0a671f854ddbb424,9916f970ab9edb678a84,1,False,pending
898f0a671f854ddbb424,beb79fadb21f6a373a9d,1,False,pending
898f0a671f854ddbb424,dc3160d59fa7e473b291,1,False,pending
898f0a671f854ddbb424,9e2fa3e8a95afe5be995,1,False,pending
898f0a671f854ddbb424,82eed377d1f1c6bbd01a,3,False,pending
898f0a671f854ddbb424,af3b85747852530afe80,3,False,pending
ab74f015f767814d574e,d756d3c8aa5906614d9f,3,False,pending
ab74f015f767814d574e,9916f970ab9edb678a84,1,False,pending
ab74f015f767814d574e,beb79fadb21f6a373a9d,1,False,pending
ab74f015f767814d574e,dc3160d59fa7e473b291,1,False,pending
ab74f015f767814d574e,9e2fa3e8a95afe5be995,1,False,pending
ab74f015f767814d574e,82eed377d1f1c6bbd01a,3,False,pending
ab74f015f767814d574e,af3b85747852530afe80,3,False,pending
d756d3c8aa5906614d9f,9916f970ab9edb678a84,2,False,pending
d756d3c8aa5906614d9f,beb79fadb21f6a373a9d,2,False,pending
d756d3c8aa5906614d9f,dc3160d59fa7e473b291,2,False,pending
d756d3c8aa5906614d9f,9e2fa3e8a95afe5be995,2,False,pending
d756d3c8aa5906614d9f,82eed377d1f1c6bbd01a,4,False,pending
d756d3c8aa5906614d9f,af3b85747852530afe80,4,False,pending
9916f970ab9edb678a84,82eed377d1f1c6bbd01a,2,False,pending
9916f970ab9edb678a84,af3b85747852530afe80,2,False,pending
beb79fadb21f6a373a9d,82eed377d1f1c6bbd01a,2,False,pending
beb79fadb21f6a373a9d,af3b85747852530afe80,2,False,pending
dc3160d59fa7e473b291,82eed377d1f1c6bbd01a,2,False,pending
dc3160d59fa7e473b291,af3b85747852530afe80,2,False,pending
9e2fa3e8a95afe5be995,82eed377d1f1c6bbd01a,2,False,pending
9e2fa3e8a95afe5be995,af3b85747852530afe80,2,False,pending
e3ec97f372f57274aab6,ef12050c93933a657786,4,False,pending
e3ec97f372f57274aab6,7b34740e663abfa2b22f,4,False,pending
e3ec97f372f57274aab6,4b12d59c7001a9df0835,4,False,pending
ade606a4c2ba415eb095,ef12050c93933a657786,4,False,pending
ade606a4c2ba415eb095,7b34740e663abfa2b22f,4,False,pending
ade606a4c2ba415eb095,4b12d59c7001a9df0835,4,False,pending
9bf0b400eb3070aaf524,cecdde776ff3c493438c,2,False,pending
9bf0b400eb3070aaf524,ac7738d1c36b993699d3,2,False,pending
9bf0b400eb3070aaf524,989a1efeb47e21fa1a3f,2,False,pending
9bf0b400eb3070aaf524,fd5deb486f6c1583b208,4,False,pending
9bf0b400eb3070aaf524,8ae097ee79f5b3834827,4,False,pending
9bf0b400eb3070aaf524,4e5882d28f6a44841eb0,1,False,pending
9bf0b400eb3070aaf524,c73f02b8a4e8de8691fa,1,False,pending
cecdde776ff3c493438c,fd5deb486f6c1583b208,2,False,pending
cecdde776ff3c493438c,8ae097ee79f5b3834827,2,False,pending
cecdde776ff3c493438c,4e5882d28f6a44841eb0,3,False,pending
cecdde776ff3c493438c,c73f02b8a4e8de8691fa,3,False,pending
cecdde776ff3c493438c,ef52c68cd4a3e0b46aef,2,False,pending
ac7738d1c36b993699d3,fd5deb486f6c1583b208,2,False,pending
ac7738d1c36b993699d3,8ae097ee79f5b3834827,2,False,pending
ac7738d1c36b993699d3,4e5882d28f6a44841eb0,3,False,pending
ac7738d1c36b993699d3,c73f02b8a4e8de8691fa,3,False,pending
ac7738d1c36b993699d3,ef52c68cd4a3e0b46aef,2,False,pending
989a1efeb47e21fa1a3f,fd5deb486f6c1583b208,2,False,pending
989a1efeb47e21fa1a3f,8ae097ee79f5b3834827,2,False,pending
989a1efeb47e21fa1a3f,4e5882d28f6a44841eb0,3,False,pending
989a1efeb47e21fa1a3f,c73f02b8a4e8de8691fa,3,False,pending
989a1efeb47e21fa1a3f,ef52c68cd4a3e0b46aef,2,False,pending
ce9dd0f307620caa7560,3e448d3003434e896c44,3,False,pending
ce9dd0f307620caa7560,f6f6b4517bf3110669e2,3,False,pending
ce9dd0f307620caa7560,81b778c3b1533b63793a,3,False,pending
82c7dcadc1ea17d1063a,3e448d3003434e896c44,3,False,pending
82c7dcadc1ea17d1063a,f6f6b4517bf3110669e2,3,False,pending
82c7dcadc1ea17d1063a,81b778c3b1533b63793a,3,False,pending
f400b6a348e18f674286,3e448d3003434e896c44,3,False,pending
f400b6a348e18f674286,f6f6b4517bf3110669e2,3,False,pending
f400b6a348e18f674286,81b778c3b1533b63793a,3,False,pending
fd5deb486f6c1583b208,ef52c68cd4a3e0b46aef,4,False,pending
8ae097ee79f5b3834827,ef52c68cd4a3e0b46aef,4,False,pending
647f3e41ce4bfe370433,e87d56becbf9f95e2182,3,False,pending
647f3e41ce4bfe370433,efa5ed86e98eef6b05a9,3,False,pending
647f3e41ce4bfe370433,205f8838a09d6e964c6f,2,False,pending
647f3e41ce4bfe370433,28d579410c34761cd788,2,False,pending
647f3e41ce4bfe370433,1f7422a1142b0657dd31,2,False,pending
647f3e41ce4bfe370433,2dccbb15ca68a84671b9,1,False,pending
647f3e41ce4bfe370433,f6dd023a41beff394636,1,False,pending
647f3e41ce4bfe370433,6fa5969b1a5d2ad9c90a,1,False,pending
647f3e41ce4bfe370433,e293188fd8d0b4e993cd,2,False,pending
647f3e41ce4bfe370433,ba9071218fab79a55546,2,False,pending
647f3e41ce4bfe370433,3991432061a3cba6f7ce,3,False,pending
647f3e41ce4bfe370433,809e7de53a77ba6fe344,3,False,pending
647f3e41ce4bfe370433,d3e3ac77447dcc1c6a8b,2,False,pending
647f3e41ce4bfe370433,52c647ea2d0295eb3a97,1,False,pending
647f3e41ce4bfe370433,f690152a7687eb90f3ff,2,False,pending
e87d56becbf9f95e2182,efa5ed86e98eef6b05a9,0,False,pending
e87d56becbf9f95e2182,205f8838a09d6e964c6f,1,False,pending
e87d56becbf9f95e2182,28d579410c34761cd788,1,False,pending
e87d56becbf9f95e2182,1f7422a1142b0657dd31,1,False,pending
e87d56becbf9f95e2182,2dccbb15ca68a84671b9,2,False,pending
e87d56becbf9f95e2182,f6dd023a41beff394636,2,False,pending
e87d56becbf9f95e2182,6fa5969b1a5d2ad9c90a,2,False,pending
e87d56becbf9f95e2182,e293188fd8d0b4e993cd,1,False,pending
e87d56becbf9f95e2182,ba9071218fab79a55546,1,False,pending
e87d56becbf9f95e2182,5976b195b362cde699c5,3,False,pending
e87d56becbf9f95e2182,95a9007e1e7bbf76dc5f,3,False,pending
e87d56becbf9f95e2182,3c1055f5fd26457e04ed,3,False,pending
e87d56becbf9f95e2182,7d3c342688228bd120ed,3,False,pending
e87d56becbf9f95e2182,608aad897a203d6db23c,3,False,pending
e87d56becbf9f95e2182,8a9b0118f749f46fee61,3,False,pending
e87d56becbf9f95e2182,3991432061a3cba6f7ce,0,False,pending
e87d56becbf9f95e2182,809e7de53a77ba6fe344,0,False,pending
e87d56becbf9f95e2182,d3e3ac77447dcc1c6a8b,1,False,pending
e87d56becbf9f95e2182,52c647ea2d0295eb3a97,2,False,pending
e87d56becbf9f95e2182,f690152a7687eb90f3ff,1,False,pending
efa5ed86e98eef6b05a9,205f8838a09d6e964c6f,1,False,pending
efa5ed86e98eef6b05a9,28d579410c34761cd788,1,False,pending
efa5ed86e98eef6b05a9,1f7422a1142b0657dd31,1,False,pending
efa5ed86e98eef6b05a9,2dccbb15ca68a84671b9,2,False,pending
efa5ed86e98eef6b05a9,f6dd023a41beff394636,2,False,pending
efa5ed86e98eef6b05a9,6fa5969b1a5d2ad9c90a,2,False,pending
efa5ed86e98eef6b05a9,e293188fd8d0b4e993cd,1,False,pending
efa5ed86e98eef6b05a9,ba9071218fab79a55546,1,False,pending
efa5ed86e98eef6b05a9,5976b195b362cde699c5,3,False,pending
efa5ed86e98eef6b05a9,95a9007e1e7bbf76dc5f,3,False,pending
efa5ed86e98eef6b05a9,3c1055f5fd26457e04ed,3,False,pending
efa5ed86e98eef6b05a9,7d3c342688228bd120ed,3,False,pending
efa5ed86e98eef6b05a9,608aad897a203d6db23c,3,False,pending
efa5ed86e98eef6b05a9,8a9b0118f749f46fee61,3,False,pending
efa5ed86e98eef6b05a9,d3e3ac77447dcc1c6a8b,1,False,pending
efa5ed86e98eef6b05a9,52c647ea2d0295eb3a97,2,False,pending
efa5ed86e98eef6b05a9,f690152a7687eb90f3ff,1,False,pending
205f8838a09d6e964c6f,2dccbb15ca68a84671b9,1,False,pending
205f8838a09d6e964c6f,f6dd023a41beff394636,1,False,pending
205f8838a09d6e964c6f,6fa5969b1a5d2ad9c90a,1,False,pending
205f8838a09d6e964c6f,e293188fd8d0b4e993cd,0,False,pending
205f8838a09d6e964c6f,ba9071218fab79a55546,0,False,pending
205f8838a09d6e964c6f,5976b195b362cde699c5,4,False,pending
205f8838a09d6e964c6f,95a9007e1e7bbf76dc5f,4,False,pending
205f8838a09d6e964c6f,3c1055f5fd26457e04ed,4,False,pending
205f8838a09d6e964c6f,7d3c342688228bd120ed,4,False,pending
205f8838a09d6e964c6f,608aad897a203d6db23c,2,False,pending
205f8838a09d6e964c6f,8a9b0118f749f46fee61,2,False,pending
205f8838a09d6e964c6f,3991432061a3cba6f7ce,1,False,pending
205f8838a09d6e964c6f,809e7de53a77ba6fe344,1,False,pending
205f8838a09d6e964c6f,52c647ea2d0295eb3a97,1,False,pending
205f8838a09d6e964c6f,f690152a7687eb90f3ff,0,False,pending
28d579410c34761cd788,2dccbb15ca68a84671b9,1,False,pending
28d579410c34761cd788,f6dd023a41beff394636,1,False,pending
28d579410c34761cd788,6fa5969b1a5d2ad9c90a,1,False,pending
28d579410c34761cd788,e293188fd8d0b4e993cd,0,False,pending
28d579410c34761cd788,ba9071218fab79a55546,0,False,pending
28d579410c34761cd788,5976b195b362cde699c5,4,False,pending
28d579410c34761cd788,95a9007e1e7bbf76dc5f,4,False,pending
28d579410c34761cd788,3c1055f5fd26457e04ed,4,False,pending
28d579410c34761cd788,7d3c342688228bd120ed,4,False,pending
28d579410c34761cd788,608aad897a203d6db23c,2,False,pending
28d579410c34761cd788,8a9b0118f749f46fee61,2,False,pending
28d579410c34761cd788,3991432061a3cba6f7ce,1,False,pending
28d579410c34761cd788,809e7de53a77ba6fe344,1,False,pending
28d579410c34761cd788,52c647ea2d0295eb3a97,1,False,pending
28d579410c34761cd788,f690152a7687eb90f3ff,0,False,pending
1f7422a1142b0657dd31,2dccbb15ca68a84671b9,1,False,pending
1f7422a1142b0657dd31,f6dd023a41beff394636,1,False,pending
1f7422a1142b0657dd31,6fa5969b1a5d2ad9c90a,1,False,pending
1f7422a1142b0657dd31,e293188fd8d0b4e993cd,0,False,pending
1f7422a1142b0657dd31,ba9071218fab79a55546,0,False,pending
1f7422a1142b0657dd31,5976b195b362cde699c5,4,False,pending
1f7422a1142b0657dd31,95a9007e1e7bbf76dc5f,4,False,pending
1f7422a1142b0657dd31,3c1055f5fd26457e04ed,4,False,pending
1f7422a1142b0657dd31,7d3c342688228bd120ed,4,False,pending
1f7422a1142b0657dd31,608aad897a203d6db23c,2,False,pending
1f7422a1142b0657dd31,8a9b0118f749f46fee61,2,False,pending
1f7422a1142b0657dd31,3991432061a3cba6f7ce,1,False,pending
1f7422a1142b0657dd31,809e7de53a77ba6fe344,1,False,pending
1f7422a1142b0657dd31,52c647ea2d0295eb3a97,1,False,pending
1f7422a1142b0657dd31,f690152a7687eb90f3ff,0,False,pending
2dccbb15ca68a84671b9,f6dd023a41beff394636,0,False,pending
2dccbb15ca68a84671b9,6fa5969b1a5d2ad9c90a,0,False,pending
2dccbb15ca68a84671b9,e293188fd8d0b4e993cd,1,False,pending
2dccbb15ca68a84671b9,ba9071218fab79a55546,1,False,pending
2dccbb15ca68a84671b9,608aad897a203d6db23c,1,False,pending
2dccbb15ca68a84671b9,8a9b0118f749f46fee61,1,False,pending
2dccbb15ca68a84671b9,3991432061a3cba6f7ce,2,False,pending
2dccbb15ca68a84671b9,809e7de53a77ba6fe344,2,False,pending
2dccbb15ca68a84671b9,d3e3ac77447dcc1c6a8b,1,False,pending
2dccbb15ca68a84671b9,f690152a7687eb90f3ff,1,False,pending
f6dd023a41beff394636,e293188fd8d0b4e993cd,1,False,pending
f6dd023a41beff394636,ba9071218fab79a55546,1,False,pending
f6dd023a41beff394636,608aad897a203d6db23c,1,False,pending
f6dd023a41beff394636,8a9b0118f749f46fee61,1,False,pending
f6dd023a41beff394636,3991432061a3cba6f7ce,2,False,pending
f6dd023a41beff394636,809e7de53a77ba6fe344,2,False,pending
f6dd023a41beff394636,d3e3ac77447dcc1c6a8b,1,False,pending
f6dd023a41beff394636,52c647ea2d0295eb3a97,0,False,pending
f6dd023a41beff394636,f690152a7687eb90f3ff,1,False,pending
6fa5969b1a5d2ad9c90a,e293188fd8d0b4e993cd,1,False,pending
6fa5969b1a5d2ad9c90a,ba9071218fab79a55546,1,False,pending
6fa5969b1a5d2ad9c90a,608aad897a203d6db23c,1,False,pending
6fa5969b1a5d2ad9c90a,8a9b0118f749f46fee61,1,False,pending
6fa5969b1a5d2ad9c90a,3991432061a3cba6f7ce,2,False,pending
6fa5969b1a5d2ad9c90a,809e7de53a77ba6fe344,2,False,pending
6fa5969b1a5d2ad9c90a,d3e3ac77447dcc1c6a8b,1,False,pending
6fa5969b1a5d2ad9c90a,52c647ea2d0295eb3a97,0,False,pending
6fa5969b1a5d2ad9c90a,f690152a7687eb90f3ff,1,False,pending
e293188fd8d0b4e993cd,5976b195b362cde699c5,4,False,pending
e293188fd8d0b4e993cd,95a9007e1e7bbf76dc5f,4,False,pending
e293188fd8d0b4e993cd,3c1055f5fd26457e04ed,4,False,pending
e293188fd8d0b4e993cd,7d3c342688228bd120ed,4,False,pending
e293188fd8d0b4e993cd,608aad897a203d6db23c,2,False,pending
e293188fd8d0b4e993cd,8a9b0118f749f46fee61,2,False,pending
e293188fd8d0b4e993cd,3991432061a3cba6f7ce,1,False,pending
e293188fd8d0b4e993cd,809e7de53a77ba6fe344,1,False,pending
e293188fd8d0b4e993cd,d3e3ac77447dcc1c6a8b,0,False,pending
e293188fd8d0b4e993cd,52c647ea2d0295eb3a97,1,False,pending
ba9071218fab79a55546,5976b195b362cde699c5,4,False,pending
ba9071218fab79a55546,95a9007e1e7bbf76dc5f,4,False,pending
ba9071218fab79a55546,3c1055f5fd26457e04ed,4,False,pending
ba9071218fab79a55546,7d3c342688228bd120ed,4,False,pending
ba9071218fab79a55546,608aad897a203d6db23c,2,False,pending
ba9071218fab79a55546,8a9b0118f749f46fee61,2,False,pending
ba9071218fab79a55546,3991432061a3cba6f7ce,1,False,pending
ba9071218fab79a55546,809e7de53a77ba6fe344,1,False,pending
ba9071218fab79a55546,d3e3ac77447dcc1c6a8b,0,False,pending
ba9071218fab79a55546,52c647ea2d0295eb3a97,1,False,pending
5976b195b362cde699c5,3991432061a3cba6f7ce,3,False,pending
5976b195b362cde699c5,809e7de53a77ba6fe344,3,False,pending
5976b195b362cde699c5,d3e3ac77447dcc1c6a8b,4,False,pending
5976b195b362cde699c5,f690152a7687eb90f3ff,4,False,pending
95a9007e1e7bbf76dc5f,3991432061a3cba6f7ce,3,False,pending
95a9007e1e7bbf76dc5f,809e7de53a77ba6fe344,3,False,pending
95a9007e1e7bbf76dc5f,d3e3ac77447dcc1c6a8b,4,False,pending
95a9007e1e7bbf76dc5f,f690152a7687eb90f3ff,4,False,pending
3c1055f5fd26457e04ed,3991432061a3cba6f7ce,3,False,pending
3c1055f5fd26457e04ed,809e7de53a77ba6fe344,3,False,pending
3c1055f5fd26457e04ed,d3e3ac77447dcc1c6a8b,4,False,pending
3c1055f5fd26457e04ed,f690152a7687eb90f3ff,4,False,pending
7d3c342688228bd120ed,3991432061a3cba6f7ce,3,False,pending
7d3c342688228bd120ed,809e7de53a77ba6fe344,3,False,pending
7d3c342688228bd120ed,d3e3ac77447dcc1c6a8b,4,False,pending
7d3c342688228bd120ed,f690152a7687eb90f3ff,4,False,pending
4e5882d28f6a44841eb0,ef52c68cd4a3e0b46aef,1,False,pending
c73f02b8a4e8de8691fa,ef52c68cd4a3e0b46aef,1,False,pending
de6c13cd8a98c3b5e390,7b3be3375979ba9ddb35,3,False,pending
de6c13cd8a98c3b5e390,31d5bbf0577e080701c1,3,False,pending
de6c13cd8a98c3b5e390,006e7051c0a7ac1c2564,3,False,pending
de6c13cd8a98c3b5e390,560aa50e3862072900af,3,False,pending
de6c13cd8a98c3b5e390,76347199ca8dd444cc69,4,False,pending
de6c13cd8a98c3b5e390,93956dd3b1c2fb5f209c,4,False,pending
de6c13cd8a98c3b5e390,627b72268edcee6ddf94,4,False,pending
de6c13cd8a98c3b5e390,fa54b4e92aed0a19e9bc,3,False,pending
de6c13cd8a98c3b5e390,7a8bc1feb9f9ad4abe03,3,False,pending
40de82b9111bd981a089,7b3be3375979ba9ddb35,3,False,pending
40de82b9111bd981a089,31d5bbf0577e080701c1,3,False,pending
40de82b9111bd981a089,006e7051c0a7ac1c2564,3,False,pending
40de82b9111bd981a089,560aa50e3862072900af,3,False,pending
40de82b9111bd981a089,76347199ca8dd444cc69,4,False,pending
40de82b9111bd981a089,93956dd3b1c2fb5f209c,4,False,pending
40de82b9111bd981a089,627b72268edcee6ddf94,4,False,pending
40de82b9111bd981a089,fa54b4e92aed0a19e9bc,3,False,pending
40de82b9111bd981a089,7a8bc1feb9f9ad4abe03,3,False,pending
f46a66bcb608197f276b,7b3be3375979ba9ddb35,3,False,pending
f46a66bcb608197f276b,31d5bbf0577e080701c1,3,False,pending
f46a66bcb608197f276b,006e7051c0a7ac1c2564,3,False,pending
f46a66bcb608197f276b,560aa50e3862072900af,3,False,pending
f46a66bcb608197f276b,76347199ca8dd444cc69,4,False,pending
f46a66bcb608197f276b,93956dd3b1c2fb5f209c,4,False,pending
f46a66bcb608197f276b,627b72268edcee6ddf94,4,False,pending
f46a66bcb608197f276b,fa54b4e92aed0a19e9bc,3,False,pending
f46a66bcb608197f276b,7a8bc1feb9f9ad4abe03,3,False,pending
7b3be3375979ba9ddb35,fa54b4e92aed0a19e9bc,4,False,pending
7b3be3375979ba9ddb35,7a8bc1feb9f9ad4abe03,4,False,pending
31d5bbf0577e080701c1,fa54b4e92aed0a19e9bc,4,False,pending
31d5bbf0577e080701c1,7a8bc1feb9f9ad4abe03,4,False,pending
006e7051c0a7ac1c2564,fa54b4e92aed0a19e9bc,4,False,pending
006e7051c0a7ac1c2564,7a8bc1feb9f9ad4abe03,4,False,pending
560aa50e3862072900af,fa54b4e92aed0a19e9bc,4,False,pending
560aa50e3862072900af,7a8bc1feb9f9ad4abe03,4,False,pending
76347199ca8dd444cc69,fa54b4e92aed0a19e9bc,1,False,pending
76347199ca8dd444cc69,7a8bc1feb9f9ad4abe03,1,False,pending
76347199ca8dd444cc69,28cef35b4848e9ee884b,3,False,pending
76347199ca8dd444cc69,8cc48f59fdd54b5692b3,3,False,pending
76347199ca8dd444cc69,9eab70dc812fd0bd0175,3,False,pending
76347199ca8dd444cc69,ef3d925b7d3d066bdbb3,3,False,pending
93956dd3b1c2fb5f209c,fa54b4e92aed0a19e9bc,1,False,pending
93956dd3b1c2fb5f209c,7a8bc1feb9f9ad4abe03,1,False,pending
93956dd3b1c2fb5f209c,28cef35b4848e9ee884b,3,False,pending
93956dd3b1c2fb5f209c,8cc48f59fdd54b5692b3,3,False,pending
93956dd3b1c2fb5f209c,9eab70dc812fd0bd0175,3,False,pending
93956dd3b1c2fb5f209c,ef3d925b7d3d066bdbb3,3,False,pending
627b72268edcee6ddf94,fa54b4e92aed0a19e9bc,1,False,pending
627b72268edcee6ddf94,7a8bc1feb9f9ad4abe03,1,False,pending
627b72268edcee6ddf94,28cef35b4848e9ee884b,3,False,pending
627b72268edcee6ddf94,8cc48f59fdd54b5692b3,3,False,pending
627b72268edcee6ddf94,9eab70dc812fd0bd0175,3,False,pending
627b72268edcee6ddf94,ef3d925b7d3d066bdbb3,3,False,pending
fa54b4e92aed0a19e9bc,28cef35b4848e9ee884b,4,False,pending
fa54b4e92aed0a19e9bc,8cc48f59fdd54b5692b3,4,False,pending
fa54b4e92aed0a19e9bc,9eab70dc812fd0bd0175,4,False,pending
fa54b4e92aed0a19e9bc,ef3d925b7d3d066bdbb3,4,False,pending
7a8bc1feb9f9ad4abe03,28cef35b4848e9ee884b,4,False,pending
7a8bc1feb9f9ad4abe03,8cc48f59fdd54b5692b3,4,False,pending
7a8bc1feb9f9ad4abe03,9eab70dc812fd0bd0175,4,False,pending
7a8bc1feb9f9ad4abe03,ef3d925b7d3d066bdbb3,4,False,pending
28cef35b4848e9ee884b,6c242ae94cd38e93fa71,4,False,pending
28cef35b4848e9ee884b,b86ed82d98590f5736ef,4,False,pending
8cc48f59fdd54b5692b3,6c242ae94cd38e93fa71,4,False,pending
8cc48f59fdd54b5692b3,b86ed82d98590f5736ef,4,False,pending
9eab70dc812fd0bd0175,6c242ae94cd38e93fa71,4,False,pending
9eab70dc812fd0bd0175,b86ed82d98590f5736ef,4,False,pending
ef3d925b7d3d066bdbb3,6c242ae94cd38e93fa71,4,False,pending
ef3d925b7d3d066bdbb3,b86ed82d98590f5736ef,4,False,pending
3bc7250626de123a9ecc,07d9f1b1e04e9a9e9449,0,False,pending
3bc7250626de123a9ecc,ee39d713fdc1db67747b,0,False,pending
3bc7250626de123a9ecc,0b7e3e28a95ea235fe6c,0,False,pending
3bc7250626de123a9ecc,9b3ad8d7f68f5c87c65a,1,False,pending
3bc7250626de123a9ecc,ed1ddb6b4bb6d8f893ba,1,False,pending
b7ee00b5510cb9251b6c,07d9f1b1e04e9a9e9449,0,False,pending
b7ee00b5510cb9251b6c,ee39d713fdc1db67747b,0,False,pending
b7ee00b5510cb9251b6c,0b7e3e28a95ea235fe6c,0,False,pending
b7ee00b5510cb9251b6c,9b3ad8d7f68f5c87c65a,1,False,pending
b7ee00b5510cb9251b6c,ed1ddb6b4bb6d8f893ba,1,False,pending
07d9f1b1e04e9a9e9449,9b3ad8d7f68f5c87c65a,1,False,pending
07d9f1b1e04e9a9e9449,aaf60e6ea4ea16114454,0,False,pending
07d9f1b1e04e9a9e9449,ed1ddb6b4bb6d8f893ba,1,False,pending
ee39d713fdc1db67747b,9b3ad8d7f68f5c87c65a,1,False,pending
ee39d713fdc1db67747b,aaf60e6ea4ea16114454,0,False,pending
ee39d713fdc1db67747b,ed1ddb6b4bb6d8f893ba,1,False,pending
0b7e3e28a95ea235fe6c,9b3ad8d7f68f5c87c65a,1,False,pending
0b7e3e28a95ea235fe6c,aaf60e6ea4ea16114454,0,False,pending
0b7e3e28a95ea235fe6c,ed1ddb6b4bb6d8f893ba,1,False,pending
9b3ad8d7f68f5c87c65a,1caf84f8d0a826d4e69f,4,False,pending
9b3ad8d7f68f5c87c65a,d9b93c260870adac44b4,4,False,pending
9b3ad8d7f68f5c87c65a,570a361870f617a872eb,4,False,pending
9b3ad8d7f68f5c87c65a,aaf60e6ea4ea16114454,1,False,pending
8ac5011dc42a22cd8715,26319d33aa13c8b2511a,4,False,pending
8ac5011dc42a22cd8715,7c10fc29b4b37e22ff5d,4,False,pending
8ac5011dc42a22cd8715,7e419d059b3c29de905f,4,False,pending
8ac5011dc42a22cd8715,a3a60bfc4d280dd7fa6a,4,False,pending
8ac5011dc42a22cd8715,e0c6a0d62c0357010449,4,False,pending
8ac5011dc42a22cd8715,57ece6052cb009ce34d3,4,False,pending
8ac5011dc42a22cd8715,4afb928ef68fded20d0f,4,False,pending
8ac5011dc42a22cd8715,61d78ce58476e4fae645,3,False,pending
8ac5011dc42a22cd8715,46b812dc1001b7d3b6e5,4,False,pending
8ac5011dc42a22cd8715,ae46c54df758a7a30ff0,4,False,pending
8ac5011dc42a22cd8715,234fecbf65b6c0dcebd3,2,False,pending
8ac5011dc42a22cd8715,7ad7ca9d7436bd407ef2,3,False,pending
8ac5011dc42a22cd8715,1b1f9723e7318bf841ac,3,False,pending
8ac5011dc42a22cd8715,7d83dc58278ebef8d3a3,3,False,pending
8ac5011dc42a22cd8715,f728f90e984d76c12ba9,3,False,pending
8ac5011dc42a22cd8715,1dbe06181cdd45414a9d,4,False,pending
8ac5011dc42a22cd8715,f8080a59db0763d5ba43,4,False,pending
8ac5011dc42a22cd8715,ca517e90209b74e234aa,3,False,pending
8ac5011dc42a22cd8715,2fe0e29226e48d98168f,3,False,pending
8ac5011dc42a22cd8715,9657778bc49c6cdb6612,3,False,pending
8ac5011dc42a22cd8715,5efa4cb81101b3e2b680,4,False,pending
8ac5011dc42a22cd8715,a9df733be3ca722f05b7,4,False,pending
8ac5011dc42a22cd8715,6b59312903ac971959e2,3,False,pending
8ac5011dc42a22cd8715,408baf4fbb17803fb3d6,3,False,pending
8ac5011dc42a22cd8715,f07c3f628a3be785edd9,3,False,pending
8ac5011dc42a22cd8715,3b22ca9b2517d576f22e,3,False,pending
8ac5011dc42a22cd8715,b94caabc4b10487bdec5,3,False,pending
8ac5011dc42a22cd8715,107768ca7825c509d025,4,False,pending
8ac5011dc42a22cd8715,7263cae6e898bc7f20a8,4,False,pending
8ac5011dc42a22cd8715,7dfa8a88e189555d71ca,4,False,pending
8ac5011dc42a22cd8715,b77776a9914b2542a475,4,False,pending
8ac5011dc42a22cd8715,a8381cf3831847e1b254,3,False,pending
8ac5011dc42a22cd8715,70bfcd6593828bddbc28,3,False,pending
8ac5011dc42a22cd8715,644b08ea92be7e5966f5,4,False,pending
8ac5011dc42a22cd8715,a9f2d079250f8ca533f2,4,False,pending
8ac5011dc42a22cd8715,3435b205cf2894c16d94,2,False,pending
8ac5011dc42a22cd8715,561e219f4507a73d9826,3,False,pending
8ac5011dc42a22cd8715,55fb626c9581efc07447,4,False,pending
8ac5011dc42a22cd8715,b8f70e59b3e6a470efd1,4,False,pending
8ac5011dc42a22cd8715,02637da2d1bec857f727,3,False,pending
8ac5011dc42a22cd8715,e7306963a8ec3a39a8c6,3,False,pending
c552c5efddd227aaf44e,26319d33aa13c8b2511a,4,False,pending
c552c5efddd227aaf44e,7c10fc29b4b37e22ff5d,4,False,pending
c552c5efddd227aaf44e,7e419d059b3c29de905f,4,False,pending
c552c5efddd227aaf44e,a3a60bfc4d280dd7fa6a,4,False,pending
c552c5efddd227aaf44e,e0c6a0d62c0357010449,4,False,pending
c552c5efddd227aaf44e,57ece6052cb009ce34d3,4,False,pending
c552c5efddd227aaf44e,4afb928ef68fded20d0f,4,False,pending
c552c5efddd227aaf44e,61d78ce58476e4fae645,3,False,pending
c552c5efddd227aaf44e,46b812dc1001b7d3b6e5,4,False,pending
c552c5efddd227aaf44e,ae46c54df758a7a30ff0,4,False,pending
c552c5efddd227aaf44e,234fecbf65b6c0dcebd3,2,False,pending
c552c5efddd227aaf44e,7ad7ca9d7436bd407ef2,3,False,pending
c552c5efddd227aaf44e,1b1f9723e7318bf841ac,3,False,pending
c552c5efddd227aaf44e,7d83dc58278ebef8d3a3,3,False,pending
c552c5efddd227aaf44e,f728f90e984d76c12ba9,3,False,pending
c552c5efddd227aaf44e,1dbe06181cdd45414a9d,4,False,pending
c552c5efddd227aaf44e,f8080a59db0763d5ba43,4,False,pending
c552c5efddd227aaf44e,ca517e90209b74e234aa,3,False,pending
c552c5efddd227aaf44e,2fe0e29226e48d98168f,3,False,pending
c552c5efddd227aaf44e,9657778bc49c6cdb6612,3,False,pending
c552c5efddd227aaf44e,5efa4cb81101b3e2b680,4,False,pending
c552c5efddd227aaf44e,a9df733be3ca722f05b7,4,False,pending
c552c5efddd227aaf44e,6b59312903ac971959e2,3,False,pending
c552c5efddd227aaf44e,408baf4fbb17803fb3d6,3,False,pending
c552c5efddd227aaf44e,f07c3f628a3be785edd9,3,False,pending
c552c5efddd227aaf44e,3b22ca9b2517d576f22e,3,False,pending
c552c5efddd227aaf44e,b94caabc4b10487bdec5,3,False,pending
c552c5efddd227aaf44e,107768ca7825c509d025,4,False,pending
c552c5efddd227aaf44e,7263cae6e898bc7f20a8,4,False,pending
c552c5efddd227aaf44e,7dfa8a88e189555d71ca,4,False,pending
c552c5efddd227aaf44e,b77776a9914b2542a475,4,False,pending
c552c5efddd227aaf44e,a8381cf3831847e1b254,3,False,pending
c552c5efddd227aaf44e,70bfcd6593828bddbc28,3,False,pending
c552c5efddd227aaf44e,644b08ea92be7e5966f5,4,False,pending
c552c5efddd227aaf44e,a9f2d079250f8ca533f2,4,False,pending
c552c5efddd227aaf44e,3435b205cf2894c16d94,2,False,pending
c552c5efddd227aaf44e,561e219f4507a73d9826,3,False,pending
c552c5efddd227aaf44e,55fb626c9581efc07447,4,False,pending
c552c5efddd227aaf44e,b8f70e59b3e6a470efd1,4,False,pending
c552c5efddd227aaf44e,02637da2d1bec857f727,3,False,pending
c552c5efddd227aaf44e,e7306963a8ec3a39a8c6,3,False,pending
db6325854b9a72c417a7,26319d33aa13c8b2511a,4,False,pending
db6325854b9a72c417a7,7c10fc29b4b37e22ff5d,4,False,pending
db6325854b9a72c417a7,7e419d059b3c29de905f,4,False,pending
db6325854b9a72c417a7,a3a60bfc4d280dd7fa6a,4,False,pending
db6325854b9a72c417a7,e0c6a0d62c0357010449,4,False,pending
db6325854b9a72c417a7,57ece6052cb009ce34d3,4,False,pending
db6325854b9a72c417a7,4afb928ef68fded20d0f,4,False,pending
db6325854b9a72c417a7,61d78ce58476e4fae645,3,False,pending
db6325854b9a72c417a7,46b812dc1001b7d3b6e5,4,False,pending
db6325854b9a72c417a7,ae46c54df758a7a30ff0,4,False,pending
db6325854b9a72c417a7,234fecbf65b6c0dcebd3,2,False,pending
db6325854b9a72c417a7,7ad7ca9d7436bd407ef2,3,False,pending
db6325854b9a72c417a7,1b1f9723e7318bf841ac,3,False,pending
db6325854b9a72c417a7,7d83dc58278ebef8d3a3,3,False,pending
db6325854b9a72c417a7,f728f90e984d76c12ba9,3,False,pending
db6325854b9a72c417a7,1dbe06181cdd45414a9d,4,False,pending
db6325854b9a72c417a7,f8080a59db0763d5ba43,4,False,pending
db6325854b9a72c417a7,ca517e90209b74e234aa,3,False,pending
db6325854b9a72c417a7,2fe0e29226e48d98168f,3,False,pending
db6325854b9a72c417a7,9657778bc49c6cdb6612,3,False,pending
db6325854b9a72c417a7,5efa4cb81101b3e2b680,4,False,pending
db6325854b9a72c417a7,a9df733be3ca722f05b7,4,False,pending
db6325854b9a72c417a7,6b59312903ac971959e2,3,False,pending
db6325854b9a72c417a7,408baf4fbb17803fb3d6,3,False,pending
db6325854b9a72c417a7,f07c3f628a3be785edd9,3,False,pending
db6325854b9a72c417a7,3b22ca9b2517d576f22e,3,False,pending
db6325854b9a72c417a7,b94caabc4b10487bdec5,3,False,pending
db6325854b9a72c417a7,107768ca7825c509d025,4,False,pending
db6325854b9a72c417a7,7263cae6e898bc7f20a8,4,False,pending
db6325854b9a72c417a7,7dfa8a88e189555d71ca,4,False,pending
db6325854b9a72c417a7,b77776a9914b2542a475,4,False,pending
db6325854b9a72c417a7,a8381cf3831847e1b254,3,False,pending
db6325854b9a72c417a7,70bfcd6593828bddbc28,3,False,pending
db6325854b9a72c417a7,644b08ea92be7e5966f5,4,False,pending
db6325854b9a72c417a7,a9f2d079250f8ca533f2,4,False,pending
db6325854b9a72c417a7,3435b205cf2894c16d94,2,False,pending
db6325854b9a72c417a7,561e219f4507a73d9826,3,False,pending
db6325854b9a72c417a7,55fb626c9581efc07447,4,False,pending
db6325854b9a72c417a7,b8f70e59b3e6a470efd1,4,False,pending
db6325854b9a72c417a7,02637da2d1bec857f727,3,False,pending
db6325854b9a72c417a7,e7306963a8ec3a39a8c6,3,False,pending
9bcf72c3050d2031be9e,d2dbbb10edb6b077f864,2,False,pending
9bcf72c3050d2031be9e,fb2e7e70a5e8cd44a334,2,False,pending
9bcf72c3050d2031be9e,44dc9afd16b232e8662f,2,False,pending
9bcf72c3050d2031be9e,e638fe81ea1b343418d9,2,False,pending
9bcf72c3050d2031be9e,cc6a38021ba9995d1b03,2,False,pending
9bcf72c3050d2031be9e,0d6f23c3ffc1e36a1110,0,False,pending
9bcf72c3050d2031be9e,034b0e622a1a8166159c,0,False,pending
9bcf72c3050d2031be9e,9a7f2a77b99ea9192a66,0,False,pending
9bcf72c3050d2031be9e,76bf77dfc66e5a9680e3,2,False,pending
1a5a96eeef1cabf78adf,d2dbbb10edb6b077f864,2,False,pending
1a5a96eeef1cabf78adf,fb2e7e70a5e8cd44a334,2,False,pending
1a5a96eeef1cabf78adf,44dc9afd16b232e8662f,2,False,pending
1a5a96eeef1cabf78adf,e638fe81ea1b343418d9,2,False,pending
1a5a96eeef1cabf78adf,cc6a38021ba9995d1b03,2,False,pending
1a5a96eeef1cabf78adf,0d6f23c3ffc1e36a1110,0,False,pending
1a5a96eeef1cabf78adf,034b0e622a1a8166159c,0,False,pending
1a5a96eeef1cabf78adf,9a7f2a77b99ea9192a66,0,False,pending
1a5a96eeef1cabf78adf,76bf77dfc66e5a9680e3,2,False,pending
fee25935758775a50edf,d2dbbb10edb6b077f864,2,False,pending
fee25935758775a50edf,fb2e7e70a5e8cd44a334,2,False,pending
fee25935758775a50edf,44dc9afd16b232e8662f,2,False,pending
fee25935758775a50edf,e638fe81ea1b343418d9,2,False,pending
fee25935758775a50edf,cc6a38021ba9995d1b03,2,False,pending
fee25935758775a50edf,0d6f23c3ffc1e36a1110,0,False,pending
fee25935758775a50edf,034b0e622a1a8166159c,0,False,pending
fee25935758775a50edf,9a7f2a77b99ea9192a66,0,False,pending
fee25935758775a50edf,76bf77dfc66e5a9680e3,2,False,pending
d2dbbb10edb6b077f864,e638fe81ea1b343418d9,4,False,pending
d2dbbb10edb6b077f864,cc6a38021ba9995d1b03,4,False,pending
d2dbbb10edb6b077f864,0d6f23c3ffc1e36a1110,2,False,pending
d2dbbb10edb6b077f864,034b0e622a1a8166159c,2,False,pending
d2dbbb10edb6b077f864,9a7f2a77b99ea9192a66,2,False,pending
d2dbbb10edb6b077f864,76bf77dfc66e5a9680e3,4,False,pending
fb2e7e70a5e8cd44a334,e638fe81ea1b343418d9,4,False,pending
fb2e7e70a5e8cd44a334,cc6a38021ba9995d1b03,4,False,pending
fb2e7e70a5e8cd44a334,0d6f23c3ffc1e36a1110,2,False,pending
fb2e7e70a5e8cd44a334,034b0e622a1a8166159c,2,False,pending
fb2e7e70a5e8cd44a334,9a7f2a77b99ea9192a66,2,False,pending
fb2e7e70a5e8cd44a334,76bf77dfc66e5a9680e3,4,False,pending
44dc9afd16b232e8662f,e638fe81ea1b343418d9,4,False,pending
44dc9afd16b232e8662f,cc6a38021ba9995d1b03,4,False,pending
44dc9afd16b232e8662f,0d6f23c3ffc1e36a1110,2,False,pending
44dc9afd16b232e8662f,034b0e622a1a8166159c,2,False,pending
44dc9afd16b232e8662f,9a7f2a77b99ea9192a66,2,False,pending
44dc9afd16b232e8662f,76bf77dfc66e5a9680e3,4,False,pending
e638fe81ea1b343418d9,0d6f23c3ffc1e36a1110,2,False,pending
e638fe81ea1b343418d9,034b0e622a1a8166159c,2,False,pending
e638fe81ea1b343418d9,9a7f2a77b99ea9192a66,2,False,pending
cc6a38021ba9995d1b03,0d6f23c3ffc1e36a1110,2,False,pending
cc6a38021ba9995d1b03,034b0e622a1a8166159c,2,False,pending
cc6a38021ba9995d1b03,9a7f2a77b99ea9192a66,2,False,pending
0d6f23c3ffc1e36a1110,76bf77dfc66e5a9680e3,2,False,pending
034b0e622a1a8166159c,76bf77dfc66e5a9680e3,2,False,pending
9a7f2a77b99ea9192a66,76bf77dfc66e5a9680e3,2,False,pending
1caf84f8d0a826d4e69f,ed1ddb6b4bb6d8f893ba,4,False,pending
d9b93c260870adac44b4,ed1ddb6b4bb6d8f893ba,4,False,pending
570a361870f617a872eb,ed1ddb6b4bb6d8f893ba,4,False,pending
ecf2ec505f9549842f57,4e729c11518d047c1be5,2,False,pending
ecf2ec505f9549842f57,2a644f83f1c1d72ec383,2,False,pending
ecf2ec505f9549842f57,c747c7d9ac6a7331842d,2,False,pending
ecf2ec505f9549842f57,26319d33aa13c8b2511a,3,False,pending
ecf2ec505f9549842f57,7c10fc29b4b37e22ff5d,3,False,pending
ecf2ec505f9549842f57,7e419d059b3c29de905f,3,False,pending
ecf2ec505f9549842f57,a3a60bfc4d280dd7fa6a,3,False,pending
ecf2ec505f9549842f57,e0c6a0d62c0357010449,3,False,pending
ecf2ec505f9549842f57,57ece6052cb009ce34d3,3,False,pending
ecf2ec505f9549842f57,4afb928ef68fded20d0f,3,False,pending
ecf2ec505f9549842f57,61d78ce58476e4fae645,2,False,pending
ecf2ec505f9549842f57,46b812dc1001b7d3b6e5,3,False,pending
ecf2ec505f9549842f57,ae46c54df758a7a30ff0,3,False,pending
ecf2ec505f9549842f57,234fecbf65b6c0dcebd3,3,False,pending
ecf2ec505f9549842f57,7ad7ca9d7436bd407ef2,4,False,pending
ecf2ec505f9549842f57,1b1f9723e7318bf841ac,4,False,pending
ecf2ec505f9549842f57,7d83dc58278ebef8d3a3,4,False,pending
ecf2ec505f9549842f57,f728f90e984d76c12ba9,4,False,pending
ecf2ec505f9549842f57,ca517e90209b74e234aa,4,False,pending
ecf2ec505f9549842f57,2fe0e29226e48d98168f,4,False,pending
ecf2ec505f9549842f57,9657778bc49c6cdb6612,4,False,pending
ecf2ec505f9549842f57,6b59312903ac971959e2,4,False,pending
ecf2ec505f9549842f57,408baf4fbb17803fb3d6,4,False,pending
ecf2ec505f9549842f57,f07c3f628a3be785edd9,4,False,pending
ecf2ec505f9549842f57,3b22ca9b2517d576f22e,4,False,pending
ecf2ec505f9549842f57,191754d258d36fefbe05,4,False,pending
ecf2ec505f9549842f57,3ee9ebe89dbac0ce6246,4,False,pending
ecf2ec505f9549842f57,e906d3346b0f8c3676f8,4,False,pending
ecf2ec505f9549842f57,ca031beab1a7fb2cd198,2,False,pending
ecf2ec505f9549842f57,c1027b69b773fd8abb77,2,False,pending
ecf2ec505f9549842f57,4b00fd3983cf5315bdd2,2,False,pending
ecf2ec505f9549842f57,c96e3bcc8986f4a0001a,2,False,pending
ecf2ec505f9549842f57,b94caabc4b10487bdec5,2,False,pending
ecf2ec505f9549842f57,107768ca7825c509d025,3,False,pending
ecf2ec505f9549842f57,7263cae6e898bc7f20a8,1,False,pending
ecf2ec505f9549842f57,05e8c1eee0399894908c,4,False,pending
ecf2ec505f9549842f57,593775773d3c5912b25e,4,False,pending
ecf2ec505f9549842f57,335603eeb8e00360812a,4,False,pending
ecf2ec505f9549842f57,1fc549a3f42c99dd7b4f,3,False,pending
ecf2ec505f9549842f57,7dfa8a88e189555d71ca,3,False,pending
ecf2ec505f9549842f57,b77776a9914b2542a475,3,False,pending
ecf2ec505f9549842f57,a8381cf3831847e1b254,2,False,pending
ecf2ec505f9549842f57,70bfcd6593828bddbc28,2,False,pending
ecf2ec505f9549842f57,644b08ea92be7e5966f5,3,False,pending
ecf2ec505f9549842f57,a9f2d079250f8ca533f2,3,False,pending
ecf2ec505f9549842f57,3435b205cf2894c16d94,3,False,pending
ecf2ec505f9549842f57,561e219f4507a73d9826,4,False,pending
ecf2ec505f9549842f57,02637da2d1bec857f727,4,False,pending
ecf2ec505f9549842f57,e7306963a8ec3a39a8c6,4,False,pending
3e2358dfe5ab88455987,4e729c11518d047c1be5,2,False,pending
3e2358dfe5ab88455987,2a644f83f1c1d72ec383,2,False,pending
3e2358dfe5ab88455987,c747c7d9ac6a7331842d,2,False,pending
3e2358dfe5ab88455987,26319d33aa13c8b2511a,3,False,pending
3e2358dfe5ab88455987,7c10fc29b4b37e22ff5d,3,False,pending
3e2358dfe5ab88455987,7e419d059b3c29de905f,3,False,pending
3e2358dfe5ab88455987,a3a60bfc4d280dd7fa6a,3,False,pending
3e2358dfe5ab88455987,e0c6a0d62c0357010449,3,False,pending
3e2358dfe5ab88455987,57ece6052cb009ce34d3,3,False,pending
3e2358dfe5ab88455987,4afb928ef68fded20d0f,3,False,pending
3e2358dfe5ab88455987,61d78ce58476e4fae645,2,False,pending
3e2358dfe5ab88455987,46b812dc1001b7d3b6e5,3,False,pending
3e2358dfe5ab88455987,ae46c54df758a7a30ff0,3,False,pending
3e2358dfe5ab88455987,234fecbf65b6c0dcebd3,3,False,pending
3e2358dfe5ab88455987,7ad7ca9d7436bd407ef2,4,False,pending
3e2358dfe5ab88455987,1b1f9723e7318bf841ac,4,False,pending
3e2358dfe5ab88455987,7d83dc58278ebef8d3a3,4,False,pending
3e2358dfe5ab88455987,f728f90e984d76c12ba9,4,False,pending
3e2358dfe5ab88455987,ca517e90209b74e234aa,4,False,pending
3e2358dfe5ab88455987,2fe0e29226e48d98168f,4,False,pending
3e2358dfe5ab88455987,9657778bc49c6cdb6612,4,False,pending
3e2358dfe5ab88455987,6b59312903ac971959e2,4,False,pending
3e2358dfe5ab88455987,408baf4fbb17803fb3d6,4,False,pending
3e2358dfe5ab88455987,f07c3f628a3be785edd9,4,False,pending
3e2358dfe5ab88455987,3b22ca9b2517d576f22e,4,False,pending
3e2358dfe5ab88455987,191754d258d36fefbe05,4,False,pending
3e2358dfe5ab88455987,3ee9ebe89dbac0ce6246,4,False,pending
3e2358dfe5ab88455987,e906d3346b0f8c3676f8,4,False,pending
3e2358dfe5ab88455987,ca031beab1a7fb2cd198,2,False,pending
3e2358dfe5ab88455987,c1027b69b773fd8abb77,2,False,pending
3e2358dfe5ab88455987,4b00fd3983cf5315bdd2,2,False,pending
3e2358dfe5ab88455987,c96e3bcc8986f4a0001a,2,False,pending
3e2358dfe5ab88455987,b94caabc4b10487bdec5,2,False,pending
3e2358dfe5ab88455987,107768ca7825c509d025,3,False,pending
3e2358dfe5ab88455987,7263cae6e898bc7f20a8,1,False,pending
3e2358dfe5ab88455987,05e8c1eee0399894908c,4,False,pending
3e2358dfe5ab88455987,593775773d3c5912b25e,4,False,pending
3e2358dfe5ab88455987,335603eeb8e00360812a,4,False,pending
3e2358dfe5ab88455987,1fc549a3f42c99dd7b4f,3,False,pending
3e2358dfe5ab88455987,7dfa8a88e189555d71ca,3,False,pending
3e2358dfe5ab88455987,b77776a9914b2542a475,3,False,pending
3e2358dfe5ab88455987,a8381cf3831847e1b254,2,False,pending
3e2358dfe5ab88455987,70bfcd6593828bddbc28,2,False,pending
3e2358dfe5ab88455987,644b08ea92be7e5966f5,3,False,pending
3e2358dfe5ab88455987,a9f2d079250f8ca533f2,3,False,pending
3e2358dfe5ab88455987,3435b205cf2894c16d94,3,False,pending
3e2358dfe5ab88455987,561e219f4507a73d9826,4,False,pending
3e2358dfe5ab88455987,02637da2d1bec857f727,4,False,pending
3e2358dfe5ab88455987,e7306963a8ec3a39a8c6,4,False,pending
4e729c11518d047c1be5,26319d33aa13c8b2511a,1,False,pending
4e729c11518d047c1be5,7c10fc29b4b37e22ff5d,1,False,pending
4e729c11518d047c1be5,7e419d059b3c29de905f,1,False,pending
4e729c11518d047c1be5,a3a60bfc4d280dd7fa6a,1,False,pending
4e729c11518d047c1be5,e0c6a0d62c0357010449,1,False,pending
4e729c11518d047c1be5,57ece6052cb009ce34d3,1,False,pending
4e729c11518d047c1be5,4afb928ef68fded20d0f,1,False,pending
4e729c11518d047c1be5,61d78ce58476e4fae645,2,False,pending
4e729c11518d047c1be5,46b812dc1001b7d3b6e5,3,False,pending
4e729c11518d047c1be5,ae46c54df758a7a30ff0,3,False,pending
4e729c11518d047c1be5,234fecbf65b6c0dcebd3,3,False,pending
4e729c11518d047c1be5,7ad7ca9d7436bd407ef2,4,False,pending
4e729c11518d047c1be5,1b1f9723e7318bf841ac,4,False,pending
4e729c11518d047c1be5,7d83dc58278ebef8d3a3,4,False,pending
4e729c11518d047c1be5,f728f90e984d76c12ba9,4,False,pending
4e729c11518d047c1be5,ca517e90209b74e234aa,4,False,pending
4e729c11518d047c1be5,2fe0e29226e48d98168f,4,False,pending
4e729c11518d047c1be5,9657778bc49c6cdb6612,4,False,pending
4e729c11518d047c1be5,6b59312903ac971959e2,4,False,pending
4e729c11518d047c1be5,408baf4fbb17803fb3d6,4,False,pending
4e729c11518d047c1be5,f07c3f628a3be785edd9,4,False,pending
4e729c11518d047c1be5,3b22ca9b2517d576f22e,4,False,pending
4e729c11518d047c1be5,191754d258d36fefbe05,4,False,pending
4e729c11518d047c1be5,3ee9ebe89dbac0ce6246,4,False,pending
4e729c11518d047c1be5,e906d3346b0f8c3676f8,4,False,pending
4e729c11518d047c1be5,ca031beab1a7fb2cd198,2,False,pending
4e729c11518d047c1be5,c1027b69b773fd8abb77,2,False,pending
4e729c11518d047c1be5,4b00fd3983cf5315bdd2,2,False,pending
4e729c11518d047c1be5,c96e3bcc8986f4a0001a,2,False,pending
4e729c11518d047c1be5,b94caabc4b10487bdec5,2,False,pending
4e729c11518d047c1be5,107768ca7825c509d025,3,False,pending
4e729c11518d047c1be5,7263cae6e898bc7f20a8,1,False,pending
4e729c11518d047c1be5,05e8c1eee0399894908c,4,False,pending
4e729c11518d047c1be5,593775773d3c5912b25e,4,False,pending
4e729c11518d047c1be5,335603eeb8e00360812a,4,False,pending
4e729c11518d047c1be5,1fc549a3f42c99dd7b4f,3,False,pending
4e729c11518d047c1be5,c263b10acbed7d9ce56e,2,False,pending
4e729c11518d047c1be5,7dfa8a88e189555d71ca,1,False,pending
4e729c11518d047c1be5,b77776a9914b2542a475,1,False,pending
4e729c11518d047c1be5,a8381cf3831847e1b254,2,False,pending
4e729c11518d047c1be5,70bfcd6593828bddbc28,2,False,pending
4e729c11518d047c1be5,644b08ea92be7e5966f5,3,False,pending
4e729c11518d047c1be5,a9f2d079250f8ca533f2,3,False,pending
4e729c11518d047c1be5,3435b205cf2894c16d94,3,False,pending
4e729c11518d047c1be5,561e219f4507a73d9826,4,False,pending
4e729c11518d047c1be5,02637da2d1bec857f727,4,False,pending
4e729c11518d047c1be5,e7306963a8ec3a39a8c6,4,False,pending
2a644f83f1c1d72ec383,26319d33aa13c8b2511a,1,False,pending
2a644f83f1c1d72ec383,7c10fc29b4b37e22ff5d,1,False,pending
2a644f83f1c1d72ec383,7e419d059b3c29de905f,1,False,pending
2a644f83f1c1d72ec383,a3a60bfc4d280dd7fa6a,1,False,pending
2a644f83f1c1d72ec383,e0c6a0d62c0357010449,1,False,pending
2a644f83f1c1d72ec383,57ece6052cb009ce34d3,1,False,pending
2a644f83f1c1d72ec383,4afb928ef68fded20d0f,1,False,pending
2a644f83f1c1d72ec383,61d78ce58476e4fae645,2,False,pending
2a644f83f1c1d72ec383,46b812dc1001b7d3b6e5,3,False,pending
2a644f83f1c1d72ec383,ae46c54df758a7a30ff0,3,False,pending
2a644f83f1c1d72ec383,234fecbf65b6c0dcebd3,3,False,pending
2a644f83f1c1d72ec383,7ad7ca9d7436bd407ef2,4,False,pending
2a644f83f1c1d72ec383,1b1f9723e7318bf841ac,4,False,pending
2a644f83f1c1d72ec383,7d83dc58278ebef8d3a3,4,False,pending
2a644f83f1c1d72ec383,f728f90e984d76c12ba9,4,False,pending
2a644f83f1c1d72ec383,ca517e90209b74e234aa,4,False,pending
2a644f83f1c1d72ec383,2fe0e29226e48d98168f,4,False,pending
2a644f83f1c1d72ec383,9657778bc49c6cdb6612,4,False,pending
2a644f83f1c1d72ec383,6b59312903ac971959e2,4,False,pending
2a644f83f1c1d72ec383,408baf4fbb17803fb3d6,4,False,pending
2a644f83f1c1d72ec383,f07c3f628a3be785edd9,4,False,pending
2a644f83f1c1d72ec383,3b22ca9b2517d576f22e,4,False,pending
2a644f83f1c1d72ec383,191754d258d36fefbe05,4,False,pending
2a644f83f1c1d72ec383,3ee9ebe89dbac0ce6246,4,False,pending
2a644f83f1c1d72ec383,e906d3346b0f8c3676f8,4,False,pending
2a644f83f1c1d72ec383,ca031beab1a7fb2cd198,2,False,pending
2a644f83f1c1d72ec383,c1027b69b773fd8abb77,2,False,pending
2a644f83f1c1d72ec383,4b00fd3983cf5315bdd2,2,False,pending
2a644f83f1c1d72ec383,c96e3bcc8986f4a0001a,2,False,pending
2a644f83f1c1d72ec383,b94caabc4b10487bdec5,2,False,pending
2a644f83f1c1d72ec383,107768ca7825c509d025,3,False,pending
2a644f83f1c1d72ec383,7263cae6e898bc7f20a8,1,False,pending
2a644f83f1c1d72ec383,05e8c1eee0399894908c,4,False,pending
2a644f83f1c1d72ec383,593775773d3c5912b25e,4,False,pending
2a644f83f1c1d72ec383,335603eeb8e00360812a,4,False,pending
2a644f83f1c1d72ec383,1fc549a3f42c99dd7b4f,3,False,pending
2a644f83f1c1d72ec383,c263b10acbed7d9ce56e,2,False,pending
2a644f83f1c1d72ec383,7dfa8a88e189555d71ca,1,False,pending
2a644f83f1c1d72ec383,b77776a9914b2542a475,1,False,pending
2a644f83f1c1d72ec383,a8381cf3831847e1b254,2,False,pending
2a644f83f1c1d72ec383,70bfcd6593828bddbc28,2,False,pending
2a644f83f1c1d72ec383,644b08ea92be7e5966f5,3,False,pending
2a644f83f1c1d72ec383,a9f2d079250f8ca533f2,3,False,pending
2a644f83f1c1d72ec383,3435b205cf2894c16d94,3,False,pending
2a644f83f1c1d72ec383,561e219f4507a73d9826,4,False,pending
2a644f83f1c1d72ec383,02637da2d1bec857f727,4,False,pending
2a644f83f1c1d72ec383,e7306963a8ec3a39a8c6,4,False,pending
c747c7d9ac6a7331842d,26319d33aa13c8b2511a,1,False,pending
c747c7d9ac6a7331842d,7c10fc29b4b37e22ff5d,1,False,pending
c747c7d9ac6a7331842d,7e419d059b3c29de905f,1,False,pending
c747c7d9ac6a7331842d,a3a60bfc4d280dd7fa6a,1,False,pending
c747c7d9ac6a7331842d,e0c6a0d62c0357010449,1,False,pending
c747c7d9ac6a7331842d,57ece6052cb009ce34d3,1,False,pending
c747c7d9ac6a7331842d,4afb928ef68fded20d0f,1,False,pending
c747c7d9ac6a7331842d,61d78ce58476e4fae645,2,False,pending
c747c7d9ac6a7331842d,46b812dc1001b7d3b6e5,3,False,pending
c747c7d9ac6a7331842d,ae46c54df758a7a30ff0,3,False,pending
c747c7d9ac6a7331842d,234fecbf65b6c0dcebd3,3,False,pending
c747c7d9ac6a7331842d,7ad7ca9d7436bd407ef2,4,False,pending
c747c7d9ac6a7331842d,1b1f9723e7318bf841ac,4,False,pending
c747c7d9ac6a7331842d,7d83dc58278ebef8d3a3,4,False,pending
c747c7d9ac6a7331842d,f728f90e984d76c12ba9,4,False,pending
c747c7d9ac6a7331842d,ca517e90209b74e234aa,4,False,pending
c747c7d9ac6a7331842d,2fe0e29226e48d98168f,4,False,pending
c747c7d9ac6a7331842d,9657778bc49c6cdb6612,4,False,pending
c747c7d9ac6a7331842d,6b59312903ac971959e2,4,False,pending
c747c7d9ac6a7331842d,408baf4fbb17803fb3d6,4,False,pending
c747c7d9ac6a7331842d,f07c3f628a3be785edd9,4,False,pending
c747c7d9ac6a7331842d,3b22ca9b2517d576f22e,4,False,pending
c747c7d9ac6a7331842d,191754d258d36fefbe05,4,False,pending
c747c7d9ac6a7331842d,3ee9ebe89dbac0ce6246,4,False,pending
c747c7d9ac6a7331842d,e906d3346b0f8c3676f8,4,False,pending
c747c7d9ac6a7331842d,ca031beab1a7fb2cd198,2,False,pending
c747c7d9ac6a7331842d,c1027b69b773fd8abb77,2,False,pending
c747c7d9ac6a7331842d,4b00fd3983cf5315bdd2,2,False,pending
c747c7d9ac6a7331842d,c96e3bcc8986f4a0001a,2,False,pending
c747c7d9ac6a7331842d,b94caabc4b10487bdec5,2,False,pending
c747c7d9ac6a7331842d,107768ca7825c509d025,3,False,pending
c747c7d9ac6a7331842d,7263cae6e898bc7f20a8,1,False,pending
c747c7d9ac6a7331842d,05e8c1eee0399894908c,4,False,pending
c747c7d9ac6a7331842d,593775773d3c5912b25e,4,False,pending
c747c7d9ac6a7331842d,335603eeb8e00360812a,4,False,pending
c747c7d9ac6a7331842d,1fc549a3f42c99dd7b4f,3,False,pending
c747c7d9ac6a7331842d,c263b10acbed7d9ce56e,2,False,pending
c747c7d9ac6a7331842d,7dfa8a88e189555d71ca,1,False,pending
c747c7d9ac6a7331842d,b77776a9914b2542a475,1,False,pending
c747c7d9ac6a7331842d,a8381cf3831847e1b254,2,False,pending
c747c7d9ac6a7331842d,70bfcd6593828bddbc28,2,False,pending
c747c7d9ac6a7331842d,644b08ea92be7e5966f5,3,False,pending
c747c7d9ac6a7331842d,a9f2d079250f8ca533f2,3,False,pending
c747c7d9ac6a7331842d,3435b205cf2894c16d94,3,False,pending
c747c7d9ac6a7331842d,561e219f4507a73d9826,4,False,pending
c747c7d9ac6a7331842d,02637da2d1bec857f727,4,False,pending
c747c7d9ac6a7331842d,e7306963a8ec3a39a8c6,4,False,pending
26319d33aa13c8b2511a,7e419d059b3c29de905f,0,False,pending
26319d33aa13c8b2511a,a3a60bfc4d280dd7fa6a,0,False,pending
26319d33aa13c8b2511a,e0c6a0d62c0357010449,0,False,pending
26319d33aa13c8b2511a,57ece6052cb009ce34d3,0,False,pending
26319d33aa13c8b2511a,4afb928ef68fded20d0f,0,False,pending
26319d33aa13c8b2511a,61d78ce58476e4fae645,3,False,pending
26319d33aa13c8b2511a,46b812dc1001b7d3b6e5,4,False,pending
26319d33aa13c8b2511a,ae46c54df758a7a30ff0,4,False,pending
26319d33aa13c8b2511a,234fecbf65b6c0dcebd3,2,False,pending
26319d33aa13c8b2511a,7ad7ca9d7436bd407ef2,3,False,pending
26319d33aa13c8b2511a,1b1f9723e7318bf841ac,3,False,pending
26319d33aa13c8b2511a,7d83dc58278ebef8d3a3,3,False,pending
26319d33aa13c8b2511a,f728f90e984d76c12ba9,3,False,pending
26319d33aa13c8b2511a,1dbe06181cdd45414a9d,4,False,pending
26319d33aa13c8b2511a,f8080a59db0763d5ba43,4,False,pending
26319d33aa13c8b2511a,ca517e90209b74e234aa,3,False,pending
26319d33aa13c8b2511a,2fe0e29226e48d98168f,3,False,pending
26319d33aa13c8b2511a,9657778bc49c6cdb6612,3,False,pending
26319d33aa13c8b2511a,5efa4cb81101b3e2b680,4,False,pending
26319d33aa13c8b2511a,a9df733be3ca722f05b7,4,False,pending
26319d33aa13c8b2511a,6b59312903ac971959e2,3,False,pending
26319d33aa13c8b2511a,408baf4fbb17803fb3d6,3,False,pending
26319d33aa13c8b2511a,f07c3f628a3be785edd9,3,False,pending
26319d33aa13c8b2511a,3b22ca9b2517d576f22e,3,False,pending
26319d33aa13c8b2511a,191754d258d36fefbe05,3,False,pending
26319d33aa13c8b2511a,3ee9ebe89dbac0ce6246,3,False,pending
26319d33aa13c8b2511a,e906d3346b0f8c3676f8,3,False,pending
26319d33aa13c8b2511a,0a139ca0315d6eae574d,4,False,pending
26319d33aa13c8b2511a,fdc891ef7b15f5953c56,4,False,pending
26319d33aa13c8b2511a,9b8b95815322d0a3ae79,4,False,pending
26319d33aa13c8b2511a,ca031beab1a7fb2cd198,3,False,pending
26319d33aa13c8b2511a,c1027b69b773fd8abb77,3,False,pending
26319d33aa13c8b2511a,4b00fd3983cf5315bdd2,3,False,pending
26319d33aa13c8b2511a,c96e3bcc8986f4a0001a,3,False,pending
26319d33aa13c8b2511a,b94caabc4b10487bdec5,1,False,pending
26319d33aa13c8b2511a,107768ca7825c509d025,2,False,pending
26319d33aa13c8b2511a,7263cae6e898bc7f20a8,2,False,pending
26319d33aa13c8b2511a,05e8c1eee0399894908c,3,False,pending
26319d33aa13c8b2511a,1fc549a3f42c99dd7b4f,4,False,pending
26319d33aa13c8b2511a,4ce09bb5dd2b2104683e,4,False,pending
26319d33aa13c8b2511a,c263b10acbed7d9ce56e,3,False,pending
26319d33aa13c8b2511a,b77776a9914b2542a475,0,False,pending
26319d33aa13c8b2511a,a8381cf3831847e1b254,1,False,pending
26319d33aa13c8b2511a,70bfcd6593828bddbc28,3,False,pending
26319d33aa13c8b2511a,644b08ea92be7e5966f5,4,False,pending
26319d33aa13c8b2511a,a9f2d079250f8ca533f2,4,False,pending
26319d33aa13c8b2511a,3435b205cf2894c16d94,2,False,pending
26319d33aa13c8b2511a,561e219f4507a73d9826,3,False,pending
26319d33aa13c8b2511a,55fb626c9581efc07447,4,False,pending
26319d33aa13c8b2511a,b8f70e59b3e6a470efd1,4,False,pending
26319d33aa13c8b2511a,02637da2d1bec857f727,3,False,pending
26319d33aa13c8b2511a,e7306963a8ec3a39a8c6,3,False,pending
7c10fc29b4b37e22ff5d,7e419d059b3c29de905f,0,False,pending
7c10fc29b4b37e22ff5d,a3a60bfc4d280dd7fa6a,0,False,pending
7c10fc29b4b37e22ff5d,e0c6a0d62c0357010449,0,False,pending
7c10fc29b4b37e22ff5d,57ece6052cb009ce34d3,0,False,pending
7c10fc29b4b37e22ff5d,4afb928ef68fded20d0f,0,False,pending
7c10fc29b4b37e22ff5d,61d78ce58476e4fae645,3,False,pending
7c10fc29b4b37e22ff5d,46b812dc1001b7d3b6e5,4,False,pending
7c10fc29b4b37e22ff5d,ae46c54df758a7a30ff0,4,False,pending
7c10fc29b4b37e22ff5d,234fecbf65b6c0dcebd3,2,False,pending
7c10fc29b4b37e22ff5d,7ad7ca9d7436bd407ef2,3,False,pending
7c10fc29b4b37e22ff5d,1b1f9723e7318bf841ac,3,False,pending
7c10fc29b4b37e22ff5d,7d83dc58278ebef8d3a3,3,False,pending
7c10fc29b4b37e22ff5d,f728f90e984d76c12ba9,3,False,pending
7c10fc29b4b37e22ff5d,1dbe06181cdd45414a9d,4,False,pending
7c10fc29b4b37e22ff5d,f8080a59db0763d5ba43,4,False,pending
7c10fc29b4b37e22ff5d,ca517e90209b74e234aa,3,False,pending
7c10fc29b4b37e22ff5d,2fe0e29226e48d98168f,3,False,pending
7c10fc29b4b37e22ff5d,9657778bc49c6cdb6612,3,False,pending
7c10fc29b4b37e22ff5d,5efa4cb81101b3e2b680,4,False,pending
7c10fc29b4b37e22ff5d,a9df733be3ca722f05b7,4,False,pending
7c10fc29b4b37e22ff5d,6b59312903ac971959e2,3,False,pending
7c10fc29b4b37e22ff5d,408baf4fbb17803fb3d6,3,False,pending
7c10fc29b4b37e22ff5d,f07c3f628a3be785edd9,3,False,pending
7c10fc29b4b37e22ff5d,3b22ca9b2517d576f22e,3,False,pending
7c10fc29b4b37e22ff5d,191754d258d36fefbe05,3,False,pending
7c10fc29b4b37e22ff5d,3ee9ebe89dbac0ce6246,3,False,pending
7c10fc29b4b37e22ff5d,e906d3346b0f8c3676f8,3,False,pending
7c10fc29b4b37e22ff5d,0a139ca0315d6eae574d,4,False,pending
7c10fc29b4b37e22ff5d,fdc891ef7b15f5953c56,4,False,pending
7c10fc29b4b37e22ff5d,9b8b95815322d0a3ae79,4,False,pending
7c10fc29b4b37e22ff5d,ca031beab1a7fb2cd198,3,False,pending
7c10fc29b4b37e22ff5d,c1027b69b773fd8abb77,3,False,pending
7c10fc29b4b37e22ff5d,4b00fd3983cf5315bdd2,3,False,pending
7c10fc29b4b37e22ff5d,c96e3bcc8986f4a0001a,3,False,pending
7c10fc29b4b37e22ff5d,b94caabc4b10487bdec5,1,False,pending
7c10fc29b4b37e22ff5d,107768ca7825c509d025,2,False,pending
7c10fc29b4b37e22ff5d,7263cae6e898bc7f20a8,2,False,pending
7c10fc29b4b37e22ff5d,05e8c1eee0399894908c,3,False,pending
7c10fc29b4b37e22ff5d,1fc549a3f42c99dd7b4f,4,False,pending
7c10fc29b4b37e22ff5d,4ce09bb5dd2b2104683e,4,False,pending
7c10fc29b4b37e22ff5d,c263b10acbed7d9ce56e,3,False,pending
7c10fc29b4b37e22ff5d,b77776a9914b2542a475,0,False,pending
7c10fc29b4b37e22ff5d,a8381cf3831847e1b254,1,False,pending
7c10fc29b4b37e22ff5d,70bfcd6593828bddbc28,3,False,pending
7c10fc29b4b37e22ff5d,644b08ea92be7e5966f5,4,False,pending
7c10fc29b4b37e22ff5d,a9f2d079250f8ca533f2,4,False,pending
7c10fc29b4b37e22ff5d,3435b205cf2894c16d94,2,False,pending
7c10fc29b4b37e22ff5d,561e219f4507a73d9826,3,False,pending
7c10fc29b4b37e22ff5d,55fb626c9581efc07447,4,False,pending
7c10fc29b4b37e22ff5d,b8f70e59b3e6a470efd1,4,False,pending
7c10fc29b4b37e22ff5d,02637da2d1bec857f727,3,False,pending
7c10fc29b4b37e22ff5d,e7306963a8ec3a39a8c6,3,False,pending
7e419d059b3c29de905f,e0c6a0d62c0357010449,0,False,pending
7e419d059b3c29de905f,57ece6052cb009ce34d3,0,False,pending
7e419d059b3c29de905f,4afb928ef68fded20d0f,0,False,pending
7e419d059b3c29de905f,61d78ce58476e4fae645,3,False,pending
7e419d059b3c29de905f,46b812dc1001b7d3b6e5,4,False,pending
7e419d059b3c29de905f,ae46c54df758a7a30ff0,4,False,pending
7e419d059b3c29de905f,234fecbf65b6c0dcebd3,2,False,pending
7e419d059b3c29de905f,7ad7ca9d7436bd407ef2,3,False,pending
7e419d059b3c29de905f,1b1f9723e7318bf841ac,3,False,pending
7e419d059b3c29de905f,7d83dc58278ebef8d3a3,3,False,pending
7e419d059b3c29de905f,f728f90e984d76c12ba9,3,False,pending
7e419d059b3c29de905f,1dbe06181cdd45414a9d,4,False,pending
7e419d059b3c29de905f,f8080a59db0763d5ba43,4,False,pending
7e419d059b3c29de905f,ca517e90209b74e234aa,3,False,pending
7e419d059b3c29de905f,2fe0e29226e48d98168f,3,False,pending
7e419d059b3c29de905f,9657778bc49c6cdb6612,3,False,pending
7e419d059b3c29de905f,5efa4cb81101b3e2b680,4,False,pending
7e419d059b3c29de905f,a9df733be3ca722f05b7,4,False,pending
7e419d059b3c29de905f,6b59312903ac971959e2,3,False,pending
7e419d059b3c29de905f,408baf4fbb17803fb3d6,3,False,pending
7e419d059b3c29de905f,f07c3f628a3be785edd9,3,False,pending
7e419d059b3c29de905f,3b22ca9b2517d576f22e,3,False,pending
7e419d059b3c29de905f,191754d258d36fefbe05,3,False,pending
7e419d059b3c29de905f,3ee9ebe89dbac0ce6246,3,False,pending
7e419d059b3c29de905f,e906d3346b0f8c3676f8,3,False,pending
7e419d059b3c29de905f,0a139ca0315d6eae574d,4,False,pending
7e419d059b3c29de905f,fdc891ef7b15f5953c56,4,False,pending
7e419d059b3c29de905f,9b8b95815322d0a3ae79,4,False,pending
7e419d059b3c29de905f,ca031beab1a7fb2cd198,3,False,pending
7e419d059b3c29de905f,c1027b69b773fd8abb77,3,False,pending
7e419d059b3c29de905f,4b00fd3983cf5315bdd2,3,False,pending
7e419d059b3c29de905f,c96e3bcc8986f4a0001a,3,False,pending
7e419d059b3c29de905f,b94caabc4b10487bdec5,1,False,pending
7e419d059b3c29de905f,107768ca7825c509d025,2,False,pending
7e419d059b3c29de905f,7263cae6e898bc7f20a8,2,False,pending
7e419d059b3c29de905f,05e8c1eee0399894908c,3,False,pending
7e419d059b3c29de905f,1fc549a3f42c99dd7b4f,4,False,pending
7e419d059b3c29de905f,4ce09bb5dd2b2104683e,4,False,pending
7e419d059b3c29de905f,c263b10acbed7d9ce56e,3,False,pending
7e419d059b3c29de905f,7dfa8a88e189555d71ca,0,False,pending
7e419d059b3c29de905f,a8381cf3831847e1b254,1,False,pending
7e419d059b3c29de905f,70bfcd6593828bddbc28,3,False,pending
7e419d059b3c29de905f,644b08ea92be7e5966f5,4,False,pending
7e419d059b3c29de905f,a9f2d079250f8ca533f2,4,False,pending
7e419d059b3c29de905f,3435b205cf2894c16d94,2,False,pending
7e419d059b3c29de905f,561e219f4507a73d9826,3,False,pending
7e419d059b3c29de905f,55fb626c9581efc07447,4,False,pending
7e419d059b3c29de905f,b8f70e59b3e6a470efd1,4,False,pending
7e419d059b3c29de905f,02637da2d1bec857f727,3,False,pending
7e419d059b3c29de905f,e7306963a8ec3a39a8c6,3,False,pending
a3a60bfc4d280dd7fa6a,e0c6a0d62c0357010449,0,False,pending
a3a60bfc4d280dd7fa6a,57ece6052cb009ce34d3,0,False,pending
a3a60bfc4d280dd7fa6a,4afb928ef68fded20d0f,0,False,pending
a3a60bfc4d280dd7fa6a,61d78ce58476e4fae645,3,False,pending
a3a60bfc4d280dd7fa6a,46b812dc1001b7d3b6e5,4,False,pending
a3a60bfc4d280dd7fa6a,ae46c54df758a7a30ff0,4,False,pending
a3a60bfc4d280dd7fa6a,234fecbf65b6c0dcebd3,2,False,pending
a3a60bfc4d280dd7fa6a,7ad7ca9d7436bd407ef2,3,False,pending
a3a60bfc4d280dd7fa6a,1b1f9723e7318bf841ac,3,False,pending
a3a60bfc4d280dd7fa6a,7d83dc58278ebef8d3a3,3,False,pending
a3a60bfc4d280dd7fa6a,f728f90e984d76c12ba9,3,False,pending
a3a60bfc4d280dd7fa6a,1dbe06181cdd45414a9d,4,False,pending
a3a60bfc4d280dd7fa6a,f8080a59db0763d5ba43,4,False,pending
a3a60bfc4d280dd7fa6a,ca517e90209b74e234aa,3,False,pending
a3a60bfc4d280dd7fa6a,2fe0e29226e48d98168f,3,False,pending
a3a60bfc4d280dd7fa6a,9657778bc49c6cdb6612,3,False,pending
a3a60bfc4d280dd7fa6a,5efa4cb81101b3e2b680,4,False,pending
a3a60bfc4d280dd7fa6a,a9df733be3ca722f05b7,4,False,pending
a3a60bfc4d280dd7fa6a,6b59312903ac971959e2,3,False,pending
a3a60bfc4d280dd7fa6a,408baf4fbb17803fb3d6,3,False,pending
a3a60bfc4d280dd7fa6a,f07c3f628a3be785edd9,3,False,pending
a3a60bfc4d280dd7fa6a,3b22ca9b2517d576f22e,3,False,pending
a3a60bfc4d280dd7fa6a,191754d258d36fefbe05,3,False,pending
a3a60bfc4d280dd7fa6a,3ee9ebe89dbac0ce6246,3,False,pending
a3a60bfc4d280dd7fa6a,e906d3346b0f8c3676f8,3,False,pending
a3a60bfc4d280dd7fa6a,0a139ca0315d6eae574d,4,False,pending
a3a60bfc4d280dd7fa6a,fdc891ef7b15f5953c56,4,False,pending
a3a60bfc4d280dd7fa6a,9b8b95815322d0a3ae79,4,False,pending
a3a60bfc4d280dd7fa6a,ca031beab1a7fb2cd198,3,False,pending
a3a60bfc4d280dd7fa6a,c1027b69b773fd8abb77,3,False,pending
a3a60bfc4d280dd7fa6a,4b00fd3983cf5315bdd2,3,False,pending
a3a60bfc4d280dd7fa6a,c96e3bcc8986f4a0001a,3,False,pending
a3a60bfc4d280dd7fa6a,b94caabc4b10487bdec5,1,False,pending
a3a60bfc4d280dd7fa6a,107768ca7825c509d025,2,False,pending
a3a60bfc4d280dd7fa6a,7263cae6e898bc7f20a8,2,False,pending
a3a60bfc4d280dd7fa6a,05e8c1eee0399894908c,3,False,pending
a3a60bfc4d280dd7fa6a,1fc549a3f42c99dd7b4f,4,False,pending
a3a60bfc4d280dd7fa6a,4ce09bb5dd2b2104683e,4,False,pending
a3a60bfc4d280dd7fa6a,c263b10acbed7d9ce56e,3,False,pending
a3a60bfc4d280dd7fa6a,7dfa8a88e189555d71ca,0,False,pending
a3a60bfc4d280dd7fa6a,a8381cf3831847e1b254,1,False,pending
a3a60bfc4d280dd7fa6a,70bfcd6593828bddbc28,3,False,pending
a3a60bfc4d280dd7fa6a,644b08ea92be7e5966f5,4,False,pending
a3a60bfc4d280dd7fa6a,a9f2d079250f8ca533f2,4,False,pending
a3a60bfc4d280dd7fa6a,3435b205cf2894c16d94,2,False,pending
a3a60bfc4d280dd7fa6a,561e219f4507a73d9826,3,False,pending
a3a60bfc4d280dd7fa6a,55fb626c9581efc07447,4,False,pending
a3a60bfc4d280dd7fa6a,b8f70e59b3e6a470efd1,4,False,pending
a3a60bfc4d280dd7fa6a,02637da2d1bec857f727,3,False,pending
a3a60bfc4d280dd7fa6a,e7306963a8ec3a39a8c6,3,False,pending
e0c6a0d62c0357010449,61d78ce58476e4fae645,3,False,pending
e0c6a0d62c0357010449,46b812dc1001b7d3b6e5,4,False,pending
e0c6a0d62c0357010449,ae46c54df758a7a30ff0,4,False,pending
e0c6a0d62c0357010449,234fecbf65b6c0dcebd3,2,False,pending
e0c6a0d62c0357010449,7ad7ca9d7436bd407ef2,3,False,pending
e0c6a0d62c0357010449,1b1f9723e7318bf841ac,3,False,pending
e0c6a0d62c0357010449,7d83dc58278ebef8d3a3,3,False,pending
e0c6a0d62c0357010449,f728f90e984d76c12ba9,3,False,pending
e0c6a0d62c0357010449,1dbe06181cdd45414a9d,4,False,pending
e0c6a0d62c0357010449,f8080a59db0763d5ba43,4,False,pending
e0c6a0d62c0357010449,ca517e90209b74e234aa,3,False,pending
e0c6a0d62c0357010449,2fe0e29226e48d98168f,3,False,pending
e0c6a0d62c0357010449,9657778bc49c6cdb6612,3,False,pending
e0c6a0d62c0357010449,5efa4cb81101b3e2b680,4,False,pending
e0c6a0d62c0357010449,a9df733be3ca722f05b7,4,False,pending
e0c6a0d62c0357010449,6b59312903ac971959e2,3,False,pending
e0c6a0d62c0357010449,408baf4fbb17803fb3d6,3,False,pending
e0c6a0d62c0357010449,f07c3f628a3be785edd9,3,False,pending
e0c6a0d62c0357010449,3b22ca9b2517d576f22e,3,False,pending
e0c6a0d62c0357010449,191754d258d36fefbe05,3,False,pending
e0c6a0d62c0357010449,3ee9ebe89dbac0ce6246,3,False,pending
e0c6a0d62c0357010449,e906d3346b0f8c3676f8,3,False,pending
e0c6a0d62c0357010449,0a139ca0315d6eae574d,4,False,pending
e0c6a0d62c0357010449,fdc891ef7b15f5953c56,4,False,pending
e0c6a0d62c0357010449,9b8b95815322d0a3ae79,4,False,pending
e0c6a0d62c0357010449,ca031beab1a7fb2cd198,3,False,pending
e0c6a0d62c0357010449,c1027b69b773fd8abb77,3,False,pending
e0c6a0d62c0357010449,4b00fd3983cf5315bdd2,3,False,pending
e0c6a0d62c0357010449,c96e3bcc8986f4a0001a,3,False,pending
e0c6a0d62c0357010449,b94caabc4b10487bdec5,1,False,pending
e0c6a0d62c0357010449,107768ca7825c509d025,2,False,pending
e0c6a0d62c0357010449,7263cae6e898bc7f20a8,2,False,pending
e0c6a0d62c0357010449,05e8c1eee0399894908c,3,False,pending
e0c6a0d62c0357010449,1fc549a3f42c99dd7b4f,4,False,pending
e0c6a0d62c0357010449,4ce09bb5dd2b2104683e,4,False,pending
e0c6a0d62c0357010449,c263b10acbed7d9ce56e,3,False,pending
e0c6a0d62c0357010449,7dfa8a88e189555d71ca,0,False,pending
e0c6a0d62c0357010449,b77776a9914b2542a475,0,False,pending
e0c6a0d62c0357010449,a8381cf3831847e1b254,1,False,pending
e0c6a0d62c0357010449,70bfcd6593828bddbc28,3,False,pending
e0c6a0d62c0357010449,644b08ea92be7e5966f5,4,False,pending
e0c6a0d62c0357010449,a9f2d079250f8ca533f2,4,False,pending
e0c6a0d62c0357010449,3435b205cf2894c16d94,2,False,pending
e0c6a0d62c0357010449,561e219f4507a73d9826,3,False,pending
e0c6a0d62c0357010449,55fb626c9581efc07447,4,False,pending
e0c6a0d62c0357010449,b8f70e59b3e6a470efd1,4,False,pending
e0c6a0d62c0357010449,02637da2d1bec857f727,3,False,pending
e0c6a0d62c0357010449,e7306963a8ec3a39a8c6,3,False,pending
57ece6052cb009ce34d3,61d78ce58476e4fae645,3,False,pending
57ece6052cb009ce34d3,46b812dc1001b7d3b6e5,4,False,pending
57ece6052cb009ce34d3,ae46c54df758a7a30ff0,4,False,pending
57ece6052cb009ce34d3,234fecbf65b6c0dcebd3,2,False,pending
57ece6052cb009ce34d3,7ad7ca9d7436bd407ef2,3,False,pending
57ece6052cb009ce34d3,1b1f9723e7318bf841ac,3,False,pending
57ece6052cb009ce34d3,7d83dc58278ebef8d3a3,3,False,pending
57ece6052cb009ce34d3,f728f90e984d76c12ba9,3,False,pending
57ece6052cb009ce34d3,1dbe06181cdd45414a9d,4,False,pending
57ece6052cb009ce34d3,f8080a59db0763d5ba43,4,False,pending
57ece6052cb009ce34d3,ca517e90209b74e234aa,3,False,pending
57ece6052cb009ce34d3,2fe0e29226e48d98168f,3,False,pending
57ece6052cb009ce34d3,9657778bc49c6cdb6612,3,False,pending
57ece6052cb009ce34d3,5efa4cb81101b3e2b680,4,False,pending
57ece6052cb009ce34d3,a9df733be3ca722f05b7,4,False,pending
57ece6052cb009ce34d3,6b59312903ac971959e2,3,False,pending
57ece6052cb009ce34d3,408baf4fbb17803fb3d6,3,False,pending
57ece6052cb009ce34d3,f07c3f628a3be785edd9,3,False,pending
57ece6052cb009ce34d3,3b22ca9b2517d576f22e,3,False,pending
57ece6052cb009ce34d3,191754d258d36fefbe05,3,False,pending
57ece6052cb009ce34d3,3ee9ebe89dbac0ce6246,3,False,pending
57ece6052cb009ce34d3,e906d3346b0f8c3676f8,3,False,pending
57ece6052cb009ce34d3,0a139ca0315d6eae574d,4,False,pending
57ece6052cb009ce34d3,fdc891ef7b15f5953c56,4,False,pending
57ece6052cb009ce34d3,9b8b95815322d0a3ae79,4,False,pending
57ece6052cb009ce34d3,ca031beab1a7fb2cd198,3,False,pending
57ece6052cb009ce34d3,c1027b69b773fd8abb77,3,False,pending
57ece6052cb009ce34d3,4b00fd3983cf5315bdd2,3,False,pending
57ece6052cb009ce34d3,c96e3bcc8986f4a0001a,3,False,pending
57ece6052cb009ce34d3,b94caabc4b10487bdec5,1,False,pending
57ece6052cb009ce34d3,107768ca7825c509d025,2,False,pending
57ece6052cb009ce34d3,7263cae6e898bc7f20a8,2,False,pending
57ece6052cb009ce34d3,05e8c1eee0399894908c,3,False,pending
57ece6052cb009ce34d3,1fc549a3f42c99dd7b4f,4,False,pending
57ece6052cb009ce34d3,4ce09bb5dd2b2104683e,4,False,pending
57ece6052cb009ce34d3,c263b10acbed7d9ce56e,3,False,pending
57ece6052cb009ce34d3,7dfa8a88e189555d71ca,0,False,pending
57ece6052cb009ce34d3,b77776a9914b2542a475,0,False,pending
57ece6052cb009ce34d3,a8381cf3831847e1b254,1,False,pending
57ece6052cb009ce34d3,70bfcd6593828bddbc28,3,False,pending
57ece6052cb009ce34d3,644b08ea92be7e5966f5,4,False,pending
57ece6052cb009ce34d3,a9f2d079250f8ca533f2,4,False,pending
57ece6052cb009ce34d3,3435b205cf2894c16d94,2,False,pending
57ece6052cb009ce34d3,561e219f4507a73d9826,3,False,pending
57ece6052cb009ce34d3,55fb626c9581efc07447,4,False,pending
57ece6052cb009ce34d3,b8f70e59b3e6a470efd1,4,False,pending
57ece6052cb009ce34d3,02637da2d1bec857f727,3,False,pending
57ece6052cb009ce34d3,e7306963a8ec3a39a8c6,3,False,pending
4afb928ef68fded20d0f,61d78ce58476e4fae645,3,False,pending
4afb928ef68fded20d0f,46b812dc1001b7d3b6e5,4,False,pending
4afb928ef68fded20d0f,ae46c54df758a7a30ff0,4,False,pending
4afb928ef68fded20d0f,234fecbf65b6c0dcebd3,2,False,pending
4afb928ef68fded20d0f,7ad7ca9d7436bd407ef2,3,False,pending
4afb928ef68fded20d0f,1b1f9723e7318bf841ac,3,False,pending
4afb928ef68fded20d0f,7d83dc58278ebef8d3a3,3,False,pending
4afb928ef68fded20d0f,f728f90e984d76c12ba9,3,False,pending
4afb928ef68fded20d0f,1dbe06181cdd45414a9d,4,False,pending
4afb928ef68fded20d0f,f8080a59db0763d5ba43,4,False,pending
4afb928ef68fded20d0f,ca517e90209b74e234aa,3,False,pending
4afb928ef68fded20d0f,2fe0e29226e48d98168f,3,False,pending
4afb928ef68fded20d0f,9657778bc49c6cdb6612,3,False,pending
4afb928ef68fded20d0f,5efa4cb81101b3e2b680,4,False,pending
4afb928ef68fded20d0f,a9df733be3ca722f05b7,4,False,pending
4afb928ef68fded20d0f,6b59312903ac971959e2,3,False,pending
4afb928ef68fded20d0f,408baf4fbb17803fb3d6,3,False,pending
4afb928ef68fded20d0f,f07c3f628a3be785edd9,3,False,pending
4afb928ef68fded20d0f,3b22ca9b2517d576f22e,3,False,pending
4afb928ef68fded20d0f,191754d258d36fefbe05,3,False,pending
4afb928ef68fded20d0f,3ee9ebe89dbac0ce6246,3,False,pending
4afb928ef68fded20d0f,e906d3346b0f8c3676f8,3,False,pending
4afb928ef68fded20d0f,0a139ca0315d6eae574d,4,False,pending
4afb928ef68fded20d0f,fdc891ef7b15f5953c56,4,False,pending
4afb928ef68fded20d0f,9b8b95815322d0a3ae79,4,False,pending
4afb928ef68fded20d0f,ca031beab1a7fb2cd198,3,False,pending
4afb928ef68fded20d0f,c1027b69b773fd8abb77,3,False,pending
4afb928ef68fded20d0f,4b00fd3983cf5315bdd2,3,False,pending
4afb928ef68fded20d0f,c96e3bcc8986f4a0001a,3,False,pending
4afb928ef68fded20d0f,b94caabc4b10487bdec5,1,False,pending
4afb928ef68fded20d0f,107768ca7825c509d025,2,False,pending
4afb928ef68fded20d0f,7263cae6e898bc7f20a8,2,False,pending
4afb928ef68fded20d0f,05e8c1eee0399894908c,3,False,pending
4afb928ef68fded20d0f,1fc549a3f42c99dd7b4f,4,False,pending
4afb928ef68fded20d0f,4ce09bb5dd2b2104683e,4,False,pending
4afb928ef68fded20d0f,c263b10acbed7d9ce56e,3,False,pending
4afb928ef68fded20d0f,7dfa8a88e189555d71ca,0,False,pending
4afb928ef68fded20d0f,b77776a9914b2542a475,0,False,pending
4afb928ef68fded20d0f,a8381cf3831847e1b254,1,False,pending
4afb928ef68fded20d0f,70bfcd6593828bddbc28,3,False,pending
4afb928ef68fded20d0f,644b08ea92be7e5966f5,4,False,pending
4afb928ef68fded20d0f,a9f2d079250f8ca533f2,4,False,pending
4afb928ef68fded20d0f,3435b205cf2894c16d94,2,False,pending
4afb928ef68fded20d0f,561e219f4507a73d9826,3,False,pending
4afb928ef68fded20d0f,55fb626c9581efc07447,4,False,pending
4afb928ef68fded20d0f,b8f70e59b3e6a470efd1,4,False,pending
4afb928ef68fded20d0f,02637da2d1bec857f727,3,False,pending
4afb928ef68fded20d0f,e7306963a8ec3a39a8c6,3,False,pending
b8e845c3343646ebb03c,d99f2e06ed1906ab3421,0,False,pending
b8e845c3343646ebb03c,a388eb54d09d4d59e49b,0,False,pending
b8e845c3343646ebb03c,d99142aff91fb57e8895,2,False,pending
b8e845c3343646ebb03c,7d992a3477105c7f1d59,3,False,pending
b8e845c3343646ebb03c,738cf7d623aa270d6904,3,False,pending
b8e845c3343646ebb03c,65f8c461b9d8fac3fef9,3,False,pending
b8e845c3343646ebb03c,e678c12829b37d617944,3,False,pending
b8e845c3343646ebb03c,a242668fa4b35955d500,3,False,pending
b8e845c3343646ebb03c,eb2076680a913b9d11dc,3,False,pending
b8e845c3343646ebb03c,445348984d78b1a03c57,2,False,pending
b8e845c3343646ebb03c,b36ee4cdb9b42885241d,2,False,pending
b8e845c3343646ebb03c,1a48a408851dab6540de,2,False,pending
b8e845c3343646ebb03c,d7578bc0a9ca62383e56,3,False,pending
b8e845c3343646ebb03c,ad92397dcbd78e14b658,2,False,pending
7a391bf792f7844fa776,d99f2e06ed1906ab3421,0,False,pending
7a391bf792f7844fa776,a388eb54d09d4d59e49b,0,False,pending
7a391bf792f7844fa776,d99142aff91fb57e8895,2,False,pending
7a391bf792f7844fa776,7d992a3477105c7f1d59,3,False,pending
7a391bf792f7844fa776,738cf7d623aa270d6904,3,False,pending
7a391bf792f7844fa776,65f8c461b9d8fac3fef9,3,False,pending
7a391bf792f7844fa776,e678c12829b37d617944,3,False,pending
7a391bf792f7844fa776,a242668fa4b35955d500,3,False,pending
7a391bf792f7844fa776,eb2076680a913b9d11dc,3,False,pending
7a391bf792f7844fa776,445348984d78b1a03c57,2,False,pending
7a391bf792f7844fa776,b36ee4cdb9b42885241d,2,False,pending
7a391bf792f7844fa776,1a48a408851dab6540de,2,False,pending
7a391bf792f7844fa776,d7578bc0a9ca62383e56,3,False,pending
7a391bf792f7844fa776,ad92397dcbd78e14b658,2,False,pending
d99f2e06ed1906ab3421,d99142aff91fb57e8895,2,False,pending
d99f2e06ed1906ab3421,7d992a3477105c7f1d59,3,False,pending
d99f2e06ed1906ab3421,738cf7d623aa270d6904,3,False,pending
d99f2e06ed1906ab3421,65f8c461b9d8fac3fef9,3,False,pending
d99f2e06ed1906ab3421,e678c12829b37d617944,3,False,pending
d99f2e06ed1906ab3421,a242668fa4b35955d500,3,False,pending
d99f2e06ed1906ab3421,eb2076680a913b9d11dc,3,False,pending
d99f2e06ed1906ab3421,445348984d78b1a03c57,2,False,pending
d99f2e06ed1906ab3421,b36ee4cdb9b42885241d,2,False,pending
d99f2e06ed1906ab3421,125c057295824f0369c7,0,False,pending
d99f2e06ed1906ab3421,1a48a408851dab6540de,2,False,pending
d99f2e06ed1906ab3421,d7578bc0a9ca62383e56,3,False,pending
d99f2e06ed1906ab3421,ad92397dcbd78e14b658,2,False,pending
a388eb54d09d4d59e49b,d99142aff91fb57e8895,2,False,pending
a388eb54d09d4d59e49b,7d992a3477105c7f1d59,3,False,pending
a388eb54d09d4d59e49b,738cf7d623aa270d6904,3,False,pending
a388eb54d09d4d59e49b,65f8c461b9d8fac3fef9,3,False,pending
a388eb54d09d4d59e49b,e678c12829b37d617944,3,False,pending
a388eb54d09d4d59e49b,a242668fa4b35955d500,3,False,pending
a388eb54d09d4d59e49b,eb2076680a913b9d11dc,3,False,pending
a388eb54d09d4d59e49b,445348984d78b1a03c57,2,False,pending
a388eb54d09d4d59e49b,b36ee4cdb9b42885241d,2,False,pending
a388eb54d09d4d59e49b,125c057295824f0369c7,0,False,pending
a388eb54d09d4d59e49b,1a48a408851dab6540de,2,False,pending
a388eb54d09d4d59e49b,d7578bc0a9ca62383e56,3,False,pending
a388eb54d09d4d59e49b,ad92397dcbd78e14b658,2,False,pending
d99142aff91fb57e8895,7d992a3477105c7f1d59,3,False,pending
d99142aff91fb57e8895,738cf7d623aa270d6904,3,False,pending
d99142aff91fb57e8895,65f8c461b9d8fac3fef9,3,False,pending
d99142aff91fb57e8895,e678c12829b37d617944,3,False,pending
d99142aff91fb57e8895,445348984d78b1a03c57,4,False,pending
d99142aff91fb57e8895,b36ee4cdb9b42885241d,4,False,pending
d99142aff91fb57e8895,125c057295824f0369c7,2,False,pending
d99142aff91fb57e8895,d7578bc0a9ca62383e56,3,False,pending
d99142aff91fb57e8895,ad92397dcbd78e14b658,4,False,pending
7d992a3477105c7f1d59,65f8c461b9d8fac3fef9,4,False,pending
7d992a3477105c7f1d59,e678c12829b37d617944,4,False,pending
7d992a3477105c7f1d59,a242668fa4b35955d500,4,False,pending
7d992a3477105c7f1d59,eb2076680a913b9d11dc,4,False,pending
7d992a3477105c7f1d59,125c057295824f0369c7,3,False,pending
7d992a3477105c7f1d59,1a48a408851dab6540de,3,False,pending
738cf7d623aa270d6904,65f8c461b9d8fac3fef9,4,False,pending
738cf7d623aa270d6904,e678c12829b37d617944,4,False,pending
738cf7d623aa270d6904,a242668fa4b35955d500,4,False,pending
738cf7d623aa270d6904,eb2076680a913b9d11dc,4,False,pending
738cf7d623aa270d6904,125c057295824f0369c7,3,False,pending
738cf7d623aa270d6904,1a48a408851dab6540de,3,False,pending
65f8c461b9d8fac3fef9,a242668fa4b35955d500,2,False,pending
65f8c461b9d8fac3fef9,eb2076680a913b9d11dc,2,False,pending
65f8c461b9d8fac3fef9,445348984d78b1a03c57,1,False,pending
65f8c461b9d8fac3fef9,b36ee4cdb9b42885241d,1,False,pending
65f8c461b9d8fac3fef9,125c057295824f0369c7,3,False,pending
65f8c461b9d8fac3fef9,1a48a408851dab6540de,3,False,pending
65f8c461b9d8fac3fef9,d7578bc0a9ca62383e56,4,False,pending
65f8c461b9d8fac3fef9,ad92397dcbd78e14b658,1,False,pending
e678c12829b37d617944,a242668fa4b35955d500,2,False,pending
e678c12829b37d617944,eb2076680a913b9d11dc,2,False,pending
e678c12829b37d617944,445348984d78b1a03c57,1,False,pending
e678c12829b37d617944,b36ee4cdb9b42885241d,1,False,pending
e678c12829b37d617944,125c057295824f0369c7,3,False,pending
e678c12829b37d617944,1a48a408851dab6540de,3,False,pending
e678c12829b37d617944,d7578bc0a9ca62383e56,4,False,pending
e678c12829b37d617944,ad92397dcbd78e14b658,1,False,pending
a242668fa4b35955d500,445348984d78b1a03c57,1,False,pending
a242668fa4b35955d500,b36ee4cdb9b42885241d,1,False,pending
a242668fa4b35955d500,125c057295824f0369c7,3,False,pending
a242668fa4b35955d500,d7578bc0a9ca62383e56,4,False,pending
a242668fa4b35955d500,ad92397dcbd78e14b658,1,False,pending
eb2076680a913b9d11dc,445348984d78b1a03c57,1,False,pending
eb2076680a913b9d11dc,b36ee4cdb9b42885241d,1,False,pending
eb2076680a913b9d11dc,125c057295824f0369c7,3,False,pending
eb2076680a913b9d11dc,d7578bc0a9ca62383e56,4,False,pending
eb2076680a913b9d11dc,ad92397dcbd78e14b658,1,False,pending
445348984d78b1a03c57,125c057295824f0369c7,2,False,pending
445348984d78b1a03c57,1a48a408851dab6540de,4,False,pending
b36ee4cdb9b42885241d,125c057295824f0369c7,2,False,pending
b36ee4cdb9b42885241d,1a48a408851dab6540de,4,False,pending
0610ddc544dc39a6b680,69c3b15e74f73d0f8610,2,False,pending
0610ddc544dc39a6b680,33407514499043613d76,2,False,pending
0610ddc544dc39a6b680,0affef552707c3161889,4,False,pending
0610ddc544dc39a6b680,abd6968d49eea2f56cd8,2,False,pending
0610ddc544dc39a6b680,857566217e24ff555b26,2,False,pending
0610ddc544dc39a6b680,b0e5850cafbe863cbe1f,2,False,pending
0610ddc544dc39a6b680,5115bea0a1e4942e2507,1,False,pending
0610ddc544dc39a6b680,e26fe59dc76d545b9cd6,1,False,pending
0610ddc544dc39a6b680,81527831fb7ffe35f184,1,False,pending
0610ddc544dc39a6b680,081708c9e20a1045d0f6,2,False,pending
0610ddc544dc39a6b680,1c10f51d2607f5b5f8dd,2,False,pending
0610ddc544dc39a6b680,afd960727b21ca9e53bb,2,False,pending
0610ddc544dc39a6b680,630cd336404a4cd44e54,2,False,pending
0610ddc544dc39a6b680,2680fdc51c799c18fe71,2,False,pending
0610ddc544dc39a6b680,607266a24860331a208e,2,False,pending
0610ddc544dc39a6b680,974a13efce9381e1b3c2,2,False,pending
0610ddc544dc39a6b680,7ea8f449f427df103512,4,False,pending
0610ddc544dc39a6b680,a1284abf4f7f09fec6d3,1,False,pending
8b4fec3fc27a918309d1,69c3b15e74f73d0f8610,2,False,pending
8b4fec3fc27a918309d1,33407514499043613d76,2,False,pending
8b4fec3fc27a918309d1,0affef552707c3161889,4,False,pending
8b4fec3fc27a918309d1,abd6968d49eea2f56cd8,2,False,pending
8b4fec3fc27a918309d1,857566217e24ff555b26,2,False,pending
8b4fec3fc27a918309d1,b0e5850cafbe863cbe1f,2,False,pending
8b4fec3fc27a918309d1,5115bea0a1e4942e2507,1,False,pending
8b4fec3fc27a918309d1,e26fe59dc76d545b9cd6,1,False,pending
8b4fec3fc27a918309d1,81527831fb7ffe35f184,1,False,pending
8b4fec3fc27a918309d1,081708c9e20a1045d0f6,2,False,pending
8b4fec3fc27a918309d1,1c10f51d2607f5b5f8dd,2,False,pending
8b4fec3fc27a918309d1,afd960727b21ca9e53bb,2,False,pending
8b4fec3fc27a918309d1,630cd336404a4cd44e54,2,False,pending
8b4fec3fc27a918309d1,2680fdc51c799c18fe71,2,False,pending
8b4fec3fc27a918309d1,607266a24860331a208e,2,False,pending
8b4fec3fc27a918309d1,974a13efce9381e1b3c2,2,False,pending
8b4fec3fc27a918309d1,7ea8f449f427df103512,4,False,pending
8b4fec3fc27a918309d1,a1284abf4f7f09fec6d3,1,False,pending
69c3b15e74f73d0f8610,92c9d668d4ca42db4020,3,False,pending
69c3b15e74f73d0f8610,4820f0f3352c77b6b45f,3,False,pending
69c3b15e74f73d0f8610,0affef552707c3161889,4,False,pending
69c3b15e74f73d0f8610,abd6968d49eea2f56cd8,2,False,pending
69c3b15e74f73d0f8610,857566217e24ff555b26,2,False,pending
69c3b15e74f73d0f8610,b0e5850cafbe863cbe1f,2,False,pending
69c3b15e74f73d0f8610,5115bea0a1e4942e2507,1,False,pending
69c3b15e74f73d0f8610,e26fe59dc76d545b9cd6,1,False,pending
69c3b15e74f73d0f8610,81527831fb7ffe35f184,1,False,pending
69c3b15e74f73d0f8610,081708c9e20a1045d0f6,4,False,pending
69c3b15e74f73d0f8610,1c10f51d2607f5b5f8dd,4,False,pending
69c3b15e74f73d0f8610,afd960727b21ca9e53bb,4,False,pending
69c3b15e74f73d0f8610,630cd336404a4cd44e54,4,False,pending
69c3b15e74f73d0f8610,2680fdc51c799c18fe71,4,False,pending
69c3b15e74f73d0f8610,607266a24860331a208e,4,False,pending
69c3b15e74f73d0f8610,19ea107e0c01cedc3cec,2,False,pending
69c3b15e74f73d0f8610,d66ce1886d240680f8c7,3,False,pending
69c3b15e74f73d0f8610,7ea8f449f427df103512,4,False,pending
69c3b15e74f73d0f8610,a1284abf4f7f09fec6d3,1,False,pending
33407514499043613d76,92c9d668d4ca42db4020,3,False,pending
33407514499043613d76,4820f0f3352c77b6b45f,3,False,pending
33407514499043613d76,0affef552707c3161889,4,False,pending
33407514499043613d76,abd6968d49eea2f56cd8,2,False,pending
33407514499043613d76,857566217e24ff555b26,2,False,pending
33407514499043613d76,b0e5850cafbe863cbe1f,2,False,pending
33407514499043613d76,5115bea0a1e4942e2507,1,False,pending
33407514499043613d76,e26fe59dc76d545b9cd6,1,False,pending
33407514499043613d76,81527831fb7ffe35f184,1,False,pending
33407514499043613d76,081708c9e20a1045d0f6,4,False,pending
33407514499043613d76,1c10f51d2607f5b5f8dd,4,False,pending
33407514499043613d76,afd960727b21ca9e53bb,4,False,pending
33407514499043613d76,630cd336404a4cd44e54,4,False,pending
33407514499043613d76,2680fdc51c799c18fe71,4,False,pending
33407514499043613d76,607266a24860331a208e,4,False,pending
33407514499043613d76,19ea107e0c01cedc3cec,2,False,pending
33407514499043613d76,d66ce1886d240680f8c7,3,False,pending
33407514499043613d76,7ea8f449f427df103512,4,False,pending
33407514499043613d76,a1284abf4f7f09fec6d3,1,False,pending
92c9d668d4ca42db4020,0affef552707c3161889,1,False,pending
92c9d668d4ca42db4020,abd6968d49eea2f56cd8,3,False,pending
92c9d668d4ca42db4020,857566217e24ff555b26,3,False,pending
92c9d668d4ca42db4020,b0e5850cafbe863cbe1f,3,False,pending
92c9d668d4ca42db4020,5115bea0a1e4942e2507,4,False,pending
92c9d668d4ca42db4020,e26fe59dc76d545b9cd6,4,False,pending
92c9d668d4ca42db4020,81527831fb7ffe35f184,4,False,pending
92c9d668d4ca42db4020,974a13efce9381e1b3c2,3,False,pending
92c9d668d4ca42db4020,7ea8f449f427df103512,1,False,pending
92c9d668d4ca42db4020,a1284abf4f7f09fec6d3,4,False,pending
4820f0f3352c77b6b45f,0affef552707c3161889,1,False,pending
4820f0f3352c77b6b45f,abd6968d49eea2f56cd8,3,False,pending
4820f0f3352c77b6b45f,857566217e24ff555b26,3,False,pending
4820f0f3352c77b6b45f,b0e5850cafbe863cbe1f,3,False,pending
4820f0f3352c77b6b45f,5115bea0a1e4942e2507,4,False,pending
4820f0f3352c77b6b45f,e26fe59dc76d545b9cd6,4,False,pending
4820f0f3352c77b6b45f,81527831fb7ffe35f184,4,False,pending
4820f0f3352c77b6b45f,974a13efce9381e1b3c2,3,False,pending
4820f0f3352c77b6b45f,7ea8f449f427df103512,1,False,pending
4820f0f3352c77b6b45f,a1284abf4f7f09fec6d3,4,False,pending
0affef552707c3161889,abd6968d49eea2f56cd8,2,False,pending
0affef552707c3161889,857566217e24ff555b26,2,False,pending
0affef552707c3161889,b0e5850cafbe863cbe1f,2,False,pending
0affef552707c3161889,5115bea0a1e4942e2507,3,False,pending
0affef552707c3161889,e26fe59dc76d545b9cd6,3,False,pending
0affef552707c3161889,81527831fb7ffe35f184,3,False,pending
0affef552707c3161889,19ea107e0c01cedc3cec,4,False,pending
0affef552707c3161889,974a13efce9381e1b3c2,4,False,pending
0affef552707c3161889,d66ce1886d240680f8c7,1,False,pending
0affef552707c3161889,a1284abf4f7f09fec6d3,3,False,pending
abd6968d49eea2f56cd8,5115bea0a1e4942e2507,1,False,pending
abd6968d49eea2f56cd8,e26fe59dc76d545b9cd6,1,False,pending
abd6968d49eea2f56cd8,81527831fb7ffe35f184,1,False,pending
abd6968d49eea2f56cd8,081708c9e20a1045d0f6,4,False,pending
abd6968d49eea2f56cd8,1c10f51d2607f5b5f8dd,4,False,pending
abd6968d49eea2f56cd8,afd960727b21ca9e53bb,4,False,pending
abd6968d49eea2f56cd8,630cd336404a4cd44e54,4,False,pending
abd6968d49eea2f56cd8,2680fdc51c799c18fe71,4,False,pending
abd6968d49eea2f56cd8,607266a24860331a208e,4,False,pending
abd6968d49eea2f56cd8,19ea107e0c01cedc3cec,2,False,pending
abd6968d49eea2f56cd8,974a13efce9381e1b3c2,2,False,pending
abd6968d49eea2f56cd8,d66ce1886d240680f8c7,3,False,pending
abd6968d49eea2f56cd8,7ea8f449f427df103512,2,False,pending
abd6968d49eea2f56cd8,a1284abf4f7f09fec6d3,1,False,pending
857566217e24ff555b26,5115bea0a1e4942e2507,1,False,pending
857566217e24ff555b26,e26fe59dc76d545b9cd6,1,False,pending
857566217e24ff555b26,81527831fb7ffe35f184,1,False,pending
857566217e24ff555b26,081708c9e20a1045d0f6,4,False,pending
857566217e24ff555b26,1c10f51d2607f5b5f8dd,4,False,pending
857566217e24ff555b26,afd960727b21ca9e53bb,4,False,pending
857566217e24ff555b26,630cd336404a4cd44e54,4,False,pending
857566217e24ff555b26,2680fdc51c799c18fe71,4,False,pending
857566217e24ff555b26,607266a24860331a208e,4,False,pending
857566217e24ff555b26,19ea107e0c01cedc3cec,2,False,pending
857566217e24ff555b26,974a13efce9381e1b3c2,2,False,pending
857566217e24ff555b26,d66ce1886d240680f8c7,3,False,pending
857566217e24ff555b26,7ea8f449f427df103512,2,False,pending
857566217e24ff555b26,a1284abf4f7f09fec6d3,1,False,pending
b0e5850cafbe863cbe1f,5115bea0a1e4942e2507,1,False,pending
b0e5850cafbe863cbe1f,e26fe59dc76d545b9cd6,1,False,pending
b0e5850cafbe863cbe1f,81527831fb7ffe35f184,1,False,pending
b0e5850cafbe863cbe1f,081708c9e20a1045d0f6,4,False,pending
b0e5850cafbe863cbe1f,1c10f51d2607f5b5f8dd,4,False,pending
b0e5850cafbe863cbe1f,afd960727b21ca9e53bb,4,False,pending
b0e5850cafbe863cbe1f,630cd336404a4cd44e54,4,False,pending
b0e5850cafbe863cbe1f,2680fdc51c799c18fe71,4,False,pending
b0e5850cafbe863cbe1f,607266a24860331a208e,4,False,pending
b0e5850cafbe863cbe1f,19ea107e0c01cedc3cec,2,False,pending
b0e5850cafbe863cbe1f,974a13efce9381e1b3c2,2,False,pending
b0e5850cafbe863cbe1f,d66ce1886d240680f8c7,3,False,pending
b0e5850cafbe863cbe1f,7ea8f449f427df103512,2,False,pending
b0e5850cafbe863cbe1f,a1284abf4f7f09fec6d3,1,False,pending
5115bea0a1e4942e2507,e26fe59dc76d545b9cd6,0,False,pending
5115bea0a1e4942e2507,81527831fb7ffe35f184,0,False,pending
5115bea0a1e4942e2507,081708c9e20a1045d0f6,3,False,pending
5115bea0a1e4942e2507,1c10f51d2607f5b5f8dd,3,False,pending
5115bea0a1e4942e2507,afd960727b21ca9e53bb,3,False,pending
5115bea0a1e4942e2507,630cd336404a4cd44e54,3,False,pending
5115bea0a1e4942e2507,2680fdc51c799c18fe71,3,False,pending
5115bea0a1e4942e2507,607266a24860331a208e,3,False,pending
5115bea0a1e4942e2507,19ea107e0c01cedc3cec,1,False,pending
5115bea0a1e4942e2507,974a13efce9381e1b3c2,1,False,pending
5115bea0a1e4942e2507,d66ce1886d240680f8c7,4,False,pending
5115bea0a1e4942e2507,7ea8f449f427df103512,3,False,pending
e26fe59dc76d545b9cd6,081708c9e20a1045d0f6,3,False,pending
e26fe59dc76d545b9cd6,1c10f51d2607f5b5f8dd,3,False,pending
e26fe59dc76d545b9cd6,afd960727b21ca9e53bb,3,False,pending
e26fe59dc76d545b9cd6,630cd336404a4cd44e54,3,False,pending
e26fe59dc76d545b9cd6,2680fdc51c799c18fe71,3,False,pending
e26fe59dc76d545b9cd6,607266a24860331a208e,3,False,pending
e26fe59dc76d545b9cd6,19ea107e0c01cedc3cec,1,False,pending
e26fe59dc76d545b9cd6,974a13efce9381e1b3c2,1,False,pending
e26fe59dc76d545b9cd6,d66ce1886d240680f8c7,4,False,pending
e26fe59dc76d545b9cd6,7ea8f449f427df103512,3,False,pending
e26fe59dc76d545b9cd6,a1284abf4f7f09fec6d3,0,False,pending
81527831fb7ffe35f184,081708c9e20a1045d0f6,3,False,pending
81527831fb7ffe35f184,1c10f51d2607f5b5f8dd,3,False,pending
81527831fb7ffe35f184,afd960727b21ca9e53bb,3,False,pending
81527831fb7ffe35f184,630cd336404a4cd44e54,3,False,pending
81527831fb7ffe35f184,2680fdc51c799c18fe71,3,False,pending
81527831fb7ffe35f184,607266a24860331a208e,3,False,pending
81527831fb7ffe35f184,19ea107e0c01cedc3cec,1,False,pending
81527831fb7ffe35f184,974a13efce9381e1b3c2,1,False,pending
81527831fb7ffe35f184,d66ce1886d240680f8c7,4,False,pending
81527831fb7ffe35f184,7ea8f449f427df103512,3,False,pending
81527831fb7ffe35f184,a1284abf4f7f09fec6d3,0,False,pending
081708c9e20a1045d0f6,630cd336404a4cd44e54,0,False,pending
081708c9e20a1045d0f6,2680fdc51c799c18fe71,0,False,pending
081708c9e20a1045d0f6,607266a24860331a208e,0,False,pending
081708c9e20a1045d0f6,3a79ba6a028c0ee60893,4,False,pending
081708c9e20a1045d0f6,19ea107e0c01cedc3cec,2,False,pending
081708c9e20a1045d0f6,974a13efce9381e1b3c2,4,False,pending
081708c9e20a1045d0f6,a1284abf4f7f09fec6d3,3,False,pending
1c10f51d2607f5b5f8dd,630cd336404a4cd44e54,0,False,pending
1c10f51d2607f5b5f8dd,2680fdc51c799c18fe71,0,False,pending
1c10f51d2607f5b5f8dd,607266a24860331a208e,0,False,pending
1c10f51d2607f5b5f8dd,3a79ba6a028c0ee60893,4,False,pending
1c10f51d2607f5b5f8dd,19ea107e0c01cedc3cec,2,False,pending
1c10f51d2607f5b5f8dd,974a13efce9381e1b3c2,4,False,pending
1c10f51d2607f5b5f8dd,a1284abf4f7f09fec6d3,3,False,pending
afd960727b21ca9e53bb,630cd336404a4cd44e54,0,False,pending
afd960727b21ca9e53bb,2680fdc51c799c18fe71,0,False,pending
afd960727b21ca9e53bb,607266a24860331a208e,0,False,pending
afd960727b21ca9e53bb,3a79ba6a028c0ee60893,4,False,pending
afd960727b21ca9e53bb,19ea107e0c01cedc3cec,2,False,pending
afd960727b21ca9e53bb,974a13efce9381e1b3c2,4,False,pending
afd960727b21ca9e53bb,a1284abf4f7f09fec6d3,3,False,pending
630cd336404a4cd44e54,3a79ba6a028c0ee60893,4,False,pending
630cd336404a4cd44e54,19ea107e0c01cedc3cec,2,False,pending
630cd336404a4cd44e54,974a13efce9381e1b3c2,4,False,pending
630cd336404a4cd44e54,a1284abf4f7f09fec6d3,3,False,pending
2680fdc51c799c18fe71,3a79ba6a028c0ee60893,4,False,pending
2680fdc51c799c18fe71,19ea107e0c01cedc3cec,2,False,pending
2680fdc51c799c18fe71,974a13efce9381e1b3c2,4,False,pending
2680fdc51c799c18fe71,a1284abf4f7f09fec6d3,3,False,pending
607266a24860331a208e,3a79ba6a028c0ee60893,4,False,pending
607266a24860331a208e,19ea107e0c01cedc3cec,2,False,pending
607266a24860331a208e,974a13efce9381e1b3c2,4,False,pending
607266a24860331a208e,a1284abf4f7f09fec6d3,3,False,pending
fba8083d8ccebd8a9bf2,b5ca7c574ded0743885c,2,False,pending
fba8083d8ccebd8a9bf2,3ccf3527e5e9cbeae944,2,False,pending
fba8083d8ccebd8a9bf2,94a7c9a472a4ff422b4c,3,False,pending
fba8083d8ccebd8a9bf2,1606b326b031300b4fa4,2,False,pending
fba8083d8ccebd8a9bf2,e6f3084ed57c5f919512,2,False,pending
fba8083d8ccebd8a9bf2,5d316cecea301d3c485a,4,False,pending
fba8083d8ccebd8a9bf2,6cf716754cdf4e79d7d1,4,False,pending
fba8083d8ccebd8a9bf2,ba6419dc9167e9237b71,3,False,pending
fba8083d8ccebd8a9bf2,2e4d52511b2426c955df,4,False,pending
fba8083d8ccebd8a9bf2,cc3c34712ddf2900bc2f,4,False,pending
fba8083d8ccebd8a9bf2,1f931daf1d2f81116c5b,4,False,pending
b5ca7c574ded0743885c,94a7c9a472a4ff422b4c,3,False,pending
b5ca7c574ded0743885c,3a79ba6a028c0ee60893,4,False,pending
b5ca7c574ded0743885c,1606b326b031300b4fa4,0,False,pending
b5ca7c574ded0743885c,e6f3084ed57c5f919512,0,False,pending
b5ca7c574ded0743885c,4e17f91ae8ee849a1691,2,False,pending
b5ca7c574ded0743885c,ba6419dc9167e9237b71,1,False,pending
b5ca7c574ded0743885c,2e4d52511b2426c955df,2,False,pending
b5ca7c574ded0743885c,cc3c34712ddf2900bc2f,2,False,pending
3ccf3527e5e9cbeae944,94a7c9a472a4ff422b4c,3,False,pending
3ccf3527e5e9cbeae944,3a79ba6a028c0ee60893,4,False,pending
3ccf3527e5e9cbeae944,1606b326b031300b4fa4,0,False,pending
3ccf3527e5e9cbeae944,e6f3084ed57c5f919512,0,False,pending
3ccf3527e5e9cbeae944,4e17f91ae8ee849a1691,2,False,pending
3ccf3527e5e9cbeae944,ba6419dc9167e9237b71,1,False,pending
3ccf3527e5e9cbeae944,2e4d52511b2426c955df,2,False,pending
3ccf3527e5e9cbeae944,cc3c34712ddf2900bc2f,2,False,pending
151618a1581eb3082653,94a7c9a472a4ff422b4c,4,False,pending
151618a1581eb3082653,3a79ba6a028c0ee60893,1,False,pending
151618a1581eb3082653,e1d629eb27ec378f9988,0,False,pending
151618a1581eb3082653,ba6419dc9167e9237b71,4,False,pending
151618a1581eb3082653,2dfc622c5e5f06b28c84,0,False,pending
fba178a004259ef80580,94a7c9a472a4ff422b4c,4,False,pending
fba178a004259ef80580,3a79ba6a028c0ee60893,1,False,pending
fba178a004259ef80580,e1d629eb27ec378f9988,0,False,pending
fba178a004259ef80580,ba6419dc9167e9237b71,4,False,pending
fba178a004259ef80580,2dfc622c5e5f06b28c84,0,False,pending
94a7c9a472a4ff422b4c,3a79ba6a028c0ee60893,3,False,pending
94a7c9a472a4ff422b4c,e1d629eb27ec378f9988,4,False,pending
94a7c9a472a4ff422b4c,1606b326b031300b4fa4,3,False,pending
94a7c9a472a4ff422b4c,e6f3084ed57c5f919512,3,False,pending
94a7c9a472a4ff422b4c,4e17f91ae8ee849a1691,3,False,pending
94a7c9a472a4ff422b4c,2cacb01c5b28c601db53,4,False,pending
94a7c9a472a4ff422b4c,ba6419dc9167e9237b71,4,False,pending
94a7c9a472a4ff422b4c,2dfc622c5e5f06b28c84,4,False,pending
3a79ba6a028c0ee60893,e1d629eb27ec378f9988,1,False,pending
3a79ba6a028c0ee60893,1606b326b031300b4fa4,4,False,pending
3a79ba6a028c0ee60893,e6f3084ed57c5f919512,4,False,pending
3a79ba6a028c0ee60893,2cacb01c5b28c601db53,1,False,pending
3a79ba6a028c0ee60893,ba6419dc9167e9237b71,3,False,pending
3a79ba6a028c0ee60893,2dfc622c5e5f06b28c84,1,False,pending
3a79ba6a028c0ee60893,2e4d52511b2426c955df,4,False,pending
3a79ba6a028c0ee60893,cc3c34712ddf2900bc2f,4,False,pending
e1d629eb27ec378f9988,2cacb01c5b28c601db53,0,False,pending
e1d629eb27ec378f9988,ba6419dc9167e9237b71,4,False,pending
1606b326b031300b4fa4,4e17f91ae8ee849a1691,2,False,pending
1606b326b031300b4fa4,ba6419dc9167e9237b71,1,False,pending
1606b326b031300b4fa4,2e4d52511b2426c955df,2,False,pending
1606b326b031300b4fa4,cc3c34712ddf2900bc2f,2,False,pending
e6f3084ed57c5f919512,4e17f91ae8ee849a1691,2,False,pending
e6f3084ed57c5f919512,ba6419dc9167e9237b71,1,False,pending
e6f3084ed57c5f919512,2e4d52511b2426c955df,2,False,pending
e6f3084ed57c5f919512,cc3c34712ddf2900bc2f,2,False,pending
bef0d9fd7bff3bc41851,3519888dba4a8cb29ebb,2,False,pending
bef0d9fd7bff3bc41851,ef15b20c4367e30a817f,2,False,pending
54e796904c20f17fd433,3519888dba4a8cb29ebb,2,False,pending
54e796904c20f17fd433,ef15b20c4367e30a817f,2,False,pending
fb38938fc9e673bbb93d,3519888dba4a8cb29ebb,2,False,pending
fb38938fc9e673bbb93d,ef15b20c4367e30a817f,2,False,pending
3519888dba4a8cb29ebb,90f37ee9771bbf5e7ec5,4,False,pending
3519888dba4a8cb29ebb,b38bb020a51917cbf9a1,4,False,pending
3519888dba4a8cb29ebb,ca6c02b1c431aafde240,4,False,pending
3519888dba4a8cb29ebb,32c794fbcd5241a66d5c,4,False,pending
3519888dba4a8cb29ebb,498abde5b6b136249c9b,4,False,pending
3519888dba4a8cb29ebb,67c04999f84aaebea526,4,False,pending
1e1c1540abd5eab043ec,63c66f66d99ce71cef99,3,False,pending
1e1c1540abd5eab043ec,0fb7794f8e3f16201e27,3,False,pending
1e1c1540abd5eab043ec,7804afaf94fb32fe2c79,3,False,pending
1e1c1540abd5eab043ec,90f37ee9771bbf5e7ec5,4,False,pending
1e1c1540abd5eab043ec,b38bb020a51917cbf9a1,4,False,pending
1e1c1540abd5eab043ec,ca6c02b1c431aafde240,4,False,pending
1e1c1540abd5eab043ec,32c794fbcd5241a66d5c,4,False,pending
3c9896d05f819a0a216a,63c66f66d99ce71cef99,3,False,pending
3c9896d05f819a0a216a,0fb7794f8e3f16201e27,3,False,pending
3c9896d05f819a0a216a,7804afaf94fb32fe2c79,3,False,pending
3c9896d05f819a0a216a,90f37ee9771bbf5e7ec5,4,False,pending
3c9896d05f819a0a216a,b38bb020a51917cbf9a1,4,False,pending
3c9896d05f819a0a216a,ca6c02b1c431aafde240,4,False,pending
3c9896d05f819a0a216a,32c794fbcd5241a66d5c,4,False,pending
63c66f66d99ce71cef99,4a2b1531c49c41a6a5e6,3,False,pending
0fb7794f8e3f16201e27,4a2b1531c49c41a6a5e6,3,False,pending
7804afaf94fb32fe2c79,4a2b1531c49c41a6a5e6,3,False,pending
90f37ee9771bbf5e7ec5,498abde5b6b136249c9b,4,False,pending
90f37ee9771bbf5e7ec5,67c04999f84aaebea526,4,False,pending
90f37ee9771bbf5e7ec5,ef15b20c4367e30a817f,4,False,pending
90f37ee9771bbf5e7ec5,4a2b1531c49c41a6a5e6,4,False,pending
b38bb020a51917cbf9a1,498abde5b6b136249c9b,4,False,pending
b38bb020a51917cbf9a1,67c04999f84aaebea526,4,False,pending
b38bb020a51917cbf9a1,ef15b20c4367e30a817f,4,False,pending
b38bb020a51917cbf9a1,4a2b1531c49c41a6a5e6,4,False,pending
ca6c02b1c431aafde240,498abde5b6b136249c9b,4,False,pending
ca6c02b1c431aafde240,67c04999f84aaebea526,4,False,pending
ca6c02b1c431aafde240,ef15b20c4367e30a817f,4,False,pending
ca6c02b1c431aafde240,4a2b1531c49c41a6a5e6,4,False,pending
32c794fbcd5241a66d5c,498abde5b6b136249c9b,4,False,pending
32c794fbcd5241a66d5c,67c04999f84aaebea526,4,False,pending
32c794fbcd5241a66d5c,ef15b20c4367e30a817f,4,False,pending
32c794fbcd5241a66d5c,4a2b1531c49c41a6a5e6,4,False,pending
498abde5b6b136249c9b,ef15b20c4367e30a817f,4,False,pending
67c04999f84aaebea526,ef15b20c4367e30a817f,4,False,pending
167438d62b689bb21a59,2676fef2df1a1542872c,4,False,pending
167438d62b689bb21a59,a87d4108bf94f7c4fc96,4,False,pending
167438d62b689bb21a59,b832101ccf884386bcbc,4,False,pending
167438d62b689bb21a59,4025a5c1bad2a274f22e,1,False,pending
167438d62b689bb21a59,681eabf262c6abf25b07,3,False,pending
167438d62b689bb21a59,c9bd8e0a2679a116da13,3,False,pending
167438d62b689bb21a59,3f2275671e6605567abf,3,False,pending
167438d62b689bb21a59,b2d8d132638dbdfc0e5a,2,False,pending
167438d62b689bb21a59,0d923675802c6a687d41,2,False,pending
167438d62b689bb21a59,1ef50074b9bec88aab42,2,False,pending
167438d62b689bb21a59,6894dc06474ef3ac5b94,4,False,pending
167438d62b689bb21a59,f17dcd4cd61eb0fe3ddb,1,False,pending
47093e4d6f84e3e5571f,2676fef2df1a1542872c,4,False,pending
47093e4d6f84e3e5571f,a87d4108bf94f7c4fc96,4,False,pending
47093e4d6f84e3e5571f,b832101ccf884386bcbc,4,False,pending
47093e4d6f84e3e5571f,4025a5c1bad2a274f22e,1,False,pending
47093e4d6f84e3e5571f,681eabf262c6abf25b07,3,False,pending
47093e4d6f84e3e5571f,c9bd8e0a2679a116da13,3,False,pending
47093e4d6f84e3e5571f,3f2275671e6605567abf,3,False,pending
47093e4d6f84e3e5571f,b2d8d132638dbdfc0e5a,2,False,pending
47093e4d6f84e3e5571f,0d923675802c6a687d41,2,False,pending
47093e4d6f84e3e5571f,1ef50074b9bec88aab42,2,False,pending
47093e4d6f84e3e5571f,6894dc06474ef3ac5b94,4,False,pending
47093e4d6f84e3e5571f,f17dcd4cd61eb0fe3ddb,1,False,pending
6bfed379754d09ef8f05,2676fef2df1a1542872c,4,False,pending
6bfed379754d09ef8f05,a87d4108bf94f7c4fc96,4,False,pending
6bfed379754d09ef8f05,b832101ccf884386bcbc,4,False,pending
6bfed379754d09ef8f05,4025a5c1bad2a274f22e,1,False,pending
6bfed379754d09ef8f05,681eabf262c6abf25b07,3,False,pending
6bfed379754d09ef8f05,c9bd8e0a2679a116da13,3,False,pending
6bfed379754d09ef8f05,3f2275671e6605567abf,3,False,pending
6bfed379754d09ef8f05,b2d8d132638dbdfc0e5a,2,False,pending
6bfed379754d09ef8f05,0d923675802c6a687d41,2,False,pending
6bfed379754d09ef8f05,1ef50074b9bec88aab42,2,False,pending
6bfed379754d09ef8f05,6894dc06474ef3ac5b94,4,False,pending
6bfed379754d09ef8f05,f17dcd4cd61eb0fe3ddb,1,False,pending
2676fef2df1a1542872c,4025a5c1bad2a274f22e,3,False,pending
2676fef2df1a1542872c,681eabf262c6abf25b07,1,False,pending
2676fef2df1a1542872c,c9bd8e0a2679a116da13,1,False,pending
2676fef2df1a1542872c,3f2275671e6605567abf,1,False,pending
2676fef2df1a1542872c,b2d8d132638dbdfc0e5a,4,False,pending
2676fef2df1a1542872c,0d923675802c6a687d41,4,False,pending
2676fef2df1a1542872c,1ef50074b9bec88aab42,4,False,pending
2676fef2df1a1542872c,f17dcd4cd61eb0fe3ddb,3,False,pending
a87d4108bf94f7c4fc96,4025a5c1bad2a274f22e,3,False,pending
a87d4108bf94f7c4fc96,681eabf262c6abf25b07,1,False,pending
a87d4108bf94f7c4fc96,c9bd8e0a2679a116da13,1,False,pending
a87d4108bf94f7c4fc96,3f2275671e6605567abf,1,False,pending
a87d4108bf94f7c4fc96,b2d8d132638dbdfc0e5a,4,False,pending
a87d4108bf94f7c4fc96,0d923675802c6a687d41,4,False,pending
a87d4108bf94f7c4fc96,1ef50074b9bec88aab42,4,False,pending
a87d4108bf94f7c4fc96,f17dcd4cd61eb0fe3ddb,3,False,pending
b832101ccf884386bcbc,4025a5c1bad2a274f22e,3,False,pending
b832101ccf884386bcbc,681eabf262c6abf25b07,1,False,pending
b832101ccf884386bcbc,c9bd8e0a2679a116da13,1,False,pending
b832101ccf884386bcbc,3f2275671e6605567abf,1,False,pending
b832101ccf884386bcbc,b2d8d132638dbdfc0e5a,4,False,pending
b832101ccf884386bcbc,0d923675802c6a687d41,4,False,pending
b832101ccf884386bcbc,1ef50074b9bec88aab42,4,False,pending
b832101ccf884386bcbc,f17dcd4cd61eb0fe3ddb,3,False,pending
4025a5c1bad2a274f22e,681eabf262c6abf25b07,2,False,pending
4025a5c1bad2a274f22e,c9bd8e0a2679a116da13,2,False,pending
4025a5c1bad2a274f22e,3f2275671e6605567abf,2,False,pending
4025a5c1bad2a274f22e,b2d8d132638dbdfc0e5a,1,False,pending
4025a5c1bad2a274f22e,0d923675802c6a687d41,1,False,pending
4025a5c1bad2a274f22e,1ef50074b9bec88aab42,1,False,pending
4025a5c1bad2a274f22e,6894dc06474ef3ac5b94,3,False,pending
681eabf262c6abf25b07,b2d8d132638dbdfc0e5a,3,False,pending
681eabf262c6abf25b07,0d923675802c6a687d41,3,False,pending
681eabf262c6abf25b07,1ef50074b9bec88aab42,3,False,pending
681eabf262c6abf25b07,6894dc06474ef3ac5b94,1,False,pending
681eabf262c6abf25b07,f17dcd4cd61eb0fe3ddb,2,False,pending
c9bd8e0a2679a116da13,b2d8d132638dbdfc0e5a,3,False,pending
c9bd8e0a2679a116da13,0d923675802c6a687d41,3,False,pending
c9bd8e0a2679a116da13,1ef50074b9bec88aab42,3,False,pending
c9bd8e0a2679a116da13,6894dc06474ef3ac5b94,1,False,pending
c9bd8e0a2679a116da13,f17dcd4cd61eb0fe3ddb,2,False,pending
3f2275671e6605567abf,b2d8d132638dbdfc0e5a,3,False,pending
3f2275671e6605567abf,0d923675802c6a687d41,3,False,pending
3f2275671e6605567abf,1ef50074b9bec88aab42,3,False,pending
3f2275671e6605567abf,6894dc06474ef3ac5b94,1,False,pending
3f2275671e6605567abf,f17dcd4cd61eb0fe3ddb,2,False,pending
b2d8d132638dbdfc0e5a,6894dc06474ef3ac5b94,4,False,pending
b2d8d132638dbdfc0e5a,f17dcd4cd61eb0fe3ddb,1,False,pending
0d923675802c6a687d41,6894dc06474ef3ac5b94,4,False,pending
0d923675802c6a687d41,f17dcd4cd61eb0fe3ddb,1,False,pending
1ef50074b9bec88aab42,6894dc06474ef3ac5b94,4,False,pending
1ef50074b9bec88aab42,f17dcd4cd61eb0fe3ddb,1,False,pending
7e3043b86435fd8605e1,e174998ba34c2ba61621,3,False,pending
7e3043b86435fd8605e1,b7c4dd5b39b047b665c9,3,False,pending
941e1d95a91072565b5d,e174998ba34c2ba61621,3,False,pending
941e1d95a91072565b5d,b7c4dd5b39b047b665c9,3,False,pending
e2183315cd82e5f762f7,55fc1538fb693a81a5b0,2,False,pending
e2183315cd82e5f762f7,174f56f180fa64a0ba09,2,False,pending
e2183315cd82e5f762f7,ed67f5295331cfb3a0ba,2,False,pending
e2183315cd82e5f762f7,ca0134b7d8d2bfcac4b9,2,False,pending
e2183315cd82e5f762f7,43d4f7ae5f5f853478be,2,False,pending
e2183315cd82e5f762f7,26a391a71a7058de6d06,2,False,pending
e2183315cd82e5f762f7,cead48304dc1862f3433,4,False,pending
e2183315cd82e5f762f7,6d149ac1ebfaade25aa6,2,False,pending
e2183315cd82e5f762f7,c84d59f0b66a331cdc20,2,False,pending
e2183315cd82e5f762f7,4095a1968d1868b083c8,2,False,pending
e2183315cd82e5f762f7,0c77b801bae3fe156e6d,2,False,pending
e2183315cd82e5f762f7,9d3092adb21fd823c647,3,False,pending
e2183315cd82e5f762f7,3c627e00b8f778275c7d,3,False,pending
e2183315cd82e5f762f7,eb2e135695d95ca4388e,3,False,pending
e2183315cd82e5f762f7,cd981a695c61006a5193,3,False,pending
e2183315cd82e5f762f7,683d8f58729812349870,3,False,pending
e2183315cd82e5f762f7,d263955886636a76cd5b,3,False,pending
e2183315cd82e5f762f7,1d1e9fecf55a6a54d0b7,3,False,pending
e2183315cd82e5f762f7,e31d3bd35048c001b1b5,3,False,pending
e2183315cd82e5f762f7,dd5096f640d1d9e1f179,3,False,pending
e2183315cd82e5f762f7,c16dfe36e45182dcd8c4,4,False,pending
e2183315cd82e5f762f7,1c323ec790b46a0fc94c,4,False,pending
e2183315cd82e5f762f7,24ac24e73f5155f59050,4,False,pending
e2183315cd82e5f762f7,7c9c871f531293c4e57a,4,False,pending
e2183315cd82e5f762f7,e174998ba34c2ba61621,4,False,pending
e2183315cd82e5f762f7,b7c4dd5b39b047b665c9,4,False,pending
e2183315cd82e5f762f7,e8aef625c65a43f871f4,4,False,pending
e2183315cd82e5f762f7,8fd76bf0fefa4b1ef756,2,False,pending
5aaed92ade61f0667324,55fc1538fb693a81a5b0,2,False,pending
5aaed92ade61f0667324,174f56f180fa64a0ba09,2,False,pending
5aaed92ade61f0667324,ed67f5295331cfb3a0ba,2,False,pending
5aaed92ade61f0667324,ca0134b7d8d2bfcac4b9,2,False,pending
5aaed92ade61f0667324,43d4f7ae5f5f853478be,2,False,pending
5aaed92ade61f0667324,26a391a71a7058de6d06,2,False,pending
5aaed92ade61f0667324,cead48304dc1862f3433,4,False,pending
5aaed92ade61f0667324,6d149ac1ebfaade25aa6,2,False,pending
5aaed92ade61f0667324,c84d59f0b66a331cdc20,2,False,pending
5aaed92ade61f0667324,4095a1968d1868b083c8,2,False,pending
5aaed92ade61f0667324,0c77b801bae3fe156e6d,2,False,pending
5aaed92ade61f0667324,9d3092adb21fd823c647,3,False,pending
5aaed92ade61f0667324,3c627e00b8f778275c7d,3,False,pending
5aaed92ade61f0667324,eb2e135695d95ca4388e,3,False,pending
5aaed92ade61f0667324,cd981a695c61006a5193,3,False,pending
5aaed92ade61f0667324,683d8f58729812349870,3,False,pending
5aaed92ade61f0667324,d263955886636a76cd5b,3,False,pending
5aaed92ade61f0667324,1d1e9fecf55a6a54d0b7,3,False,pending
5aaed92ade61f0667324,e31d3bd35048c001b1b5,3,False,pending
5aaed92ade61f0667324,dd5096f640d1d9e1f179,3,False,pending
5aaed92ade61f0667324,c16dfe36e45182dcd8c4,4,False,pending
5aaed92ade61f0667324,1c323ec790b46a0fc94c,4,False,pending
5aaed92ade61f0667324,24ac24e73f5155f59050,4,False,pending
5aaed92ade61f0667324,7c9c871f531293c4e57a,4,False,pending
5aaed92ade61f0667324,e174998ba34c2ba61621,4,False,pending
5aaed92ade61f0667324,b7c4dd5b39b047b665c9,4,False,pending
5aaed92ade61f0667324,e8aef625c65a43f871f4,4,False,pending
5aaed92ade61f0667324,8fd76bf0fefa4b1ef756,2,False,pending
55fc1538fb693a81a5b0,ed67f5295331cfb3a0ba,0,False,pending
55fc1538fb693a81a5b0,ca0134b7d8d2bfcac4b9,0,False,pending
55fc1538fb693a81a5b0,43d4f7ae5f5f853478be,0,False,pending
55fc1538fb693a81a5b0,26a391a71a7058de6d06,0,False,pending
55fc1538fb693a81a5b0,cead48304dc1862f3433,2,False,pending
55fc1538fb693a81a5b0,6d149ac1ebfaade25aa6,0,False,pending
55fc1538fb693a81a5b0,c84d59f0b66a331cdc20,0,False,pending
55fc1538fb693a81a5b0,4095a1968d1868b083c8,0,False,pending
55fc1538fb693a81a5b0,0c77b801bae3fe156e6d,0,False,pending
55fc1538fb693a81a5b0,9d3092adb21fd823c647,1,False,pending
55fc1538fb693a81a5b0,3c627e00b8f778275c7d,1,False,pending
55fc1538fb693a81a5b0,eb2e135695d95ca4388e,1,False,pending
55fc1538fb693a81a5b0,cd981a695c61006a5193,1,False,pending
55fc1538fb693a81a5b0,683d8f58729812349870,1,False,pending
55fc1538fb693a81a5b0,d263955886636a76cd5b,1,False,pending
55fc1538fb693a81a5b0,1d1e9fecf55a6a54d0b7,3,False,pending
55fc1538fb693a81a5b0,e31d3bd35048c001b1b5,3,False,pending
55fc1538fb693a81a5b0,dd5096f640d1d9e1f179,3,False,pending
55fc1538fb693a81a5b0,c16dfe36e45182dcd8c4,2,False,pending
55fc1538fb693a81a5b0,1c323ec790b46a0fc94c,2,False,pending
55fc1538fb693a81a5b0,24ac24e73f5155f59050,2,False,pending
55fc1538fb693a81a5b0,e8aef625c65a43f871f4,2,False,pending
55fc1538fb693a81a5b0,8fd76bf0fefa4b1ef756,0,False,pending
174f56f180fa64a0ba09,ed67f5295331cfb3a0ba,0,False,pending
174f56f180fa64a0ba09,ca0134b7d8d2bfcac4b9,0,False,pending
174f56f180fa64a0ba09,43d4f7ae5f5f853478be,0,False,pending
174f56f180fa64a0ba09,26a391a71a7058de6d06,0,False,pending
174f56f180fa64a0ba09,cead48304dc1862f3433,2,False,pending
174f56f180fa64a0ba09,6d149ac1ebfaade25aa6,0,False,pending
174f56f180fa64a0ba09,c84d59f0b66a331cdc20,0,False,pending
174f56f180fa64a0ba09,4095a1968d1868b083c8,0,False,pending
174f56f180fa64a0ba09,0c77b801bae3fe156e6d,0,False,pending
174f56f180fa64a0ba09,9d3092adb21fd823c647,1,False,pending
174f56f180fa64a0ba09,3c627e00b8f778275c7d,1,False,pending
174f56f180fa64a0ba09,eb2e135695d95ca4388e,1,False,pending
174f56f180fa64a0ba09,cd981a695c61006a5193,1,False,pending
174f56f180fa64a0ba09,683d8f58729812349870,1,False,pending
174f56f180fa64a0ba09,d263955886636a76cd5b,1,False,pending
174f56f180fa64a0ba09,1d1e9fecf55a6a54d0b7,3,False,pending
174f56f180fa64a0ba09,e31d3bd35048c001b1b5,3,False,pending
174f56f180fa64a0ba09,dd5096f640d1d9e1f179,3,False,pending
174f56f180fa64a0ba09,c16dfe36e45182dcd8c4,2,False,pending
174f56f180fa64a0ba09,1c323ec790b46a0fc94c,2,False,pending
174f56f180fa64a0ba09,24ac24e73f5155f59050,2,False,pending
174f56f180fa64a0ba09,e8aef625c65a43f871f4,2,False,pending
174f56f180fa64a0ba09,8fd76bf0fefa4b1ef756,0,False,pending
ed67f5295331cfb3a0ba,cead48304dc1862f3433,2,False,pending
ed67f5295331cfb3a0ba,6d149ac1ebfaade25aa6,0,False,pending
ed67f5295331cfb3a0ba,c84d59f0b66a331cdc20,0,False,pending
ed67f5295331cfb3a0ba,4095a1968d1868b083c8,0,False,pending
ed67f5295331cfb3a0ba,0c77b801bae3fe156e6d,0,False,pending
ed67f5295331cfb3a0ba,9d3092adb21fd823c647,1,False,pending
ed67f5295331cfb3a0ba,3c627e00b8f778275c7d,1,False,pending
ed67f5295331cfb3a0ba,eb2e135695d95ca4388e,1,False,pending
ed67f5295331cfb3a0ba,cd981a695c61006a5193,1,False,pending
ed67f5295331cfb3a0ba,683d8f58729812349870,1,False,pending
ed67f5295331cfb3a0ba,d263955886636a76cd5b,1,False,pending
ed67f5295331cfb3a0ba,1d1e9fecf55a6a54d0b7,3,False,pending
ed67f5295331cfb3a0ba,e31d3bd35048c001b1b5,3,False,pending
ed67f5295331cfb3a0ba,dd5096f640d1d9e1f179,3,False,pending
ed67f5295331cfb3a0ba,c16dfe36e45182dcd8c4,2,False,pending
ed67f5295331cfb3a0ba,1c323ec790b46a0fc94c,2,False,pending
ed67f5295331cfb3a0ba,24ac24e73f5155f59050,2,False,pending
ed67f5295331cfb3a0ba,e8aef625c65a43f871f4,2,False,pending
ed67f5295331cfb3a0ba,8fd76bf0fefa4b1ef756,0,False,pending
ca0134b7d8d2bfcac4b9,cead48304dc1862f3433,2,False,pending
ca0134b7d8d2bfcac4b9,6d149ac1ebfaade25aa6,0,False,pending
ca0134b7d8d2bfcac4b9,c84d59f0b66a331cdc20,0,False,pending
ca0134b7d8d2bfcac4b9,4095a1968d1868b083c8,0,False,pending
ca0134b7d8d2bfcac4b9,0c77b801bae3fe156e6d,0,False,pending
ca0134b7d8d2bfcac4b9,9d3092adb21fd823c647,1,False,pending
ca0134b7d8d2bfcac4b9,3c627e00b8f778275c7d,1,False,pending
ca0134b7d8d2bfcac4b9,eb2e135695d95ca4388e,1,False,pending
ca0134b7d8d2bfcac4b9,cd981a695c61006a5193,1,False,pending
ca0134b7d8d2bfcac4b9,683d8f58729812349870,1,False,pending
ca0134b7d8d2bfcac4b9,d263955886636a76cd5b,1,False,pending
ca0134b7d8d2bfcac4b9,1d1e9fecf55a6a54d0b7,3,False,pending
ca0134b7d8d2bfcac4b9,e31d3bd35048c001b1b5,3,False,pending
ca0134b7d8d2bfcac4b9,dd5096f640d1d9e1f179,3,False,pending
ca0134b7d8d2bfcac4b9,c16dfe36e45182dcd8c4,2,False,pending
ca0134b7d8d2bfcac4b9,1c323ec790b46a0fc94c,2,False,pending
ca0134b7d8d2bfcac4b9,24ac24e73f5155f59050,2,False,pending
ca0134b7d8d2bfcac4b9,e8aef625c65a43f871f4,2,False,pending
ca0134b7d8d2bfcac4b9,8fd76bf0fefa4b1ef756,0,False,pending
43d4f7ae5f5f853478be,cead48304dc1862f3433,2,False,pending
43d4f7ae5f5f853478be,6d149ac1ebfaade25aa6,0,False,pending
43d4f7ae5f5f853478be,c84d59f0b66a331cdc20,0,False,pending
43d4f7ae5f5f853478be,4095a1968d1868b083c8,0,False,pending
43d4f7ae5f5f853478be,0c77b801bae3fe156e6d,0,False,pending
43d4f7ae5f5f853478be,9d3092adb21fd823c647,1,False,pending
43d4f7ae5f5f853478be,3c627e00b8f778275c7d,1,False,pending
43d4f7ae5f5f853478be,eb2e135695d95ca4388e,1,False,pending
43d4f7ae5f5f853478be,cd981a695c61006a5193,1,False,pending
43d4f7ae5f5f853478be,683d8f58729812349870,1,False,pending
43d4f7ae5f5f853478be,d263955886636a76cd5b,1,False,pending
43d4f7ae5f5f853478be,1d1e9fecf55a6a54d0b7,3,False,pending
43d4f7ae5f5f853478be,e31d3bd35048c001b1b5,3,False,pending
43d4f7ae5f5f853478be,dd5096f640d1d9e1f179,3,False,pending
43d4f7ae5f5f853478be,c16dfe36e45182dcd8c4,2,False,pending
43d4f7ae5f5f853478be,1c323ec790b46a0fc94c,2,False,pending
43d4f7ae5f5f853478be,24ac24e73f5155f59050,2,False,pending
43d4f7ae5f5f853478be,e8aef625c65a43f871f4,2,False,pending
43d4f7ae5f5f853478be,8fd76bf0fefa4b1ef756,0,False,pending
26a391a71a7058de6d06,cead48304dc1862f3433,2,False,pending
26a391a71a7058de6d06,6d149ac1ebfaade25aa6,0,False,pending
26a391a71a7058de6d06,c84d59f0b66a331cdc20,0,False,pending
26a391a71a7058de6d06,4095a1968d1868b083c8,0,False,pending
26a391a71a7058de6d06,0c77b801bae3fe156e6d,0,False,pending
26a391a71a7058de6d06,9d3092adb21fd823c647,1,False,pending
26a391a71a7058de6d06,3c627e00b8f778275c7d,1,False,pending
26a391a71a7058de6d06,eb2e135695d95ca4388e,1,False,pending
26a391a71a7058de6d06,cd981a695c61006a5193,1,False,pending
26a391a71a7058de6d06,683d8f58729812349870,1,False,pending
26a391a71a7058de6d06,d263955886636a76cd5b,1,False,pending
26a391a71a7058de6d06,1d1e9fecf55a6a54d0b7,3,False,pending
26a391a71a7058de6d06,e31d3bd35048c001b1b5,3,False,pending
26a391a71a7058de6d06,dd5096f640d1d9e1f179,3,False,pending
26a391a71a7058de6d06,c16dfe36e45182dcd8c4,2,False,pending
26a391a71a7058de6d06,1c323ec790b46a0fc94c,2,False,pending
26a391a71a7058de6d06,24ac24e73f5155f59050,2,False,pending
26a391a71a7058de6d06,e8aef625c65a43f871f4,2,False,pending
26a391a71a7058de6d06,8fd76bf0fefa4b1ef756,0,False,pending
cead48304dc1862f3433,6d149ac1ebfaade25aa6,2,False,pending
cead48304dc1862f3433,c84d59f0b66a331cdc20,2,False,pending
cead48304dc1862f3433,4095a1968d1868b083c8,2,False,pending
cead48304dc1862f3433,0c77b801bae3fe156e6d,2,False,pending
cead48304dc1862f3433,9d3092adb21fd823c647,3,False,pending
cead48304dc1862f3433,3c627e00b8f778275c7d,3,False,pending
cead48304dc1862f3433,eb2e135695d95ca4388e,3,False,pending
cead48304dc1862f3433,cd981a695c61006a5193,3,False,pending
cead48304dc1862f3433,683d8f58729812349870,3,False,pending
cead48304dc1862f3433,d263955886636a76cd5b,3,False,pending
cead48304dc1862f3433,c16dfe36e45182dcd8c4,4,False,pending
cead48304dc1862f3433,1c323ec790b46a0fc94c,4,False,pending
cead48304dc1862f3433,24ac24e73f5155f59050,4,False,pending
cead48304dc1862f3433,8fd76bf0fefa4b1ef756,2,False,pending
6d149ac1ebfaade25aa6,4095a1968d1868b083c8,0,False,pending
6d149ac1ebfaade25aa6,0c77b801bae3fe156e6d,0,False,pending
6d149ac1ebfaade25aa6,9d3092adb21fd823c647,1,False,pending
6d149ac1ebfaade25aa6,3c627e00b8f778275c7d,1,False,pending
6d149ac1ebfaade25aa6,eb2e135695d95ca4388e,1,False,pending
6d149ac1ebfaade25aa6,cd981a695c61006a5193,1,False,pending
6d149ac1ebfaade25aa6,683d8f58729812349870,1,False,pending
6d149ac1ebfaade25aa6,d263955886636a76cd5b,1,False,pending
6d149ac1ebfaade25aa6,1d1e9fecf55a6a54d0b7,3,False,pending
6d149ac1ebfaade25aa6,e31d3bd35048c001b1b5,3,False,pending
6d149ac1ebfaade25aa6,dd5096f640d1d9e1f179,3,False,pending
6d149ac1ebfaade25aa6,c16dfe36e45182dcd8c4,2,False,pending
6d149ac1ebfaade25aa6,1c323ec790b46a0fc94c,2,False,pending
6d149ac1ebfaade25aa6,24ac24e73f5155f59050,2,False,pending
6d149ac1ebfaade25aa6,e8aef625c65a43f871f4,2,False,pending
c84d59f0b66a331cdc20,4095a1968d1868b083c8,0,False,pending
c84d59f0b66a331cdc20,0c77b801bae3fe156e6d,0,False,pending
c84d59f0b66a331cdc20,9d3092adb21fd823c647,1,False,pending
c84d59f0b66a331cdc20,3c627e00b8f778275c7d,1,False,pending
c84d59f0b66a331cdc20,eb2e135695d95ca4388e,1,False,pending
c84d59f0b66a331cdc20,cd981a695c61006a5193,1,False,pending
c84d59f0b66a331cdc20,683d8f58729812349870,1,False,pending
c84d59f0b66a331cdc20,d263955886636a76cd5b,1,False,pending
c84d59f0b66a331cdc20,1d1e9fecf55a6a54d0b7,3,False,pending
c84d59f0b66a331cdc20,e31d3bd35048c001b1b5,3,False,pending
c84d59f0b66a331cdc20,dd5096f640d1d9e1f179,3,False,pending
c84d59f0b66a331cdc20,c16dfe36e45182dcd8c4,2,False,pending
c84d59f0b66a331cdc20,1c323ec790b46a0fc94c,2,False,pending
c84d59f0b66a331cdc20,24ac24e73f5155f59050,2,False,pending
c84d59f0b66a331cdc20,e8aef625c65a43f871f4,2,False,pending
4095a1968d1868b083c8,9d3092adb21fd823c647,1,False,pending
4095a1968d1868b083c8,3c627e00b8f778275c7d,1,False,pending
4095a1968d1868b083c8,eb2e135695d95ca4388e,1,False,pending
4095a1968d1868b083c8,cd981a695c61006a5193,1,False,pending
4095a1968d1868b083c8,683d8f58729812349870,1,False,pending
4095a1968d1868b083c8,d263955886636a76cd5b,1,False,pending
4095a1968d1868b083c8,1d1e9fecf55a6a54d0b7,3,False,pending
4095a1968d1868b083c8,e31d3bd35048c001b1b5,3,False,pending
4095a1968d1868b083c8,dd5096f640d1d9e1f179,3,False,pending
4095a1968d1868b083c8,c16dfe36e45182dcd8c4,2,False,pending
4095a1968d1868b083c8,1c323ec790b46a0fc94c,2,False,pending
4095a1968d1868b083c8,24ac24e73f5155f59050,2,False,pending
4095a1968d1868b083c8,e8aef625c65a43f871f4,2,False,pending
4095a1968d1868b083c8,8fd76bf0fefa4b1ef756,0,False,pending
0c77b801bae3fe156e6d,9d3092adb21fd823c647,1,False,pending
0c77b801bae3fe156e6d,3c627e00b8f778275c7d,1,False,pending
0c77b801bae3fe156e6d,eb2e135695d95ca4388e,1,False,pending
0c77b801bae3fe156e6d,cd981a695c61006a5193,1,False,pending
0c77b801bae3fe156e6d,683d8f58729812349870,1,False,pending
0c77b801bae3fe156e6d,d263955886636a76cd5b,1,False,pending
0c77b801bae3fe156e6d,1d1e9fecf55a6a54d0b7,3,False,pending
0c77b801bae3fe156e6d,e31d3bd35048c001b1b5,3,False,pending
0c77b801bae3fe156e6d,dd5096f640d1d9e1f179,3,False,pending
0c77b801bae3fe156e6d,c16dfe36e45182dcd8c4,2,False,pending
0c77b801bae3fe156e6d,1c323ec790b46a0fc94c,2,False,pending
0c77b801bae3fe156e6d,24ac24e73f5155f59050,2,False,pending
0c77b801bae3fe156e6d,e8aef625c65a43f871f4,2,False,pending
0c77b801bae3fe156e6d,8fd76bf0fefa4b1ef756,0,False,pending
9d3092adb21fd823c647,683d8f58729812349870,0,False,pending
9d3092adb21fd823c647,d263955886636a76cd5b,0,False,pending
9d3092adb21fd823c647,1d1e9fecf55a6a54d0b7,2,False,pending
9d3092adb21fd823c647,e31d3bd35048c001b1b5,2,False,pending
9d3092adb21fd823c647,dd5096f640d1d9e1f179,2,False,pending
9d3092adb21fd823c647,c16dfe36e45182dcd8c4,1,False,pending
9d3092adb21fd823c647,1c323ec790b46a0fc94c,1,False,pending
9d3092adb21fd823c647,24ac24e73f5155f59050,1,False,pending
9d3092adb21fd823c647,e8aef625c65a43f871f4,3,False,pending
9d3092adb21fd823c647,8fd76bf0fefa4b1ef756,1,False,pending
3c627e00b8f778275c7d,683d8f58729812349870,0,False,pending
3c627e00b8f778275c7d,d263955886636a76cd5b,0,False,pending
3c627e00b8f778275c7d,1d1e9fecf55a6a54d0b7,2,False,pending
3c627e00b8f778275c7d,e31d3bd35048c001b1b5,2,False,pending
3c627e00b8f778275c7d,dd5096f640d1d9e1f179,2,False,pending
3c627e00b8f778275c7d,c16dfe36e45182dcd8c4,1,False,pending
3c627e00b8f778275c7d,1c323ec790b46a0fc94c,1,False,pending
3c627e00b8f778275c7d,24ac24e73f5155f59050,1,False,pending
3c627e00b8f778275c7d,e8aef625c65a43f871f4,3,False,pending
3c627e00b8f778275c7d,8fd76bf0fefa4b1ef756,1,False,pending
eb2e135695d95ca4388e,683d8f58729812349870,0,False,pending
eb2e135695d95ca4388e,d263955886636a76cd5b,0,False,pending
eb2e135695d95ca4388e,1d1e9fecf55a6a54d0b7,2,False,pending
eb2e135695d95ca4388e,e31d3bd35048c001b1b5,2,False,pending
eb2e135695d95ca4388e,dd5096f640d1d9e1f179,2,False,pending
eb2e135695d95ca4388e,c16dfe36e45182dcd8c4,1,False,pending
eb2e135695d95ca4388e,1c323ec790b46a0fc94c,1,False,pending
eb2e135695d95ca4388e,24ac24e73f5155f59050,1,False,pending
eb2e135695d95ca4388e,e8aef625c65a43f871f4,3,False,pending
eb2e135695d95ca4388e,8fd76bf0fefa4b1ef756,1,False,pending
cd981a695c61006a5193,683d8f58729812349870,0,False,pending
cd981a695c61006a5193,d263955886636a76cd5b,0,False,pending
cd981a695c61006a5193,1d1e9fecf55a6a54d0b7,2,False,pending
cd981a695c61006a5193,e31d3bd35048c001b1b5,2,False,pending
cd981a695c61006a5193,dd5096f640d1d9e1f179,2,False,pending
cd981a695c61006a5193,c16dfe36e45182dcd8c4,1,False,pending
cd981a695c61006a5193,1c323ec790b46a0fc94c,1,False,pending
cd981a695c61006a5193,24ac24e73f5155f59050,1,False,pending
cd981a695c61006a5193,e8aef625c65a43f871f4,3,False,pending
cd981a695c61006a5193,8fd76bf0fefa4b1ef756,1,False,pending
683d8f58729812349870,1d1e9fecf55a6a54d0b7,2,False,pending
683d8f58729812349870,e31d3bd35048c001b1b5,2,False,pending
683d8f58729812349870,dd5096f640d1d9e1f179,2,False,pending
683d8f58729812349870,c16dfe36e45182dcd8c4,1,False,pending
683d8f58729812349870,1c323ec790b46a0fc94c,1,False,pending
683d8f58729812349870,24ac24e73f5155f59050,1,False,pending
683d8f58729812349870,e8aef625c65a43f871f4,3,False,pending
683d8f58729812349870,8fd76bf0fefa4b1ef756,1,False,pending
d263955886636a76cd5b,1d1e9fecf55a6a54d0b7,2,False,pending
d263955886636a76cd5b,e31d3bd35048c001b1b5,2,False,pending
d263955886636a76cd5b,dd5096f640d1d9e1f179,2,False,pending
d263955886636a76cd5b,c16dfe36e45182dcd8c4,1,False,pending
d263955886636a76cd5b,1c323ec790b46a0fc94c,1,False,pending
d263955886636a76cd5b,24ac24e73f5155f59050,1,False,pending
d263955886636a76cd5b,e8aef625c65a43f871f4,3,False,pending
d263955886636a76cd5b,8fd76bf0fefa4b1ef756,1,False,pending
1d1e9fecf55a6a54d0b7,c16dfe36e45182dcd8c4,1,False,pending
1d1e9fecf55a6a54d0b7,1c323ec790b46a0fc94c,1,False,pending
1d1e9fecf55a6a54d0b7,24ac24e73f5155f59050,1,False,pending
1d1e9fecf55a6a54d0b7,9cab1acbab636212e518,3,False,pending
1d1e9fecf55a6a54d0b7,8fd76bf0fefa4b1ef756,3,False,pending
1d1e9fecf55a6a54d0b7,7721577fbdfc1d0ca548,3,False,pending
e31d3bd35048c001b1b5,c16dfe36e45182dcd8c4,1,False,pending
e31d3bd35048c001b1b5,1c323ec790b46a0fc94c,1,False,pending
e31d3bd35048c001b1b5,24ac24e73f5155f59050,1,False,pending
e31d3bd35048c001b1b5,9cab1acbab636212e518,3,False,pending
e31d3bd35048c001b1b5,8fd76bf0fefa4b1ef756,3,False,pending
e31d3bd35048c001b1b5,7721577fbdfc1d0ca548,3,False,pending
dd5096f640d1d9e1f179,c16dfe36e45182dcd8c4,1,False,pending
dd5096f640d1d9e1f179,1c323ec790b46a0fc94c,1,False,pending
dd5096f640d1d9e1f179,24ac24e73f5155f59050,1,False,pending
dd5096f640d1d9e1f179,9cab1acbab636212e518,3,False,pending
dd5096f640d1d9e1f179,8fd76bf0fefa4b1ef756,3,False,pending
dd5096f640d1d9e1f179,7721577fbdfc1d0ca548,3,False,pending
c16dfe36e45182dcd8c4,9cab1acbab636212e518,4,False,pending
c16dfe36e45182dcd8c4,e8aef625c65a43f871f4,4,False,pending
c16dfe36e45182dcd8c4,8fd76bf0fefa4b1ef756,2,False,pending
c16dfe36e45182dcd8c4,7721577fbdfc1d0ca548,4,False,pending
1c323ec790b46a0fc94c,9cab1acbab636212e518,4,False,pending
1c323ec790b46a0fc94c,e8aef625c65a43f871f4,4,False,pending
1c323ec790b46a0fc94c,8fd76bf0fefa4b1ef756,2,False,pending
1c323ec790b46a0fc94c,7721577fbdfc1d0ca548,4,False,pending
24ac24e73f5155f59050,9cab1acbab636212e518,4,False,pending
24ac24e73f5155f59050,e8aef625c65a43f871f4,4,False,pending
24ac24e73f5155f59050,8fd76bf0fefa4b1ef756,2,False,pending
24ac24e73f5155f59050,7721577fbdfc1d0ca548,4,False,pending
8283dfec22bae7899da8,272ffe55db3afee8edb7,3,False,pending
8283dfec22bae7899da8,20b525678d457423fd22,3,False,pending
8283dfec22bae7899da8,de9a474fefdaa3062367,3,False,pending
8283dfec22bae7899da8,e112bb55b65992c0b4c6,3,False,pending
79039885a06a9e0d4d0e,70366c2cb6f35dd56a99,3,False,pending
79039885a06a9e0d4d0e,6a2e02887b462fd44dea,3,False,pending
79039885a06a9e0d4d0e,bd40b5003b45fff32575,4,False,pending
79039885a06a9e0d4d0e,1d9d4c0bc5fa80dac1e4,4,False,pending
79039885a06a9e0d4d0e,272ffe55db3afee8edb7,4,False,pending
79039885a06a9e0d4d0e,20b525678d457423fd22,4,False,pending
79039885a06a9e0d4d0e,de9a474fefdaa3062367,4,False,pending
79039885a06a9e0d4d0e,c5db0d54e31757641f41,4,False,pending
79039885a06a9e0d4d0e,e112bb55b65992c0b4c6,4,False,pending
65c9a1dba5ee08208e10,70366c2cb6f35dd56a99,3,False,pending
65c9a1dba5ee08208e10,6a2e02887b462fd44dea,3,False,pending
65c9a1dba5ee08208e10,bd40b5003b45fff32575,4,False,pending
65c9a1dba5ee08208e10,1d9d4c0bc5fa80dac1e4,4,False,pending
65c9a1dba5ee08208e10,272ffe55db3afee8edb7,4,False,pending
65c9a1dba5ee08208e10,20b525678d457423fd22,4,False,pending
65c9a1dba5ee08208e10,de9a474fefdaa3062367,4,False,pending
65c9a1dba5ee08208e10,c5db0d54e31757641f41,4,False,pending
65c9a1dba5ee08208e10,e112bb55b65992c0b4c6,4,False,pending
3a6646bc2ab9314646c5,2bf2465ebffcb29351e4,1,False,pending
3a6646bc2ab9314646c5,f56afd6acf6ec0e9d5b1,1,False,pending
3a6646bc2ab9314646c5,499d2975f11600d7cca6,1,False,pending
3a6646bc2ab9314646c5,70366c2cb6f35dd56a99,3,False,pending
3a6646bc2ab9314646c5,6a2e02887b462fd44dea,3,False,pending
3a6646bc2ab9314646c5,272ffe55db3afee8edb7,2,False,pending
3a6646bc2ab9314646c5,20b525678d457423fd22,2,False,pending
3a6646bc2ab9314646c5,de9a474fefdaa3062367,2,False,pending
3a6646bc2ab9314646c5,e112bb55b65992c0b4c6,2,False,pending
98ada850400381b17150,2bf2465ebffcb29351e4,1,False,pending
98ada850400381b17150,f56afd6acf6ec0e9d5b1,1,False,pending
98ada850400381b17150,499d2975f11600d7cca6,1,False,pending
98ada850400381b17150,70366c2cb6f35dd56a99,3,False,pending
98ada850400381b17150,6a2e02887b462fd44dea,3,False,pending
98ada850400381b17150,272ffe55db3afee8edb7,2,False,pending
98ada850400381b17150,20b525678d457423fd22,2,False,pending
98ada850400381b17150,de9a474fefdaa3062367,2,False,pending
98ada850400381b17150,e112bb55b65992c0b4c6,2,False,pending
2bf2465ebffcb29351e4,70366c2cb6f35dd56a99,2,False,pending
2bf2465ebffcb29351e4,6a2e02887b462fd44dea,2,False,pending
2bf2465ebffcb29351e4,13a279618fe46f3fab0f,4,False,pending
2bf2465ebffcb29351e4,02443ea0ab17b8b16cdc,4,False,pending
2bf2465ebffcb29351e4,69277044b510e6c7d4db,4,False,pending
2bf2465ebffcb29351e4,d664d5864f7aed4a2a9f,4,False,pending
2bf2465ebffcb29351e4,fa2f8787b460f927c410,4,False,pending
2bf2465ebffcb29351e4,272ffe55db3afee8edb7,3,False,pending
2bf2465ebffcb29351e4,20b525678d457423fd22,3,False,pending
2bf2465ebffcb29351e4,de9a474fefdaa3062367,3,False,pending
2bf2465ebffcb29351e4,bde9664d568fc3d4970e,1,False,pending
2bf2465ebffcb29351e4,e112bb55b65992c0b4c6,3,False,pending
f56afd6acf6ec0e9d5b1,70366c2cb6f35dd56a99,2,False,pending
f56afd6acf6ec0e9d5b1,6a2e02887b462fd44dea,2,False,pending
f56afd6acf6ec0e9d5b1,13a279618fe46f3fab0f,4,False,pending
f56afd6acf6ec0e9d5b1,02443ea0ab17b8b16cdc,4,False,pending
f56afd6acf6ec0e9d5b1,69277044b510e6c7d4db,4,False,pending
f56afd6acf6ec0e9d5b1,d664d5864f7aed4a2a9f,4,False,pending
f56afd6acf6ec0e9d5b1,fa2f8787b460f927c410,4,False,pending
f56afd6acf6ec0e9d5b1,272ffe55db3afee8edb7,3,False,pending
f56afd6acf6ec0e9d5b1,20b525678d457423fd22,3,False,pending
f56afd6acf6ec0e9d5b1,de9a474fefdaa3062367,3,False,pending
f56afd6acf6ec0e9d5b1,bde9664d568fc3d4970e,1,False,pending
f56afd6acf6ec0e9d5b1,e112bb55b65992c0b4c6,3,False,pending
499d2975f11600d7cca6,70366c2cb6f35dd56a99,2,False,pending
499d2975f11600d7cca6,6a2e02887b462fd44dea,2,False,pending
499d2975f11600d7cca6,13a279618fe46f3fab0f,4,False,pending
499d2975f11600d7cca6,02443ea0ab17b8b16cdc,4,False,pending
499d2975f11600d7cca6,69277044b510e6c7d4db,4,False,pending
499d2975f11600d7cca6,d664d5864f7aed4a2a9f,4,False,pending
499d2975f11600d7cca6,fa2f8787b460f927c410,4,False,pending
499d2975f11600d7cca6,272ffe55db3afee8edb7,3,False,pending
499d2975f11600d7cca6,20b525678d457423fd22,3,False,pending
499d2975f11600d7cca6,de9a474fefdaa3062367,3,False,pending
499d2975f11600d7cca6,bde9664d568fc3d4970e,1,False,pending
499d2975f11600d7cca6,e112bb55b65992c0b4c6,3,False,pending
70366c2cb6f35dd56a99,13a279618fe46f3fab0f,2,False,pending
70366c2cb6f35dd56a99,02443ea0ab17b8b16cdc,2,False,pending
70366c2cb6f35dd56a99,bd40b5003b45fff32575,3,False,pending
70366c2cb6f35dd56a99,1d9d4c0bc5fa80dac1e4,3,False,pending
70366c2cb6f35dd56a99,69277044b510e6c7d4db,4,False,pending
70366c2cb6f35dd56a99,d664d5864f7aed4a2a9f,4,False,pending
70366c2cb6f35dd56a99,fa2f8787b460f927c410,4,False,pending
70366c2cb6f35dd56a99,5a67c6fee771589bfc2c,4,False,pending
70366c2cb6f35dd56a99,42f20f2c9b14e932d5db,4,False,pending
70366c2cb6f35dd56a99,49e0257904cdc8d55b89,4,False,pending
70366c2cb6f35dd56a99,272ffe55db3afee8edb7,3,False,pending
70366c2cb6f35dd56a99,20b525678d457423fd22,3,False,pending
70366c2cb6f35dd56a99,de9a474fefdaa3062367,3,False,pending
70366c2cb6f35dd56a99,cc23e451bcf4412aa859,3,False,pending
70366c2cb6f35dd56a99,bde9664d568fc3d4970e,3,False,pending
70366c2cb6f35dd56a99,c5db0d54e31757641f41,3,False,pending
70366c2cb6f35dd56a99,e112bb55b65992c0b4c6,3,False,pending
6a2e02887b462fd44dea,13a279618fe46f3fab0f,2,False,pending
6a2e02887b462fd44dea,02443ea0ab17b8b16cdc,2,False,pending
6a2e02887b462fd44dea,bd40b5003b45fff32575,3,False,pending
6a2e02887b462fd44dea,1d9d4c0bc5fa80dac1e4,3,False,pending
6a2e02887b462fd44dea,69277044b510e6c7d4db,4,False,pending
6a2e02887b462fd44dea,d664d5864f7aed4a2a9f,4,False,pending
6a2e02887b462fd44dea,fa2f8787b460f927c410,4,False,pending
6a2e02887b462fd44dea,5a67c6fee771589bfc2c,4,False,pending
6a2e02887b462fd44dea,42f20f2c9b14e932d5db,4,False,pending
6a2e02887b462fd44dea,49e0257904cdc8d55b89,4,False,pending
6a2e02887b462fd44dea,272ffe55db3afee8edb7,3,False,pending
6a2e02887b462fd44dea,20b525678d457423fd22,3,False,pending
6a2e02887b462fd44dea,de9a474fefdaa3062367,3,False,pending
6a2e02887b462fd44dea,cc23e451bcf4412aa859,3,False,pending
6a2e02887b462fd44dea,bde9664d568fc3d4970e,3,False,pending
6a2e02887b462fd44dea,c5db0d54e31757641f41,3,False,pending
6a2e02887b462fd44dea,e112bb55b65992c0b4c6,3,False,pending
13a279618fe46f3fab0f,bd40b5003b45fff32575,1,False,pending
13a279618fe46f3fab0f,1d9d4c0bc5fa80dac1e4,1,False,pending
13a279618fe46f3fab0f,69277044b510e6c7d4db,2,False,pending
13a279618fe46f3fab0f,d664d5864f7aed4a2a9f,2,False,pending
13a279618fe46f3fab0f,fa2f8787b460f927c410,2,False,pending
13a279618fe46f3fab0f,5a67c6fee771589bfc2c,2,False,pending
13a279618fe46f3fab0f,42f20f2c9b14e932d5db,2,False,pending
13a279618fe46f3fab0f,49e0257904cdc8d55b89,2,False,pending
13a279618fe46f3fab0f,c5db0d54e31757641f41,1,False,pending
02443ea0ab17b8b16cdc,bd40b5003b45fff32575,1,False,pending
02443ea0ab17b8b16cdc,1d9d4c0bc5fa80dac1e4,1,False,pending
02443ea0ab17b8b16cdc,69277044b510e6c7d4db,2,False,pending
02443ea0ab17b8b16cdc,d664d5864f7aed4a2a9f,2,False,pending
02443ea0ab17b8b16cdc,fa2f8787b460f927c410,2,False,pending
02443ea0ab17b8b16cdc,5a67c6fee771589bfc2c,2,False,pending
02443ea0ab17b8b16cdc,42f20f2c9b14e932d5db,2,False,pending
02443ea0ab17b8b16cdc,49e0257904cdc8d55b89,2,False,pending
02443ea0ab17b8b16cdc,c5db0d54e31757641f41,1,False,pending
bd40b5003b45fff32575,69277044b510e6c7d4db,1,False,pending
bd40b5003b45fff32575,d664d5864f7aed4a2a9f,1,False,pending
bd40b5003b45fff32575,fa2f8787b460f927c410,1,False,pending
bd40b5003b45fff32575,5a67c6fee771589bfc2c,1,False,pending
bd40b5003b45fff32575,42f20f2c9b14e932d5db,1,False,pending
bd40b5003b45fff32575,49e0257904cdc8d55b89,1,False,pending
bd40b5003b45fff32575,272ffe55db3afee8edb7,4,False,pending
bd40b5003b45fff32575,20b525678d457423fd22,4,False,pending
bd40b5003b45fff32575,de9a474fefdaa3062367,4,False,pending
bd40b5003b45fff32575,cc23e451bcf4412aa859,4,False,pending
bd40b5003b45fff32575,e112bb55b65992c0b4c6,4,False,pending
1d9d4c0bc5fa80dac1e4,69277044b510e6c7d4db,1,False,pending
1d9d4c0bc5fa80dac1e4,d664d5864f7aed4a2a9f,1,False,pending
1d9d4c0bc5fa80dac1e4,fa2f8787b460f927c410,1,False,pending
1d9d4c0bc5fa80dac1e4,5a67c6fee771589bfc2c,1,False,pending
1d9d4c0bc5fa80dac1e4,42f20f2c9b14e932d5db,1,False,pending
1d9d4c0bc5fa80dac1e4,49e0257904cdc8d55b89,1,False,pending
1d9d4c0bc5fa80dac1e4,272ffe55db3afee8edb7,4,False,pending
1d9d4c0bc5fa80dac1e4,20b525678d457423fd22,4,False,pending
1d9d4c0bc5fa80dac1e4,de9a474fefdaa3062367,4,False,pending
1d9d4c0bc5fa80dac1e4,cc23e451bcf4412aa859,4,False,pending
1d9d4c0bc5fa80dac1e4,e112bb55b65992c0b4c6,4,False,pending
69277044b510e6c7d4db,5a67c6fee771589bfc2c,2,False,pending
69277044b510e6c7d4db,42f20f2c9b14e932d5db,2,False,pending
69277044b510e6c7d4db,49e0257904cdc8d55b89,2,False,pending
69277044b510e6c7d4db,c5db0d54e31757641f41,1,False,pending
d664d5864f7aed4a2a9f,5a67c6fee771589bfc2c,2,False,pending
d664d5864f7aed4a2a9f,42f20f2c9b14e932d5db,2,False,pending
d664d5864f7aed4a2a9f,49e0257904cdc8d55b89,2,False,pending
d664d5864f7aed4a2a9f,c5db0d54e31757641f41,1,False,pending
fa2f8787b460f927c410,5a67c6fee771589bfc2c,2,False,pending
fa2f8787b460f927c410,42f20f2c9b14e932d5db,2,False,pending
fa2f8787b460f927c410,49e0257904cdc8d55b89,2,False,pending
fa2f8787b460f927c410,c5db0d54e31757641f41,1,False,pending
5a67c6fee771589bfc2c,42f20f2c9b14e932d5db,0,False,pending
5a67c6fee771589bfc2c,49e0257904cdc8d55b89,0,False,pending
5a67c6fee771589bfc2c,c5db0d54e31757641f41,1,False,pending
42f20f2c9b14e932d5db,c5db0d54e31757641f41,1,False,pending
49e0257904cdc8d55b89,c5db0d54e31757641f41,1,False,pending
272ffe55db3afee8edb7,cc23e451bcf4412aa859,4,False,pending
272ffe55db3afee8edb7,bde9664d568fc3d4970e,2,False,pending
272ffe55db3afee8edb7,c5db0d54e31757641f41,4,False,pending
20b525678d457423fd22,cc23e451bcf4412aa859,4,False,pending
20b525678d457423fd22,bde9664d568fc3d4970e,2,False,pending
20b525678d457423fd22,c5db0d54e31757641f41,4,False,pending
de9a474fefdaa3062367,cc23e451bcf4412aa859,4,False,pending
de9a474fefdaa3062367,bde9664d568fc3d4970e,2,False,pending
de9a474fefdaa3062367,c5db0d54e31757641f41,4,False,pending
a1c3cabecbc84aa22126,5f10b22b00b23317bb1a,2,False,pending
a1c3cabecbc84aa22126,ece9c2831a45bac2acf7,2,False,pending
945ce876771f2332a886,5f10b22b00b23317bb1a,2,False,pending
945ce876771f2332a886,ece9c2831a45bac2acf7,2,False,pending
38ebdf4db1f63b0baa18,5f10b22b00b23317bb1a,2,False,pending
38ebdf4db1f63b0baa18,ece9c2831a45bac2acf7,2,False,pending
478a37e4213fa9678a9c,5f10b22b00b23317bb1a,4,False,pending
478a37e4213fa9678a9c,ece9c2831a45bac2acf7,4,False,pending
bf99da374098f66b61b0,5f10b22b00b23317bb1a,4,False,pending
bf99da374098f66b61b0,ece9c2831a45bac2acf7,4,False,pending
5f10b22b00b23317bb1a,7aa1889e7ab1a3c032c7,4,False,pending
5f10b22b00b23317bb1a,e88de63ff196f66f0472,4,False,pending
5f10b22b00b23317bb1a,a40cc548cd81502de9f6,4,False,pending
5f10b22b00b23317bb1a,1aef742bd93f38c3f02f,4,False,pending
5fedbe740da6fb72bd74,7aa1889e7ab1a3c032c7,3,False,pending
5fedbe740da6fb72bd74,e88de63ff196f66f0472,3,False,pending
5fedbe740da6fb72bd74,94eb60ddbb0a828862fc,4,False,pending
5fedbe740da6fb72bd74,7378795cb38cd0212630,4,False,pending
5fedbe740da6fb72bd74,a3bda24eae4edfb2dff9,4,False,pending
5fedbe740da6fb72bd74,1aef742bd93f38c3f02f,3,False,pending
7aa1889e7ab1a3c032c7,94eb60ddbb0a828862fc,3,False,pending
7aa1889e7ab1a3c032c7,7378795cb38cd0212630,3,False,pending
7aa1889e7ab1a3c032c7,a3bda24eae4edfb2dff9,3,False,pending
7aa1889e7ab1a3c032c7,ece9c2831a45bac2acf7,4,False,pending
e88de63ff196f66f0472,94eb60ddbb0a828862fc,3,False,pending
e88de63ff196f66f0472,7378795cb38cd0212630,3,False,pending
e88de63ff196f66f0472,a3bda24eae4edfb2dff9,3,False,pending
e88de63ff196f66f0472,ece9c2831a45bac2acf7,4,False,pending
94eb60ddbb0a828862fc,1aef742bd93f38c3f02f,3,False,pending
7378795cb38cd0212630,1aef742bd93f38c3f02f,3,False,pending
a3bda24eae4edfb2dff9,1aef742bd93f38c3f02f,3,False,pending
70974cccdd7a7d63949d,8252eceecef1ba121f59,4,False,pending
fbaaed779d39246b9e58,8252eceecef1ba121f59,4,False,pending
a3c4a5fa11397fbb53eb,c6c08cf6a105c297af44,4,False,pending
a3c4a5fa11397fbb53eb,0d3422d25457bb999245,4,False,pending
03136d31ef27826b80c9,c6c08cf6a105c297af44,4,False,pending
03136d31ef27826b80c9,0d3422d25457bb999245,4,False,pending
1c8e97588593de46034a,9643a82a9b435d1c826e,4,False,pending
1c8e97588593de46034a,897c6a7eb3f9f466d4d3,4,False,pending
1c8e97588593de46034a,757c62e22c6cb7da3a2d,4,False,pending
f81fb66932361c079e14,9643a82a9b435d1c826e,4,False,pending
f81fb66932361c079e14,897c6a7eb3f9f466d4d3,4,False,pending
f81fb66932361c079e14,757c62e22c6cb7da3a2d,4,False,pending
826347d70b9c270c68d3,9643a82a9b435d1c826e,4,False,pending
826347d70b9c270c68d3,897c6a7eb3f9f466d4d3,4,False,pending
826347d70b9c270c68d3,757c62e22c6cb7da3a2d,4,False,pending
c87b4b2bd16b0a07b5fe,9643a82a9b435d1c826e,1,False,pending
c87b4b2bd16b0a07b5fe,897c6a7eb3f9f466d4d3,1,False,pending
c87b4b2bd16b0a07b5fe,757c62e22c6cb7da3a2d,1,False,pending
eaed79e7709ec761a075,9643a82a9b435d1c826e,1,False,pending
eaed79e7709ec761a075,897c6a7eb3f9f466d4d3,1,False,pending
eaed79e7709ec761a075,757c62e22c6cb7da3a2d,1,False,pending
267b87418ed928645b66,9643a82a9b435d1c826e,1,False,pending
267b87418ed928645b66,897c6a7eb3f9f466d4d3,1,False,pending
267b87418ed928645b66,757c62e22c6cb7da3a2d,1,False,pending
9643a82a9b435d1c826e,19fed5d94a5541b666bd,4,False,pending
897c6a7eb3f9f466d4d3,19fed5d94a5541b666bd,4,False,pending
f84c09683efb494af081,8d0ff565bb990f08e2f9,1,False,pending
f84c09683efb494af081,a12db3cf3326251b9bea,1,False,pending
f84c09683efb494af081,bb0b0f496edb1b50a1d9,3,False,pending
f84c09683efb494af081,8e705ba838d325fdf3eb,1,False,pending
92f693e4ccef4b50a1dc,8d0ff565bb990f08e2f9,1,False,pending
92f693e4ccef4b50a1dc,a12db3cf3326251b9bea,1,False,pending
92f693e4ccef4b50a1dc,bb0b0f496edb1b50a1d9,3,False,pending
92f693e4ccef4b50a1dc,8e705ba838d325fdf3eb,1,False,pending
29cac9077824ecfc276e,8d0ff565bb990f08e2f9,1,False,pending
29cac9077824ecfc276e,a12db3cf3326251b9bea,1,False,pending
29cac9077824ecfc276e,bb0b0f496edb1b50a1d9,3,False,pending
29cac9077824ecfc276e,8e705ba838d325fdf3eb,1,False,pending
8d0ff565bb990f08e2f9,bb0b0f496edb1b50a1d9,4,False,pending
a12db3cf3326251b9bea,bb0b0f496edb1b50a1d9,4,False,pending
61d78ce58476e4fae645,46b812dc1001b7d3b6e5,1,False,pending
61d78ce58476e4fae645,ae46c54df758a7a30ff0,1,False,pending
61d78ce58476e4fae645,234fecbf65b6c0dcebd3,1,False,pending
61d78ce58476e4fae645,7ad7ca9d7436bd407ef2,2,False,pending
61d78ce58476e4fae645,1b1f9723e7318bf841ac,2,False,pending
61d78ce58476e4fae645,8a124b4a7aac984a1de8,4,False,pending
61d78ce58476e4fae645,2633580c5487f1c8726c,4,False,pending
61d78ce58476e4fae645,3233ef677ac147f7d882,3,False,pending
61d78ce58476e4fae645,684b07bac82031baa8f9,3,False,pending
61d78ce58476e4fae645,c20d0ea4952d0d32a521,3,False,pending
61d78ce58476e4fae645,7d83dc58278ebef8d3a3,2,False,pending
61d78ce58476e4fae645,f728f90e984d76c12ba9,2,False,pending
61d78ce58476e4fae645,1dbe06181cdd45414a9d,3,False,pending
61d78ce58476e4fae645,f8080a59db0763d5ba43,3,False,pending
61d78ce58476e4fae645,ca517e90209b74e234aa,2,False,pending
61d78ce58476e4fae645,2fe0e29226e48d98168f,2,False,pending
61d78ce58476e4fae645,9657778bc49c6cdb6612,2,False,pending
61d78ce58476e4fae645,5efa4cb81101b3e2b680,3,False,pending
61d78ce58476e4fae645,a9df733be3ca722f05b7,3,False,pending
61d78ce58476e4fae645,6b59312903ac971959e2,2,False,pending
61d78ce58476e4fae645,408baf4fbb17803fb3d6,2,False,pending
61d78ce58476e4fae645,f07c3f628a3be785edd9,2,False,pending
61d78ce58476e4fae645,3b22ca9b2517d576f22e,2,False,pending
61d78ce58476e4fae645,191754d258d36fefbe05,4,False,pending
61d78ce58476e4fae645,3ee9ebe89dbac0ce6246,4,False,pending
61d78ce58476e4fae645,e906d3346b0f8c3676f8,4,False,pending
61d78ce58476e4fae645,ca031beab1a7fb2cd198,4,False,pending
61d78ce58476e4fae645,c1027b69b773fd8abb77,4,False,pending
61d78ce58476e4fae645,4b00fd3983cf5315bdd2,2,False,pending
61d78ce58476e4fae645,c96e3bcc8986f4a0001a,2,False,pending
61d78ce58476e4fae645,b94caabc4b10487bdec5,2,False,pending
61d78ce58476e4fae645,107768ca7825c509d025,3,False,pending
61d78ce58476e4fae645,7263cae6e898bc7f20a8,1,False,pending
61d78ce58476e4fae645,05e8c1eee0399894908c,4,False,pending
61d78ce58476e4fae645,593775773d3c5912b25e,4,False,pending
61d78ce58476e4fae645,335603eeb8e00360812a,4,False,pending
61d78ce58476e4fae645,1fc549a3f42c99dd7b4f,3,False,pending
61d78ce58476e4fae645,4ce09bb5dd2b2104683e,3,False,pending
61d78ce58476e4fae645,c263b10acbed7d9ce56e,2,False,pending
61d78ce58476e4fae645,7dfa8a88e189555d71ca,3,False,pending
61d78ce58476e4fae645,b77776a9914b2542a475,3,False,pending
61d78ce58476e4fae645,a8381cf3831847e1b254,2,False,pending
61d78ce58476e4fae645,644b08ea92be7e5966f5,1,False,pending
61d78ce58476e4fae645,a9f2d079250f8ca533f2,1,False,pending
61d78ce58476e4fae645,3435b205cf2894c16d94,1,False,pending
61d78ce58476e4fae645,561e219f4507a73d9826,2,False,pending
61d78ce58476e4fae645,55fb626c9581efc07447,3,False,pending
61d78ce58476e4fae645,b8f70e59b3e6a470efd1,3,False,pending
61d78ce58476e4fae645,02637da2d1bec857f727,2,False,pending
61d78ce58476e4fae645,e7306963a8ec3a39a8c6,2,False,pending
46b812dc1001b7d3b6e5,234fecbf65b6c0dcebd3,2,False,pending
46b812dc1001b7d3b6e5,7ad7ca9d7436bd407ef2,3,False,pending
46b812dc1001b7d3b6e5,1b1f9723e7318bf841ac,3,False,pending
46b812dc1001b7d3b6e5,3233ef677ac147f7d882,2,False,pending
46b812dc1001b7d3b6e5,684b07bac82031baa8f9,2,False,pending
46b812dc1001b7d3b6e5,c20d0ea4952d0d32a521,2,False,pending
46b812dc1001b7d3b6e5,7d83dc58278ebef8d3a3,3,False,pending
46b812dc1001b7d3b6e5,f728f90e984d76c12ba9,3,False,pending
46b812dc1001b7d3b6e5,1dbe06181cdd45414a9d,2,False,pending
46b812dc1001b7d3b6e5,f8080a59db0763d5ba43,2,False,pending
46b812dc1001b7d3b6e5,ca517e90209b74e234aa,3,False,pending
46b812dc1001b7d3b6e5,2fe0e29226e48d98168f,3,False,pending
46b812dc1001b7d3b6e5,9657778bc49c6cdb6612,3,False,pending
46b812dc1001b7d3b6e5,5efa4cb81101b3e2b680,4,False,pending
46b812dc1001b7d3b6e5,a9df733be3ca722f05b7,4,False,pending
46b812dc1001b7d3b6e5,6b59312903ac971959e2,3,False,pending
46b812dc1001b7d3b6e5,408baf4fbb17803fb3d6,3,False,pending
46b812dc1001b7d3b6e5,f07c3f628a3be785edd9,3,False,pending
46b812dc1001b7d3b6e5,3b22ca9b2517d576f22e,3,False,pending
46b812dc1001b7d3b6e5,4b00fd3983cf5315bdd2,1,False,pending
46b812dc1001b7d3b6e5,c96e3bcc8986f4a0001a,1,False,pending
46b812dc1001b7d3b6e5,b94caabc4b10487bdec5,3,False,pending
46b812dc1001b7d3b6e5,107768ca7825c509d025,4,False,pending
46b812dc1001b7d3b6e5,7263cae6e898bc7f20a8,2,False,pending
46b812dc1001b7d3b6e5,1fc549a3f42c99dd7b4f,4,False,pending
46b812dc1001b7d3b6e5,4ce09bb5dd2b2104683e,4,False,pending
46b812dc1001b7d3b6e5,c263b10acbed7d9ce56e,3,False,pending
46b812dc1001b7d3b6e5,7dfa8a88e189555d71ca,4,False,pending
46b812dc1001b7d3b6e5,b77776a9914b2542a475,4,False,pending
46b812dc1001b7d3b6e5,a8381cf3831847e1b254,3,False,pending
46b812dc1001b7d3b6e5,70bfcd6593828bddbc28,1,False,pending
46b812dc1001b7d3b6e5,3435b205cf2894c16d94,2,False,pending
46b812dc1001b7d3b6e5,561e219f4507a73d9826,3,False,pending
46b812dc1001b7d3b6e5,55fb626c9581efc07447,2,False,pending
46b812dc1001b7d3b6e5,b8f70e59b3e6a470efd1,4,False,pending
46b812dc1001b7d3b6e5,02637da2d1bec857f727,3,False,pending
46b812dc1001b7d3b6e5,e7306963a8ec3a39a8c6,3,False,pending
ae46c54df758a7a30ff0,234fecbf65b6c0dcebd3,2,False,pending
ae46c54df758a7a30ff0,7ad7ca9d7436bd407ef2,3,False,pending
ae46c54df758a7a30ff0,1b1f9723e7318bf841ac,3,False,pending
ae46c54df758a7a30ff0,3233ef677ac147f7d882,2,False,pending
ae46c54df758a7a30ff0,684b07bac82031baa8f9,2,False,pending
ae46c54df758a7a30ff0,c20d0ea4952d0d32a521,2,False,pending
ae46c54df758a7a30ff0,7d83dc58278ebef8d3a3,3,False,pending
ae46c54df758a7a30ff0,f728f90e984d76c12ba9,3,False,pending
ae46c54df758a7a30ff0,1dbe06181cdd45414a9d,2,False,pending
ae46c54df758a7a30ff0,f8080a59db0763d5ba43,2,False,pending
ae46c54df758a7a30ff0,ca517e90209b74e234aa,3,False,pending
ae46c54df758a7a30ff0,2fe0e29226e48d98168f,3,False,pending
ae46c54df758a7a30ff0,9657778bc49c6cdb6612,3,False,pending
ae46c54df758a7a30ff0,5efa4cb81101b3e2b680,4,False,pending
ae46c54df758a7a30ff0,a9df733be3ca722f05b7,4,False,pending
ae46c54df758a7a30ff0,6b59312903ac971959e2,3,False,pending
ae46c54df758a7a30ff0,408baf4fbb17803fb3d6,3,False,pending
ae46c54df758a7a30ff0,f07c3f628a3be785edd9,3,False,pending
ae46c54df758a7a30ff0,3b22ca9b2517d576f22e,3,False,pending
ae46c54df758a7a30ff0,4b00fd3983cf5315bdd2,1,False,pending
ae46c54df758a7a30ff0,c96e3bcc8986f4a0001a,1,False,pending
ae46c54df758a7a30ff0,b94caabc4b10487bdec5,3,False,pending
ae46c54df758a7a30ff0,107768ca7825c509d025,4,False,pending
ae46c54df758a7a30ff0,7263cae6e898bc7f20a8,2,False,pending
ae46c54df758a7a30ff0,1fc549a3f42c99dd7b4f,4,False,pending
ae46c54df758a7a30ff0,4ce09bb5dd2b2104683e,4,False,pending
ae46c54df758a7a30ff0,c263b10acbed7d9ce56e,3,False,pending
ae46c54df758a7a30ff0,7dfa8a88e189555d71ca,4,False,pending
ae46c54df758a7a30ff0,b77776a9914b2542a475,4,False,pending
ae46c54df758a7a30ff0,a8381cf3831847e1b254,3,False,pending
ae46c54df758a7a30ff0,70bfcd6593828bddbc28,1,False,pending
ae46c54df758a7a30ff0,3435b205cf2894c16d94,2,False,pending
ae46c54df758a7a30ff0,561e219f4507a73d9826,3,False,pending
ae46c54df758a7a30ff0,55fb626c9581efc07447,2,False,pending
ae46c54df758a7a30ff0,b8f70e59b3e6a470efd1,4,False,pending
ae46c54df758a7a30ff0,02637da2d1bec857f727,3,False,pending
ae46c54df758a7a30ff0,e7306963a8ec3a39a8c6,3,False,pending
234fecbf65b6c0dcebd3,7ad7ca9d7436bd407ef2,1,False,pending
234fecbf65b6c0dcebd3,1b1f9723e7318bf841ac,1,False,pending
234fecbf65b6c0dcebd3,8a124b4a7aac984a1de8,3,False,pending
234fecbf65b6c0dcebd3,2633580c5487f1c8726c,3,False,pending
234fecbf65b6c0dcebd3,3233ef677ac147f7d882,4,False,pending
234fecbf65b6c0dcebd3,684b07bac82031baa8f9,4,False,pending
234fecbf65b6c0dcebd3,c20d0ea4952d0d32a521,4,False,pending
234fecbf65b6c0dcebd3,7d83dc58278ebef8d3a3,1,False,pending
234fecbf65b6c0dcebd3,f728f90e984d76c12ba9,1,False,pending
234fecbf65b6c0dcebd3,1dbe06181cdd45414a9d,2,False,pending
234fecbf65b6c0dcebd3,f8080a59db0763d5ba43,2,False,pending
234fecbf65b6c0dcebd3,ca517e90209b74e234aa,1,False,pending
234fecbf65b6c0dcebd3,2fe0e29226e48d98168f,1,False,pending
234fecbf65b6c0dcebd3,9657778bc49c6cdb6612,1,False,pending
234fecbf65b6c0dcebd3,5efa4cb81101b3e2b680,2,False,pending
234fecbf65b6c0dcebd3,a9df733be3ca722f05b7,2,False,pending
234fecbf65b6c0dcebd3,6b59312903ac971959e2,1,False,pending
234fecbf65b6c0dcebd3,408baf4fbb17803fb3d6,1,False,pending
234fecbf65b6c0dcebd3,f07c3f628a3be785edd9,1,False,pending
234fecbf65b6c0dcebd3,3b22ca9b2517d576f22e,1,False,pending
234fecbf65b6c0dcebd3,2d597a64d660654649f5,4,False,pending
234fecbf65b6c0dcebd3,41571af68dc3ef81520e,4,False,pending
234fecbf65b6c0dcebd3,191754d258d36fefbe05,3,False,pending
234fecbf65b6c0dcebd3,3ee9ebe89dbac0ce6246,3,False,pending
234fecbf65b6c0dcebd3,e906d3346b0f8c3676f8,3,False,pending
234fecbf65b6c0dcebd3,0a139ca0315d6eae574d,4,False,pending
234fecbf65b6c0dcebd3,fdc891ef7b15f5953c56,4,False,pending
234fecbf65b6c0dcebd3,9b8b95815322d0a3ae79,4,False,pending
234fecbf65b6c0dcebd3,4b00fd3983cf5315bdd2,3,False,pending
234fecbf65b6c0dcebd3,c96e3bcc8986f4a0001a,3,False,pending
234fecbf65b6c0dcebd3,b94caabc4b10487bdec5,1,False,pending
234fecbf65b6c0dcebd3,107768ca7825c509d025,2,False,pending
234fecbf65b6c0dcebd3,7263cae6e898bc7f20a8,2,False,pending
234fecbf65b6c0dcebd3,05e8c1eee0399894908c,3,False,pending
234fecbf65b6c0dcebd3,1fc549a3f42c99dd7b4f,4,False,pending
234fecbf65b6c0dcebd3,4ce09bb5dd2b2104683e,2,False,pending
234fecbf65b6c0dcebd3,c263b10acbed7d9ce56e,3,False,pending
234fecbf65b6c0dcebd3,7dfa8a88e189555d71ca,2,False,pending
234fecbf65b6c0dcebd3,b77776a9914b2542a475,2,False,pending
234fecbf65b6c0dcebd3,a8381cf3831847e1b254,1,False,pending
234fecbf65b6c0dcebd3,70bfcd6593828bddbc28,1,False,pending
234fecbf65b6c0dcebd3,644b08ea92be7e5966f5,2,False,pending
234fecbf65b6c0dcebd3,a9f2d079250f8ca533f2,2,False,pending
234fecbf65b6c0dcebd3,561e219f4507a73d9826,1,False,pending
234fecbf65b6c0dcebd3,55fb626c9581efc07447,2,False,pending
234fecbf65b6c0dcebd3,b8f70e59b3e6a470efd1,2,False,pending
234fecbf65b6c0dcebd3,02637da2d1bec857f727,1,False,pending
234fecbf65b6c0dcebd3,e7306963a8ec3a39a8c6,1,False,pending
234fecbf65b6c0dcebd3,2b7e2505835e91470cb8,4,False,pending
7ad7ca9d7436bd407ef2,8a124b4a7aac984a1de8,2,False,pending
7ad7ca9d7436bd407ef2,2633580c5487f1c8726c,2,False,pending
7ad7ca9d7436bd407ef2,3233ef677ac147f7d882,3,False,pending
7ad7ca9d7436bd407ef2,684b07bac82031baa8f9,3,False,pending
7ad7ca9d7436bd407ef2,c20d0ea4952d0d32a521,3,False,pending
7ad7ca9d7436bd407ef2,7d83dc58278ebef8d3a3,2,False,pending
7ad7ca9d7436bd407ef2,f728f90e984d76c12ba9,2,False,pending
7ad7ca9d7436bd407ef2,1dbe06181cdd45414a9d,3,False,pending
7ad7ca9d7436bd407ef2,f8080a59db0763d5ba43,3,False,pending
7ad7ca9d7436bd407ef2,ca517e90209b74e234aa,2,False,pending
7ad7ca9d7436bd407ef2,2fe0e29226e48d98168f,2,False,pending
7ad7ca9d7436bd407ef2,9657778bc49c6cdb6612,2,False,pending
7ad7ca9d7436bd407ef2,5efa4cb81101b3e2b680,1,False,pending
7ad7ca9d7436bd407ef2,a9df733be3ca722f05b7,1,False,pending
7ad7ca9d7436bd407ef2,6b59312903ac971959e2,2,False,pending
7ad7ca9d7436bd407ef2,408baf4fbb17803fb3d6,2,False,pending
7ad7ca9d7436bd407ef2,f07c3f628a3be785edd9,2,False,pending
7ad7ca9d7436bd407ef2,3b22ca9b2517d576f22e,2,False,pending
7ad7ca9d7436bd407ef2,daddf8167bdfcd608d41,4,False,pending
7ad7ca9d7436bd407ef2,658e22365c321dd489fe,4,False,pending
7ad7ca9d7436bd407ef2,2d597a64d660654649f5,3,False,pending
7ad7ca9d7436bd407ef2,41571af68dc3ef81520e,3,False,pending
7ad7ca9d7436bd407ef2,191754d258d36fefbe05,4,False,pending
7ad7ca9d7436bd407ef2,3ee9ebe89dbac0ce6246,4,False,pending
7ad7ca9d7436bd407ef2,e906d3346b0f8c3676f8,4,False,pending
7ad7ca9d7436bd407ef2,1340507560e8d4d692bb,4,False,pending
7ad7ca9d7436bd407ef2,c36e8f45e46cd2c20a14,4,False,pending
7ad7ca9d7436bd407ef2,4b00fd3983cf5315bdd2,4,False,pending
7ad7ca9d7436bd407ef2,c96e3bcc8986f4a0001a,4,False,pending
7ad7ca9d7436bd407ef2,b94caabc4b10487bdec5,2,False,pending
7ad7ca9d7436bd407ef2,107768ca7825c509d025,3,False,pending
7ad7ca9d7436bd407ef2,7263cae6e898bc7f20a8,3,False,pending
7ad7ca9d7436bd407ef2,05e8c1eee0399894908c,4,False,pending
7ad7ca9d7436bd407ef2,4ce09bb5dd2b2104683e,3,False,pending
7ad7ca9d7436bd407ef2,c263b10acbed7d9ce56e,4,False,pending
7ad7ca9d7436bd407ef2,7dfa8a88e189555d71ca,3,False,pending
7ad7ca9d7436bd407ef2,b77776a9914b2542a475,3,False,pending
7ad7ca9d7436bd407ef2,a8381cf3831847e1b254,2,False,pending
7ad7ca9d7436bd407ef2,70bfcd6593828bddbc28,2,False,pending
7ad7ca9d7436bd407ef2,644b08ea92be7e5966f5,3,False,pending
7ad7ca9d7436bd407ef2,a9f2d079250f8ca533f2,3,False,pending
7ad7ca9d7436bd407ef2,3435b205cf2894c16d94,1,False,pending
7ad7ca9d7436bd407ef2,561e219f4507a73d9826,2,False,pending
7ad7ca9d7436bd407ef2,55fb626c9581efc07447,3,False,pending
7ad7ca9d7436bd407ef2,b8f70e59b3e6a470efd1,1,False,pending
7ad7ca9d7436bd407ef2,02637da2d1bec857f727,2,False,pending
7ad7ca9d7436bd407ef2,e7306963a8ec3a39a8c6,2,False,pending
7ad7ca9d7436bd407ef2,2b7e2505835e91470cb8,3,False,pending
7ad7ca9d7436bd407ef2,5dd7c49e1a9ce0914e81,4,False,pending
1b1f9723e7318bf841ac,8a124b4a7aac984a1de8,2,False,pending
1b1f9723e7318bf841ac,2633580c5487f1c8726c,2,False,pending
1b1f9723e7318bf841ac,3233ef677ac147f7d882,3,False,pending
1b1f9723e7318bf841ac,684b07bac82031baa8f9,3,False,pending
1b1f9723e7318bf841ac,c20d0ea4952d0d32a521,3,False,pending
1b1f9723e7318bf841ac,7d83dc58278ebef8d3a3,2,False,pending
1b1f9723e7318bf841ac,f728f90e984d76c12ba9,2,False,pending
1b1f9723e7318bf841ac,1dbe06181cdd45414a9d,3,False,pending
1b1f9723e7318bf841ac,f8080a59db0763d5ba43,3,False,pending
1b1f9723e7318bf841ac,ca517e90209b74e234aa,2,False,pending
1b1f9723e7318bf841ac,2fe0e29226e48d98168f,2,False,pending
1b1f9723e7318bf841ac,9657778bc49c6cdb6612,2,False,pending
1b1f9723e7318bf841ac,5efa4cb81101b3e2b680,1,False,pending
1b1f9723e7318bf841ac,a9df733be3ca722f05b7,1,False,pending
1b1f9723e7318bf841ac,6b59312903ac971959e2,2,False,pending
1b1f9723e7318bf841ac,408baf4fbb17803fb3d6,2,False,pending
1b1f9723e7318bf841ac,f07c3f628a3be785edd9,2,False,pending
1b1f9723e7318bf841ac,3b22ca9b2517d576f22e,2,False,pending
1b1f9723e7318bf841ac,daddf8167bdfcd608d41,4,False,pending
1b1f9723e7318bf841ac,658e22365c321dd489fe,4,False,pending
1b1f9723e7318bf841ac,2d597a64d660654649f5,3,False,pending
1b1f9723e7318bf841ac,41571af68dc3ef81520e,3,False,pending
1b1f9723e7318bf841ac,191754d258d36fefbe05,4,False,pending
1b1f9723e7318bf841ac,3ee9ebe89dbac0ce6246,4,False,pending
1b1f9723e7318bf841ac,e906d3346b0f8c3676f8,4,False,pending
1b1f9723e7318bf841ac,1340507560e8d4d692bb,4,False,pending
1b1f9723e7318bf841ac,c36e8f45e46cd2c20a14,4,False,pending
1b1f9723e7318bf841ac,4b00fd3983cf5315bdd2,4,False,pending
1b1f9723e7318bf841ac,c96e3bcc8986f4a0001a,4,False,pending
1b1f9723e7318bf841ac,b94caabc4b10487bdec5,2,False,pending
1b1f9723e7318bf841ac,107768ca7825c509d025,3,False,pending
1b1f9723e7318bf841ac,7263cae6e898bc7f20a8,3,False,pending
1b1f9723e7318bf841ac,05e8c1eee0399894908c,4,False,pending
1b1f9723e7318bf841ac,4ce09bb5dd2b2104683e,3,False,pending
1b1f9723e7318bf841ac,c263b10acbed7d9ce56e,4,False,pending
1b1f9723e7318bf841ac,7dfa8a88e189555d71ca,3,False,pending
1b1f9723e7318bf841ac,b77776a9914b2542a475,3,False,pending
1b1f9723e7318bf841ac,a8381cf3831847e1b254,2,False,pending
1b1f9723e7318bf841ac,70bfcd6593828bddbc28,2,False,pending
1b1f9723e7318bf841ac,644b08ea92be7e5966f5,3,False,pending
1b1f9723e7318bf841ac,a9f2d079250f8ca533f2,3,False,pending
1b1f9723e7318bf841ac,3435b205cf2894c16d94,1,False,pending
1b1f9723e7318bf841ac,561e219f4507a73d9826,2,False,pending
1b1f9723e7318bf841ac,55fb626c9581efc07447,3,False,pending
1b1f9723e7318bf841ac,b8f70e59b3e6a470efd1,1,False,pending
1b1f9723e7318bf841ac,02637da2d1bec857f727,2,False,pending
1b1f9723e7318bf841ac,e7306963a8ec3a39a8c6,2,False,pending
1b1f9723e7318bf841ac,2b7e2505835e91470cb8,3,False,pending
1b1f9723e7318bf841ac,5dd7c49e1a9ce0914e81,4,False,pending
8a124b4a7aac984a1de8,7d83dc58278ebef8d3a3,4,False,pending
8a124b4a7aac984a1de8,f728f90e984d76c12ba9,4,False,pending
8a124b4a7aac984a1de8,ca517e90209b74e234aa,4,False,pending
8a124b4a7aac984a1de8,2fe0e29226e48d98168f,4,False,pending
8a124b4a7aac984a1de8,9657778bc49c6cdb6612,4,False,pending
8a124b4a7aac984a1de8,5efa4cb81101b3e2b680,3,False,pending
8a124b4a7aac984a1de8,a9df733be3ca722f05b7,3,False,pending
8a124b4a7aac984a1de8,6b59312903ac971959e2,4,False,pending
8a124b4a7aac984a1de8,408baf4fbb17803fb3d6,2,False,pending
8a124b4a7aac984a1de8,f07c3f628a3be785edd9,2,False,pending
8a124b4a7aac984a1de8,3b22ca9b2517d576f22e,2,False,pending
8a124b4a7aac984a1de8,b94caabc4b10487bdec5,4,False,pending
8a124b4a7aac984a1de8,05e8c1eee0399894908c,4,False,pending
8a124b4a7aac984a1de8,a8381cf3831847e1b254,4,False,pending
8a124b4a7aac984a1de8,70bfcd6593828bddbc28,4,False,pending
8a124b4a7aac984a1de8,3435b205cf2894c16d94,3,False,pending
8a124b4a7aac984a1de8,561e219f4507a73d9826,4,False,pending
8a124b4a7aac984a1de8,b8f70e59b3e6a470efd1,3,False,pending
8a124b4a7aac984a1de8,02637da2d1bec857f727,4,False,pending
8a124b4a7aac984a1de8,e7306963a8ec3a39a8c6,4,False,pending
2633580c5487f1c8726c,7d83dc58278ebef8d3a3,4,False,pending
2633580c5487f1c8726c,f728f90e984d76c12ba9,4,False,pending
2633580c5487f1c8726c,ca517e90209b74e234aa,4,False,pending
2633580c5487f1c8726c,2fe0e29226e48d98168f,4,False,pending
2633580c5487f1c8726c,9657778bc49c6cdb6612,4,False,pending
2633580c5487f1c8726c,5efa4cb81101b3e2b680,3,False,pending
2633580c5487f1c8726c,a9df733be3ca722f05b7,3,False,pending
2633580c5487f1c8726c,6b59312903ac971959e2,4,False,pending
2633580c5487f1c8726c,408baf4fbb17803fb3d6,2,False,pending
2633580c5487f1c8726c,f07c3f628a3be785edd9,2,False,pending
2633580c5487f1c8726c,3b22ca9b2517d576f22e,2,False,pending
2633580c5487f1c8726c,b94caabc4b10487bdec5,4,False,pending
2633580c5487f1c8726c,05e8c1eee0399894908c,4,False,pending
2633580c5487f1c8726c,a8381cf3831847e1b254,4,False,pending
2633580c5487f1c8726c,70bfcd6593828bddbc28,4,False,pending
2633580c5487f1c8726c,3435b205cf2894c16d94,3,False,pending
2633580c5487f1c8726c,561e219f4507a73d9826,4,False,pending
2633580c5487f1c8726c,b8f70e59b3e6a470efd1,3,False,pending
2633580c5487f1c8726c,02637da2d1bec857f727,4,False,pending
2633580c5487f1c8726c,e7306963a8ec3a39a8c6,4,False,pending
3233ef677ac147f7d882,7d83dc58278ebef8d3a3,3,False,pending
3233ef677ac147f7d882,f728f90e984d76c12ba9,3,False,pending
3233ef677ac147f7d882,1dbe06181cdd45414a9d,2,False,pending
3233ef677ac147f7d882,f8080a59db0763d5ba43,2,False,pending
3233ef677ac147f7d882,ca517e90209b74e234aa,3,False,pending
3233ef677ac147f7d882,2fe0e29226e48d98168f,3,False,pending
3233ef677ac147f7d882,9657778bc49c6cdb6612,3,False,pending
3233ef677ac147f7d882,5efa4cb81101b3e2b680,2,False,pending
3233ef677ac147f7d882,a9df733be3ca722f05b7,2,False,pending
3233ef677ac147f7d882,6b59312903ac971959e2,3,False,pending
3233ef677ac147f7d882,4b00fd3983cf5315bdd2,3,False,pending
3233ef677ac147f7d882,c96e3bcc8986f4a0001a,3,False,pending
3233ef677ac147f7d882,7263cae6e898bc7f20a8,4,False,pending
3233ef677ac147f7d882,1fc549a3f42c99dd7b4f,4,False,pending
3233ef677ac147f7d882,70bfcd6593828bddbc28,3,False,pending
3233ef677ac147f7d882,644b08ea92be7e5966f5,2,False,pending
3233ef677ac147f7d882,a9f2d079250f8ca533f2,2,False,pending
3233ef677ac147f7d882,3435b205cf2894c16d94,4,False,pending
3233ef677ac147f7d882,561e219f4507a73d9826,3,False,pending
3233ef677ac147f7d882,55fb626c9581efc07447,2,False,pending
3233ef677ac147f7d882,b8f70e59b3e6a470efd1,2,False,pending
3233ef677ac147f7d882,02637da2d1bec857f727,3,False,pending
3233ef677ac147f7d882,e7306963a8ec3a39a8c6,3,False,pending
684b07bac82031baa8f9,7d83dc58278ebef8d3a3,3,False,pending
684b07bac82031baa8f9,f728f90e984d76c12ba9,3,False,pending
684b07bac82031baa8f9,1dbe06181cdd45414a9d,2,False,pending
684b07bac82031baa8f9,f8080a59db0763d5ba43,2,False,pending
684b07bac82031baa8f9,ca517e90209b74e234aa,3,False,pending
684b07bac82031baa8f9,2fe0e29226e48d98168f,3,False,pending
684b07bac82031baa8f9,9657778bc49c6cdb6612,3,False,pending
684b07bac82031baa8f9,5efa4cb81101b3e2b680,2,False,pending
684b07bac82031baa8f9,a9df733be3ca722f05b7,2,False,pending
684b07bac82031baa8f9,6b59312903ac971959e2,3,False,pending
684b07bac82031baa8f9,4b00fd3983cf5315bdd2,3,False,pending
684b07bac82031baa8f9,c96e3bcc8986f4a0001a,3,False,pending
684b07bac82031baa8f9,7263cae6e898bc7f20a8,4,False,pending
684b07bac82031baa8f9,1fc549a3f42c99dd7b4f,4,False,pending
684b07bac82031baa8f9,70bfcd6593828bddbc28,3,False,pending
684b07bac82031baa8f9,644b08ea92be7e5966f5,2,False,pending
684b07bac82031baa8f9,a9f2d079250f8ca533f2,2,False,pending
684b07bac82031baa8f9,3435b205cf2894c16d94,4,False,pending
684b07bac82031baa8f9,561e219f4507a73d9826,3,False,pending
684b07bac82031baa8f9,55fb626c9581efc07447,2,False,pending
684b07bac82031baa8f9,b8f70e59b3e6a470efd1,2,False,pending
684b07bac82031baa8f9,02637da2d1bec857f727,3,False,pending
684b07bac82031baa8f9,e7306963a8ec3a39a8c6,3,False,pending
c20d0ea4952d0d32a521,7d83dc58278ebef8d3a3,3,False,pending
c20d0ea4952d0d32a521,f728f90e984d76c12ba9,3,False,pending
c20d0ea4952d0d32a521,1dbe06181cdd45414a9d,2,False,pending
c20d0ea4952d0d32a521,f8080a59db0763d5ba43,2,False,pending
c20d0ea4952d0d32a521,ca517e90209b74e234aa,3,False,pending
c20d0ea4952d0d32a521,2fe0e29226e48d98168f,3,False,pending
c20d0ea4952d0d32a521,9657778bc49c6cdb6612,3,False,pending
c20d0ea4952d0d32a521,5efa4cb81101b3e2b680,2,False,pending
c20d0ea4952d0d32a521,a9df733be3ca722f05b7,2,False,pending
c20d0ea4952d0d32a521,6b59312903ac971959e2,3,False,pending
c20d0ea4952d0d32a521,4b00fd3983cf5315bdd2,3,False,pending
c20d0ea4952d0d32a521,c96e3bcc8986f4a0001a,3,False,pending
c20d0ea4952d0d32a521,7263cae6e898bc7f20a8,4,False,pending
c20d0ea4952d0d32a521,1fc549a3f42c99dd7b4f,4,False,pending
c20d0ea4952d0d32a521,70bfcd6593828bddbc28,3,False,pending
c20d0ea4952d0d32a521,644b08ea92be7e5966f5,2,False,pending
c20d0ea4952d0d32a521,a9f2d079250f8ca533f2,2,False,pending
c20d0ea4952d0d32a521,3435b205cf2894c16d94,4,False,pending
c20d0ea4952d0d32a521,561e219f4507a73d9826,3,False,pending
c20d0ea4952d0d32a521,55fb626c9581efc07447,2,False,pending
c20d0ea4952d0d32a521,b8f70e59b3e6a470efd1,2,False,pending
c20d0ea4952d0d32a521,02637da2d1bec857f727,3,False,pending
c20d0ea4952d0d32a521,e7306963a8ec3a39a8c6,3,False,pending
7d83dc58278ebef8d3a3,1dbe06181cdd45414a9d,1,False,pending
7d83dc58278ebef8d3a3,f8080a59db0763d5ba43,1,False,pending
7d83dc58278ebef8d3a3,ca517e90209b74e234aa,0,False,pending
7d83dc58278ebef8d3a3,2fe0e29226e48d98168f,0,False,pending
7d83dc58278ebef8d3a3,9657778bc49c6cdb6612,0,False,pending
7d83dc58278ebef8d3a3,5efa4cb81101b3e2b680,1,False,pending
7d83dc58278ebef8d3a3,a9df733be3ca722f05b7,1,False,pending
7d83dc58278ebef8d3a3,6b59312903ac971959e2,0,False,pending
7d83dc58278ebef8d3a3,408baf4fbb17803fb3d6,2,False,pending
7d83dc58278ebef8d3a3,f07c3f628a3be785edd9,2,False,pending
7d83dc58278ebef8d3a3,3b22ca9b2517d576f22e,2,False,pending
7d83dc58278ebef8d3a3,191754d258d36fefbe05,4,False,pending
7d83dc58278ebef8d3a3,3ee9ebe89dbac0ce6246,4,False,pending
7d83dc58278ebef8d3a3,e906d3346b0f8c3676f8,4,False,pending
7d83dc58278ebef8d3a3,4b00fd3983cf5315bdd2,4,False,pending
7d83dc58278ebef8d3a3,c96e3bcc8986f4a0001a,4,False,pending
7d83dc58278ebef8d3a3,b94caabc4b10487bdec5,2,False,pending
7d83dc58278ebef8d3a3,107768ca7825c509d025,3,False,pending
7d83dc58278ebef8d3a3,7263cae6e898bc7f20a8,3,False,pending
7d83dc58278ebef8d3a3,05e8c1eee0399894908c,4,False,pending
7d83dc58278ebef8d3a3,593775773d3c5912b25e,4,False,pending
7d83dc58278ebef8d3a3,335603eeb8e00360812a,4,False,pending
7d83dc58278ebef8d3a3,1fc549a3f42c99dd7b4f,3,False,pending
7d83dc58278ebef8d3a3,4ce09bb5dd2b2104683e,3,False,pending
7d83dc58278ebef8d3a3,c263b10acbed7d9ce56e,4,False,pending
7d83dc58278ebef8d3a3,7dfa8a88e189555d71ca,3,False,pending
7d83dc58278ebef8d3a3,b77776a9914b2542a475,3,False,pending
7d83dc58278ebef8d3a3,a8381cf3831847e1b254,2,False,pending
7d83dc58278ebef8d3a3,70bfcd6593828bddbc28,2,False,pending
7d83dc58278ebef8d3a3,644b08ea92be7e5966f5,3,False,pending
7d83dc58278ebef8d3a3,a9f2d079250f8ca533f2,3,False,pending
7d83dc58278ebef8d3a3,3435b205cf2894c16d94,1,False,pending
7d83dc58278ebef8d3a3,55fb626c9581efc07447,1,False,pending
7d83dc58278ebef8d3a3,b8f70e59b3e6a470efd1,1,False,pending
7d83dc58278ebef8d3a3,02637da2d1bec857f727,0,False,pending
7d83dc58278ebef8d3a3,e7306963a8ec3a39a8c6,0,False,pending
f728f90e984d76c12ba9,1dbe06181cdd45414a9d,1,False,pending
f728f90e984d76c12ba9,f8080a59db0763d5ba43,1,False,pending
f728f90e984d76c12ba9,ca517e90209b74e234aa,0,False,pending
f728f90e984d76c12ba9,2fe0e29226e48d98168f,0,False,pending
f728f90e984d76c12ba9,9657778bc49c6cdb6612,0,False,pending
f728f90e984d76c12ba9,5efa4cb81101b3e2b680,1,False,pending
f728f90e984d76c12ba9,a9df733be3ca722f05b7,1,False,pending
f728f90e984d76c12ba9,6b59312903ac971959e2,0,False,pending
f728f90e984d76c12ba9,408baf4fbb17803fb3d6,2,False,pending
f728f90e984d76c12ba9,f07c3f628a3be785edd9,2,False,pending
f728f90e984d76c12ba9,3b22ca9b2517d576f22e,2,False,pending
f728f90e984d76c12ba9,191754d258d36fefbe05,4,False,pending
f728f90e984d76c12ba9,3ee9ebe89dbac0ce6246,4,False,pending
f728f90e984d76c12ba9,e906d3346b0f8c3676f8,4,False,pending
f728f90e984d76c12ba9,4b00fd3983cf5315bdd2,4,False,pending
f728f90e984d76c12ba9,c96e3bcc8986f4a0001a,4,False,pending
f728f90e984d76c12ba9,b94caabc4b10487bdec5,2,False,pending
f728f90e984d76c12ba9,107768ca7825c509d025,3,False,pending
f728f90e984d76c12ba9,7263cae6e898bc7f20a8,3,False,pending
f728f90e984d76c12ba9,05e8c1eee0399894908c,4,False,pending
f728f90e984d76c12ba9,593775773d3c5912b25e,4,False,pending
f728f90e984d76c12ba9,335603eeb8e00360812a,4,False,pending
f728f90e984d76c12ba9,1fc549a3f42c99dd7b4f,3,False,pending
f728f90e984d76c12ba9,4ce09bb5dd2b2104683e,3,False,pending
f728f90e984d76c12ba9,c263b10acbed7d9ce56e,4,False,pending
f728f90e984d76c12ba9,7dfa8a88e189555d71ca,3,False,pending
f728f90e984d76c12ba9,b77776a9914b2542a475,3,False,pending
f728f90e984d76c12ba9,a8381cf3831847e1b254,2,False,pending
f728f90e984d76c12ba9,70bfcd6593828bddbc28,2,False,pending
f728f90e984d76c12ba9,644b08ea92be7e5966f5,3,False,pending
f728f90e984d76c12ba9,a9f2d079250f8ca533f2,3,False,pending
f728f90e984d76c12ba9,3435b205cf2894c16d94,1,False,pending
f728f90e984d76c12ba9,55fb626c9581efc07447,1,False,pending
f728f90e984d76c12ba9,b8f70e59b3e6a470efd1,1,False,pending
f728f90e984d76c12ba9,02637da2d1bec857f727,0,False,pending
f728f90e984d76c12ba9,e7306963a8ec3a39a8c6,0,False,pending
1dbe06181cdd45414a9d,ca517e90209b74e234aa,1,False,pending
1dbe06181cdd45414a9d,2fe0e29226e48d98168f,1,False,pending
1dbe06181cdd45414a9d,9657778bc49c6cdb6612,1,False,pending
1dbe06181cdd45414a9d,5efa4cb81101b3e2b680,2,False,pending
1dbe06181cdd45414a9d,a9df733be3ca722f05b7,2,False,pending
1dbe06181cdd45414a9d,6b59312903ac971959e2,1,False,pending
1dbe06181cdd45414a9d,408baf4fbb17803fb3d6,3,False,pending
1dbe06181cdd45414a9d,f07c3f628a3be785edd9,3,False,pending
1dbe06181cdd45414a9d,3b22ca9b2517d576f22e,3,False,pending
1dbe06181cdd45414a9d,4b00fd3983cf5315bdd2,3,False,pending
1dbe06181cdd45414a9d,c96e3bcc8986f4a0001a,3,False,pending
1dbe06181cdd45414a9d,b94caabc4b10487bdec5,3,False,pending
1dbe06181cdd45414a9d,107768ca7825c509d025,4,False,pending
1dbe06181cdd45414a9d,7263cae6e898bc7f20a8,4,False,pending
1dbe06181cdd45414a9d,1fc549a3f42c99dd7b4f,4,False,pending
1dbe06181cdd45414a9d,4ce09bb5dd2b2104683e,4,False,pending
1dbe06181cdd45414a9d,7dfa8a88e189555d71ca,4,False,pending
1dbe06181cdd45414a9d,b77776a9914b2542a475,4,False,pending
1dbe06181cdd45414a9d,a8381cf3831847e1b254,3,False,pending
1dbe06181cdd45414a9d,70bfcd6593828bddbc28,3,False,pending
1dbe06181cdd45414a9d,644b08ea92be7e5966f5,2,False,pending
1dbe06181cdd45414a9d,a9f2d079250f8ca533f2,2,False,pending
1dbe06181cdd45414a9d,3435b205cf2894c16d94,2,False,pending
1dbe06181cdd45414a9d,561e219f4507a73d9826,1,False,pending
1dbe06181cdd45414a9d,b8f70e59b3e6a470efd1,2,False,pending
1dbe06181cdd45414a9d,02637da2d1bec857f727,1,False,pending
1dbe06181cdd45414a9d,e7306963a8ec3a39a8c6,1,False,pending
f8080a59db0763d5ba43,ca517e90209b74e234aa,1,False,pending
f8080a59db0763d5ba43,2fe0e29226e48d98168f,1,False,pending
f8080a59db0763d5ba43,9657778bc49c6cdb6612,1,False,pending
f8080a59db0763d5ba43,5efa4cb81101b3e2b680,2,False,pending
f8080a59db0763d5ba43,a9df733be3ca722f05b7,2,False,pending
f8080a59db0763d5ba43,6b59312903ac971959e2,1,False,pending
f8080a59db0763d5ba43,408baf4fbb17803fb3d6,3,False,pending
f8080a59db0763d5ba43,f07c3f628a3be785edd9,3,False,pending
f8080a59db0763d5ba43,3b22ca9b2517d576f22e,3,False,pending
f8080a59db0763d5ba43,4b00fd3983cf5315bdd2,3,False,pending
f8080a59db0763d5ba43,c96e3bcc8986f4a0001a,3,False,pending
f8080a59db0763d5ba43,b94caabc4b10487bdec5,3,False,pending
f8080a59db0763d5ba43,107768ca7825c509d025,4,False,pending
f8080a59db0763d5ba43,7263cae6e898bc7f20a8,4,False,pending
f8080a59db0763d5ba43,1fc549a3f42c99dd7b4f,4,False,pending
f8080a59db0763d5ba43,4ce09bb5dd2b2104683e,4,False,pending
f8080a59db0763d5ba43,7dfa8a88e189555d71ca,4,False,pending
f8080a59db0763d5ba43,b77776a9914b2542a475,4,False,pending
f8080a59db0763d5ba43,a8381cf3831847e1b254,3,False,pending
f8080a59db0763d5ba43,70bfcd6593828bddbc28,3,False,pending
f8080a59db0763d5ba43,644b08ea92be7e5966f5,2,False,pending
f8080a59db0763d5ba43,a9f2d079250f8ca533f2,2,False,pending
f8080a59db0763d5ba43,3435b205cf2894c16d94,2,False,pending
f8080a59db0763d5ba43,561e219f4507a73d9826,1,False,pending
f8080a59db0763d5ba43,b8f70e59b3e6a470efd1,2,False,pending
f8080a59db0763d5ba43,02637da2d1bec857f727,1,False,pending
f8080a59db0763d5ba43,e7306963a8ec3a39a8c6,1,False,pending
ca517e90209b74e234aa,5efa4cb81101b3e2b680,1,False,pending
ca517e90209b74e234aa,a9df733be3ca722f05b7,1,False,pending
ca517e90209b74e234aa,6b59312903ac971959e2,0,False,pending
ca517e90209b74e234aa,408baf4fbb17803fb3d6,2,False,pending
ca517e90209b74e234aa,f07c3f628a3be785edd9,2,False,pending
ca517e90209b74e234aa,3b22ca9b2517d576f22e,2,False,pending
ca517e90209b74e234aa,191754d258d36fefbe05,4,False,pending
ca517e90209b74e234aa,3ee9ebe89dbac0ce6246,4,False,pending
ca517e90209b74e234aa,e906d3346b0f8c3676f8,4,False,pending
ca517e90209b74e234aa,4b00fd3983cf5315bdd2,4,False,pending
ca517e90209b74e234aa,c96e3bcc8986f4a0001a,4,False,pending
ca517e90209b74e234aa,b94caabc4b10487bdec5,2,False,pending
ca517e90209b74e234aa,107768ca7825c509d025,3,False,pending
ca517e90209b74e234aa,7263cae6e898bc7f20a8,3,False,pending
ca517e90209b74e234aa,05e8c1eee0399894908c,4,False,pending
ca517e90209b74e234aa,593775773d3c5912b25e,4,False,pending
ca517e90209b74e234aa,335603eeb8e00360812a,4,False,pending
ca517e90209b74e234aa,1fc549a3f42c99dd7b4f,3,False,pending
ca517e90209b74e234aa,4ce09bb5dd2b2104683e,3,False,pending
ca517e90209b74e234aa,c263b10acbed7d9ce56e,4,False,pending
ca517e90209b74e234aa,7dfa8a88e189555d71ca,3,False,pending
ca517e90209b74e234aa,b77776a9914b2542a475,3,False,pending
ca517e90209b74e234aa,a8381cf3831847e1b254,2,False,pending
ca517e90209b74e234aa,70bfcd6593828bddbc28,2,False,pending
ca517e90209b74e234aa,644b08ea92be7e5966f5,3,False,pending
ca517e90209b74e234aa,a9f2d079250f8ca533f2,3,False,pending
ca517e90209b74e234aa,3435b205cf2894c16d94,1,False,pending
ca517e90209b74e234aa,561e219f4507a73d9826,0,False,pending
ca517e90209b74e234aa,55fb626c9581efc07447,1,False,pending
ca517e90209b74e234aa,b8f70e59b3e6a470efd1,1,False,pending
ca517e90209b74e234aa,02637da2d1bec857f727,0,False,pending
ca517e90209b74e234aa,e7306963a8ec3a39a8c6,0,False,pending
2fe0e29226e48d98168f,5efa4cb81101b3e2b680,1,False,pending
2fe0e29226e48d98168f,a9df733be3ca722f05b7,1,False,pending
2fe0e29226e48d98168f,6b59312903ac971959e2,0,False,pending
2fe0e29226e48d98168f,408baf4fbb17803fb3d6,2,False,pending
2fe0e29226e48d98168f,f07c3f628a3be785edd9,2,False,pending
2fe0e29226e48d98168f,3b22ca9b2517d576f22e,2,False,pending
2fe0e29226e48d98168f,191754d258d36fefbe05,4,False,pending
2fe0e29226e48d98168f,3ee9ebe89dbac0ce6246,4,False,pending
2fe0e29226e48d98168f,e906d3346b0f8c3676f8,4,False,pending
2fe0e29226e48d98168f,4b00fd3983cf5315bdd2,4,False,pending
2fe0e29226e48d98168f,c96e3bcc8986f4a0001a,4,False,pending
2fe0e29226e48d98168f,b94caabc4b10487bdec5,2,False,pending
2fe0e29226e48d98168f,107768ca7825c509d025,3,False,pending
2fe0e29226e48d98168f,7263cae6e898bc7f20a8,3,False,pending
2fe0e29226e48d98168f,05e8c1eee0399894908c,4,False,pending
2fe0e29226e48d98168f,593775773d3c5912b25e,4,False,pending
2fe0e29226e48d98168f,335603eeb8e00360812a,4,False,pending
2fe0e29226e48d98168f,1fc549a3f42c99dd7b4f,3,False,pending
2fe0e29226e48d98168f,4ce09bb5dd2b2104683e,3,False,pending
2fe0e29226e48d98168f,c263b10acbed7d9ce56e,4,False,pending
2fe0e29226e48d98168f,7dfa8a88e189555d71ca,3,False,pending
2fe0e29226e48d98168f,b77776a9914b2542a475,3,False,pending
2fe0e29226e48d98168f,a8381cf3831847e1b254,2,False,pending
2fe0e29226e48d98168f,70bfcd6593828bddbc28,2,False,pending
2fe0e29226e48d98168f,644b08ea92be7e5966f5,3,False,pending
2fe0e29226e48d98168f,a9f2d079250f8ca533f2,3,False,pending
2fe0e29226e48d98168f,3435b205cf2894c16d94,1,False,pending
2fe0e29226e48d98168f,561e219f4507a73d9826,0,False,pending
2fe0e29226e48d98168f,55fb626c9581efc07447,1,False,pending
2fe0e29226e48d98168f,b8f70e59b3e6a470efd1,1,False,pending
2fe0e29226e48d98168f,02637da2d1bec857f727,0,False,pending
2fe0e29226e48d98168f,e7306963a8ec3a39a8c6,0,False,pending
9657778bc49c6cdb6612,5efa4cb81101b3e2b680,1,False,pending
9657778bc49c6cdb6612,a9df733be3ca722f05b7,1,False,pending
9657778bc49c6cdb6612,6b59312903ac971959e2,0,False,pending
9657778bc49c6cdb6612,408baf4fbb17803fb3d6,2,False,pending
9657778bc49c6cdb6612,f07c3f628a3be785edd9,2,False,pending
9657778bc49c6cdb6612,3b22ca9b2517d576f22e,2,False,pending
9657778bc49c6cdb6612,191754d258d36fefbe05,4,False,pending
9657778bc49c6cdb6612,3ee9ebe89dbac0ce6246,4,False,pending
9657778bc49c6cdb6612,e906d3346b0f8c3676f8,4,False,pending
9657778bc49c6cdb6612,4b00fd3983cf5315bdd2,4,False,pending
9657778bc49c6cdb6612,c96e3bcc8986f4a0001a,4,False,pending
9657778bc49c6cdb6612,b94caabc4b10487bdec5,2,False,pending
9657778bc49c6cdb6612,107768ca7825c509d025,3,False,pending
9657778bc49c6cdb6612,7263cae6e898bc7f20a8,3,False,pending
9657778bc49c6cdb6612,05e8c1eee0399894908c,4,False,pending
9657778bc49c6cdb6612,593775773d3c5912b25e,4,False,pending
9657778bc49c6cdb6612,335603eeb8e00360812a,4,False,pending
9657778bc49c6cdb6612,1fc549a3f42c99dd7b4f,3,False,pending
9657778bc49c6cdb6612,4ce09bb5dd2b2104683e,3,False,pending
9657778bc49c6cdb6612,c263b10acbed7d9ce56e,4,False,pending
9657778bc49c6cdb6612,7dfa8a88e189555d71ca,3,False,pending
9657778bc49c6cdb6612,b77776a9914b2542a475,3,False,pending
9657778bc49c6cdb6612,a8381cf3831847e1b254,2,False,pending
9657778bc49c6cdb6612,70bfcd6593828bddbc28,2,False,pending
9657778bc49c6cdb6612,644b08ea92be7e5966f5,3,False,pending
9657778bc49c6cdb6612,a9f2d079250f8ca533f2,3,False,pending
9657778bc49c6cdb6612,3435b205cf2894c16d94,1,False,pending
9657778bc49c6cdb6612,561e219f4507a73d9826,0,False,pending
9657778bc49c6cdb6612,55fb626c9581efc07447,1,False,pending
9657778bc49c6cdb6612,b8f70e59b3e6a470efd1,1,False,pending
9657778bc49c6cdb6612,02637da2d1bec857f727,0,False,pending
9657778bc49c6cdb6612,e7306963a8ec3a39a8c6,0,False,pending
5efa4cb81101b3e2b680,6b59312903ac971959e2,1,False,pending
5efa4cb81101b3e2b680,408baf4fbb17803fb3d6,3,False,pending
5efa4cb81101b3e2b680,f07c3f628a3be785edd9,3,False,pending
5efa4cb81101b3e2b680,3b22ca9b2517d576f22e,3,False,pending
5efa4cb81101b3e2b680,2d597a64d660654649f5,4,False,pending
5efa4cb81101b3e2b680,41571af68dc3ef81520e,4,False,pending
5efa4cb81101b3e2b680,b94caabc4b10487bdec5,3,False,pending
5efa4cb81101b3e2b680,107768ca7825c509d025,4,False,pending
5efa4cb81101b3e2b680,7263cae6e898bc7f20a8,4,False,pending
5efa4cb81101b3e2b680,1fc549a3f42c99dd7b4f,4,False,pending
5efa4cb81101b3e2b680,4ce09bb5dd2b2104683e,4,False,pending
5efa4cb81101b3e2b680,7dfa8a88e189555d71ca,4,False,pending
5efa4cb81101b3e2b680,b77776a9914b2542a475,4,False,pending
5efa4cb81101b3e2b680,a8381cf3831847e1b254,3,False,pending
5efa4cb81101b3e2b680,70bfcd6593828bddbc28,3,False,pending
5efa4cb81101b3e2b680,644b08ea92be7e5966f5,4,False,pending
5efa4cb81101b3e2b680,a9f2d079250f8ca533f2,4,False,pending
5efa4cb81101b3e2b680,3435b205cf2894c16d94,2,False,pending
5efa4cb81101b3e2b680,561e219f4507a73d9826,1,False,pending
5efa4cb81101b3e2b680,55fb626c9581efc07447,2,False,pending
5efa4cb81101b3e2b680,02637da2d1bec857f727,1,False,pending
5efa4cb81101b3e2b680,e7306963a8ec3a39a8c6,1,False,pending
5efa4cb81101b3e2b680,2b7e2505835e91470cb8,4,False,pending
a9df733be3ca722f05b7,6b59312903ac971959e2,1,False,pending
a9df733be3ca722f05b7,408baf4fbb17803fb3d6,3,False,pending
a9df733be3ca722f05b7,f07c3f628a3be785edd9,3,False,pending
a9df733be3ca722f05b7,3b22ca9b2517d576f22e,3,False,pending
a9df733be3ca722f05b7,2d597a64d660654649f5,4,False,pending
a9df733be3ca722f05b7,41571af68dc3ef81520e,4,False,pending
a9df733be3ca722f05b7,b94caabc4b10487bdec5,3,False,pending
a9df733be3ca722f05b7,107768ca7825c509d025,4,False,pending
a9df733be3ca722f05b7,7263cae6e898bc7f20a8,4,False,pending
a9df733be3ca722f05b7,1fc549a3f42c99dd7b4f,4,False,pending
a9df733be3ca722f05b7,4ce09bb5dd2b2104683e,4,False,pending
a9df733be3ca722f05b7,7dfa8a88e189555d71ca,4,False,pending
a9df733be3ca722f05b7,b77776a9914b2542a475,4,False,pending
a9df733be3ca722f05b7,a8381cf3831847e1b254,3,False,pending
a9df733be3ca722f05b7,70bfcd6593828bddbc28,3,False,pending
a9df733be3ca722f05b7,644b08ea92be7e5966f5,4,False,pending
a9df733be3ca722f05b7,a9f2d079250f8ca533f2,4,False,pending
a9df733be3ca722f05b7,3435b205cf2894c16d94,2,False,pending
a9df733be3ca722f05b7,561e219f4507a73d9826,1,False,pending
a9df733be3ca722f05b7,55fb626c9581efc07447,2,False,pending
a9df733be3ca722f05b7,02637da2d1bec857f727,1,False,pending
a9df733be3ca722f05b7,e7306963a8ec3a39a8c6,1,False,pending
a9df733be3ca722f05b7,2b7e2505835e91470cb8,4,False,pending
6b59312903ac971959e2,408baf4fbb17803fb3d6,2,False,pending
6b59312903ac971959e2,f07c3f628a3be785edd9,2,False,pending
6b59312903ac971959e2,3b22ca9b2517d576f22e,2,False,pending
6b59312903ac971959e2,191754d258d36fefbe05,4,False,pending
6b59312903ac971959e2,3ee9ebe89dbac0ce6246,4,False,pending
6b59312903ac971959e2,e906d3346b0f8c3676f8,4,False,pending
6b59312903ac971959e2,4b00fd3983cf5315bdd2,4,False,pending
6b59312903ac971959e2,c96e3bcc8986f4a0001a,4,False,pending
6b59312903ac971959e2,b94caabc4b10487bdec5,2,False,pending
6b59312903ac971959e2,107768ca7825c509d025,3,False,pending
6b59312903ac971959e2,7263cae6e898bc7f20a8,3,False,pending
6b59312903ac971959e2,05e8c1eee0399894908c,4,False,pending
6b59312903ac971959e2,593775773d3c5912b25e,4,False,pending
6b59312903ac971959e2,335603eeb8e00360812a,4,False,pending
6b59312903ac971959e2,1fc549a3f42c99dd7b4f,3,False,pending
6b59312903ac971959e2,4ce09bb5dd2b2104683e,3,False,pending
6b59312903ac971959e2,c263b10acbed7d9ce56e,4,False,pending
6b59312903ac971959e2,7dfa8a88e189555d71ca,3,False,pending
6b59312903ac971959e2,b77776a9914b2542a475,3,False,pending
6b59312903ac971959e2,a8381cf3831847e1b254,2,False,pending
6b59312903ac971959e2,70bfcd6593828bddbc28,2,False,pending
6b59312903ac971959e2,644b08ea92be7e5966f5,3,False,pending
6b59312903ac971959e2,a9f2d079250f8ca533f2,3,False,pending
6b59312903ac971959e2,3435b205cf2894c16d94,1,False,pending
6b59312903ac971959e2,561e219f4507a73d9826,0,False,pending
6b59312903ac971959e2,55fb626c9581efc07447,1,False,pending
6b59312903ac971959e2,b8f70e59b3e6a470efd1,1,False,pending
408baf4fbb17803fb3d6,191754d258d36fefbe05,4,False,pending
408baf4fbb17803fb3d6,3ee9ebe89dbac0ce6246,4,False,pending
408baf4fbb17803fb3d6,e906d3346b0f8c3676f8,4,False,pending
408baf4fbb17803fb3d6,4b00fd3983cf5315bdd2,4,False,pending
408baf4fbb17803fb3d6,c96e3bcc8986f4a0001a,4,False,pending
408baf4fbb17803fb3d6,b94caabc4b10487bdec5,2,False,pending
408baf4fbb17803fb3d6,107768ca7825c509d025,3,False,pending
408baf4fbb17803fb3d6,7263cae6e898bc7f20a8,3,False,pending
408baf4fbb17803fb3d6,05e8c1eee0399894908c,4,False,pending
408baf4fbb17803fb3d6,4ce09bb5dd2b2104683e,3,False,pending
408baf4fbb17803fb3d6,c263b10acbed7d9ce56e,4,False,pending
408baf4fbb17803fb3d6,7dfa8a88e189555d71ca,3,False,pending
408baf4fbb17803fb3d6,b77776a9914b2542a475,3,False,pending
408baf4fbb17803fb3d6,a8381cf3831847e1b254,2,False,pending
408baf4fbb17803fb3d6,70bfcd6593828bddbc28,2,False,pending
408baf4fbb17803fb3d6,644b08ea92be7e5966f5,3,False,pending
408baf4fbb17803fb3d6,a9f2d079250f8ca533f2,3,False,pending
408baf4fbb17803fb3d6,3435b205cf2894c16d94,1,False,pending
408baf4fbb17803fb3d6,561e219f4507a73d9826,2,False,pending
408baf4fbb17803fb3d6,55fb626c9581efc07447,3,False,pending
408baf4fbb17803fb3d6,b8f70e59b3e6a470efd1,3,False,pending
408baf4fbb17803fb3d6,02637da2d1bec857f727,2,False,pending
408baf4fbb17803fb3d6,e7306963a8ec3a39a8c6,2,False,pending
f07c3f628a3be785edd9,191754d258d36fefbe05,4,False,pending
f07c3f628a3be785edd9,3ee9ebe89dbac0ce6246,4,False,pending
f07c3f628a3be785edd9,e906d3346b0f8c3676f8,4,False,pending
f07c3f628a3be785edd9,4b00fd3983cf5315bdd2,4,False,pending
f07c3f628a3be785edd9,c96e3bcc8986f4a0001a,4,False,pending
f07c3f628a3be785edd9,b94caabc4b10487bdec5,2,False,pending
f07c3f628a3be785edd9,107768ca7825c509d025,3,False,pending
f07c3f628a3be785edd9,7263cae6e898bc7f20a8,3,False,pending
f07c3f628a3be785edd9,05e8c1eee0399894908c,4,False,pending
f07c3f628a3be785edd9,4ce09bb5dd2b2104683e,3,False,pending
f07c3f628a3be785edd9,c263b10acbed7d9ce56e,4,False,pending
f07c3f628a3be785edd9,7dfa8a88e189555d71ca,3,False,pending
f07c3f628a3be785edd9,b77776a9914b2542a475,3,False,pending
f07c3f628a3be785edd9,a8381cf3831847e1b254,2,False,pending
f07c3f628a3be785edd9,70bfcd6593828bddbc28,2,False,pending
f07c3f628a3be785edd9,644b08ea92be7e5966f5,3,False,pending
f07c3f628a3be785edd9,a9f2d079250f8ca533f2,3,False,pending
f07c3f628a3be785edd9,3435b205cf2894c16d94,1,False,pending
f07c3f628a3be785edd9,561e219f4507a73d9826,2,False,pending
f07c3f628a3be785edd9,55fb626c9581efc07447,3,False,pending
f07c3f628a3be785edd9,b8f70e59b3e6a470efd1,3,False,pending
f07c3f628a3be785edd9,02637da2d1bec857f727,2,False,pending
f07c3f628a3be785edd9,e7306963a8ec3a39a8c6,2,False,pending
3b22ca9b2517d576f22e,191754d258d36fefbe05,4,False,pending
3b22ca9b2517d576f22e,3ee9ebe89dbac0ce6246,4,False,pending
3b22ca9b2517d576f22e,e906d3346b0f8c3676f8,4,False,pending
3b22ca9b2517d576f22e,4b00fd3983cf5315bdd2,4,False,pending
3b22ca9b2517d576f22e,c96e3bcc8986f4a0001a,4,False,pending
3b22ca9b2517d576f22e,b94caabc4b10487bdec5,2,False,pending
3b22ca9b2517d576f22e,107768ca7825c509d025,3,False,pending
3b22ca9b2517d576f22e,7263cae6e898bc7f20a8,3,False,pending
3b22ca9b2517d576f22e,05e8c1eee0399894908c,4,False,pending
3b22ca9b2517d576f22e,4ce09bb5dd2b2104683e,3,False,pending
3b22ca9b2517d576f22e,c263b10acbed7d9ce56e,4,False,pending
3b22ca9b2517d576f22e,7dfa8a88e189555d71ca,3,False,pending
3b22ca9b2517d576f22e,b77776a9914b2542a475,3,False,pending
3b22ca9b2517d576f22e,a8381cf3831847e1b254,2,False,pending
3b22ca9b2517d576f22e,70bfcd6593828bddbc28,2,False,pending
3b22ca9b2517d576f22e,644b08ea92be7e5966f5,3,False,pending
3b22ca9b2517d576f22e,a9f2d079250f8ca533f2,3,False,pending
3b22ca9b2517d576f22e,3435b205cf2894c16d94,1,False,pending
3b22ca9b2517d576f22e,561e219f4507a73d9826,2,False,pending
3b22ca9b2517d576f22e,55fb626c9581efc07447,3,False,pending
3b22ca9b2517d576f22e,b8f70e59b3e6a470efd1,3,False,pending
3b22ca9b2517d576f22e,02637da2d1bec857f727,2,False,pending
3b22ca9b2517d576f22e,e7306963a8ec3a39a8c6,2,False,pending
daddf8167bdfcd608d41,b94caabc4b10487bdec5,4,False,pending
daddf8167bdfcd608d41,a8381cf3831847e1b254,4,False,pending
658e22365c321dd489fe,b94caabc4b10487bdec5,4,False,pending
658e22365c321dd489fe,a8381cf3831847e1b254,4,False,pending
2d597a64d660654649f5,0a139ca0315d6eae574d,4,False,pending
2d597a64d660654649f5,fdc891ef7b15f5953c56,4,False,pending
2d597a64d660654649f5,9b8b95815322d0a3ae79,4,False,pending
2d597a64d660654649f5,1340507560e8d4d692bb,3,False,pending
2d597a64d660654649f5,c36e8f45e46cd2c20a14,3,False,pending
2d597a64d660654649f5,3435b205cf2894c16d94,4,False,pending
2d597a64d660654649f5,b8f70e59b3e6a470efd1,4,False,pending
2d597a64d660654649f5,5dd7c49e1a9ce0914e81,3,False,pending
41571af68dc3ef81520e,0a139ca0315d6eae574d,4,False,pending
41571af68dc3ef81520e,fdc891ef7b15f5953c56,4,False,pending
41571af68dc3ef81520e,9b8b95815322d0a3ae79,4,False,pending
41571af68dc3ef81520e,1340507560e8d4d692bb,3,False,pending
41571af68dc3ef81520e,c36e8f45e46cd2c20a14,3,False,pending
41571af68dc3ef81520e,3435b205cf2894c16d94,4,False,pending
41571af68dc3ef81520e,b8f70e59b3e6a470efd1,4,False,pending
41571af68dc3ef81520e,5dd7c49e1a9ce0914e81,3,False,pending
191754d258d36fefbe05,0a139ca0315d6eae574d,1,False,pending
191754d258d36fefbe05,fdc891ef7b15f5953c56,1,False,pending
191754d258d36fefbe05,9b8b95815322d0a3ae79,1,False,pending
191754d258d36fefbe05,1340507560e8d4d692bb,4,False,pending
191754d258d36fefbe05,c36e8f45e46cd2c20a14,4,False,pending
191754d258d36fefbe05,4b00fd3983cf5315bdd2,4,False,pending
191754d258d36fefbe05,c96e3bcc8986f4a0001a,4,False,pending
191754d258d36fefbe05,b94caabc4b10487bdec5,2,False,pending
191754d258d36fefbe05,107768ca7825c509d025,3,False,pending
191754d258d36fefbe05,7263cae6e898bc7f20a8,3,False,pending
191754d258d36fefbe05,05e8c1eee0399894908c,4,False,pending
191754d258d36fefbe05,c263b10acbed7d9ce56e,4,False,pending
191754d258d36fefbe05,7dfa8a88e189555d71ca,3,False,pending
191754d258d36fefbe05,b77776a9914b2542a475,3,False,pending
191754d258d36fefbe05,a8381cf3831847e1b254,2,False,pending
191754d258d36fefbe05,70bfcd6593828bddbc28,4,False,pending
191754d258d36fefbe05,3435b205cf2894c16d94,3,False,pending
191754d258d36fefbe05,561e219f4507a73d9826,4,False,pending
191754d258d36fefbe05,02637da2d1bec857f727,4,False,pending
191754d258d36fefbe05,e7306963a8ec3a39a8c6,4,False,pending
191754d258d36fefbe05,5dd7c49e1a9ce0914e81,4,False,pending
3ee9ebe89dbac0ce6246,0a139ca0315d6eae574d,1,False,pending
3ee9ebe89dbac0ce6246,fdc891ef7b15f5953c56,1,False,pending
3ee9ebe89dbac0ce6246,9b8b95815322d0a3ae79,1,False,pending
3ee9ebe89dbac0ce6246,1340507560e8d4d692bb,4,False,pending
3ee9ebe89dbac0ce6246,c36e8f45e46cd2c20a14,4,False,pending
3ee9ebe89dbac0ce6246,4b00fd3983cf5315bdd2,4,False,pending
3ee9ebe89dbac0ce6246,c96e3bcc8986f4a0001a,4,False,pending
3ee9ebe89dbac0ce6246,b94caabc4b10487bdec5,2,False,pending
3ee9ebe89dbac0ce6246,107768ca7825c509d025,3,False,pending
3ee9ebe89dbac0ce6246,7263cae6e898bc7f20a8,3,False,pending
3ee9ebe89dbac0ce6246,05e8c1eee0399894908c,4,False,pending
3ee9ebe89dbac0ce6246,c263b10acbed7d9ce56e,4,False,pending
3ee9ebe89dbac0ce6246,7dfa8a88e189555d71ca,3,False,pending
3ee9ebe89dbac0ce6246,b77776a9914b2542a475,3,False,pending
3ee9ebe89dbac0ce6246,a8381cf3831847e1b254,2,False,pending
3ee9ebe89dbac0ce6246,70bfcd6593828bddbc28,4,False,pending
3ee9ebe89dbac0ce6246,3435b205cf2894c16d94,3,False,pending
3ee9ebe89dbac0ce6246,561e219f4507a73d9826,4,False,pending
3ee9ebe89dbac0ce6246,02637da2d1bec857f727,4,False,pending
3ee9ebe89dbac0ce6246,e7306963a8ec3a39a8c6,4,False,pending
3ee9ebe89dbac0ce6246,5dd7c49e1a9ce0914e81,4,False,pending
e906d3346b0f8c3676f8,0a139ca0315d6eae574d,1,False,pending
e906d3346b0f8c3676f8,fdc891ef7b15f5953c56,1,False,pending
e906d3346b0f8c3676f8,9b8b95815322d0a3ae79,1,False,pending
e906d3346b0f8c3676f8,1340507560e8d4d692bb,4,False,pending
e906d3346b0f8c3676f8,c36e8f45e46cd2c20a14,4,False,pending
e906d3346b0f8c3676f8,4b00fd3983cf5315bdd2,4,False,pending
e906d3346b0f8c3676f8,c96e3bcc8986f4a0001a,4,False,pending
e906d3346b0f8c3676f8,b94caabc4b10487bdec5,2,False,pending
e906d3346b0f8c3676f8,107768ca7825c509d025,3,False,pending
e906d3346b0f8c3676f8,7263cae6e898bc7f20a8,3,False,pending
e906d3346b0f8c3676f8,05e8c1eee0399894908c,4,False,pending
e906d3346b0f8c3676f8,c263b10acbed7d9ce56e,4,False,pending
e906d3346b0f8c3676f8,7dfa8a88e189555d71ca,3,False,pending
e906d3346b0f8c3676f8,b77776a9914b2542a475,3,False,pending
e906d3346b0f8c3676f8,a8381cf3831847e1b254,2,False,pending
e906d3346b0f8c3676f8,70bfcd6593828bddbc28,4,False,pending
e906d3346b0f8c3676f8,3435b205cf2894c16d94,3,False,pending
e906d3346b0f8c3676f8,561e219f4507a73d9826,4,False,pending
e906d3346b0f8c3676f8,02637da2d1bec857f727,4,False,pending
e906d3346b0f8c3676f8,e7306963a8ec3a39a8c6,4,False,pending
e906d3346b0f8c3676f8,5dd7c49e1a9ce0914e81,4,False,pending
0a139ca0315d6eae574d,b94caabc4b10487bdec5,3,False,pending
0a139ca0315d6eae574d,107768ca7825c509d025,4,False,pending
0a139ca0315d6eae574d,7263cae6e898bc7f20a8,4,False,pending
0a139ca0315d6eae574d,7dfa8a88e189555d71ca,4,False,pending
0a139ca0315d6eae574d,b77776a9914b2542a475,4,False,pending
0a139ca0315d6eae574d,a8381cf3831847e1b254,3,False,pending
0a139ca0315d6eae574d,3435b205cf2894c16d94,4,False,pending
0a139ca0315d6eae574d,2b7e2505835e91470cb8,4,False,pending
fdc891ef7b15f5953c56,b94caabc4b10487bdec5,3,False,pending
fdc891ef7b15f5953c56,107768ca7825c509d025,4,False,pending
fdc891ef7b15f5953c56,7263cae6e898bc7f20a8,4,False,pending
fdc891ef7b15f5953c56,7dfa8a88e189555d71ca,4,False,pending
fdc891ef7b15f5953c56,b77776a9914b2542a475,4,False,pending
fdc891ef7b15f5953c56,a8381cf3831847e1b254,3,False,pending
fdc891ef7b15f5953c56,3435b205cf2894c16d94,4,False,pending
fdc891ef7b15f5953c56,2b7e2505835e91470cb8,4,False,pending
9b8b95815322d0a3ae79,b94caabc4b10487bdec5,3,False,pending
9b8b95815322d0a3ae79,107768ca7825c509d025,4,False,pending
9b8b95815322d0a3ae79,7263cae6e898bc7f20a8,4,False,pending
9b8b95815322d0a3ae79,7dfa8a88e189555d71ca,4,False,pending
9b8b95815322d0a3ae79,b77776a9914b2542a475,4,False,pending
9b8b95815322d0a3ae79,a8381cf3831847e1b254,3,False,pending
9b8b95815322d0a3ae79,3435b205cf2894c16d94,4,False,pending
9b8b95815322d0a3ae79,2b7e2505835e91470cb8,4,False,pending
1340507560e8d4d692bb,b94caabc4b10487bdec5,4,False,pending
1340507560e8d4d692bb,a8381cf3831847e1b254,4,False,pending
1340507560e8d4d692bb,2b7e2505835e91470cb8,3,False,pending
c36e8f45e46cd2c20a14,b94caabc4b10487bdec5,4,False,pending
c36e8f45e46cd2c20a14,a8381cf3831847e1b254,4,False,pending
c36e8f45e46cd2c20a14,2b7e2505835e91470cb8,3,False,pending
34410fea9b03811bf65a,02908beab2823dbe216b,4,False,pending
34410fea9b03811bf65a,0d8afee91b219264391f,4,False,pending
34410fea9b03811bf65a,9d67eb691165f4a07563,4,False,pending
34410fea9b03811bf65a,ef41ed937659c9bb2766,3,False,pending
34410fea9b03811bf65a,5bc093a3f001357f679d,3,False,pending
34410fea9b03811bf65a,d77f23817bd4a10f9d83,3,False,pending
34410fea9b03811bf65a,498707cdc3b9a8c2db47,4,False,pending
34410fea9b03811bf65a,1fea3d0f37988b4d3dc6,4,False,pending
34410fea9b03811bf65a,bf98821dbbc8575af647,4,False,pending
34410fea9b03811bf65a,3e7b6619f91bcf40541f,4,False,pending
34410fea9b03811bf65a,ba60da8145fd0d116b14,4,False,pending
34410fea9b03811bf65a,5936428fedd89689d116,4,False,pending
34410fea9b03811bf65a,e7dcbddabed640519d68,4,False,pending
34410fea9b03811bf65a,7d8db42a5e97d5589d55,3,False,pending
34410fea9b03811bf65a,602a74e2cbbe5f6db075,3,False,pending
34410fea9b03811bf65a,2a2150f509de4bf13601,0,False,pending
34410fea9b03811bf65a,bbd1358f8d9e87ea804e,0,False,pending
34410fea9b03811bf65a,5959dbcb203592851e5b,3,False,pending
34410fea9b03811bf65a,a7afddf396cf14f8cdd8,4,False,pending
34410fea9b03811bf65a,208df034d912252c7f52,4,False,pending
34410fea9b03811bf65a,16d7f8f71fa9eabcddf0,3,False,pending
63e9ab5dace568a5f4aa,02908beab2823dbe216b,4,False,pending
63e9ab5dace568a5f4aa,0d8afee91b219264391f,4,False,pending
63e9ab5dace568a5f4aa,9d67eb691165f4a07563,4,False,pending
63e9ab5dace568a5f4aa,ef41ed937659c9bb2766,3,False,pending
63e9ab5dace568a5f4aa,5bc093a3f001357f679d,3,False,pending
63e9ab5dace568a5f4aa,d77f23817bd4a10f9d83,3,False,pending
63e9ab5dace568a5f4aa,498707cdc3b9a8c2db47,4,False,pending
63e9ab5dace568a5f4aa,1fea3d0f37988b4d3dc6,4,False,pending
63e9ab5dace568a5f4aa,bf98821dbbc8575af647,4,False,pending
63e9ab5dace568a5f4aa,3e7b6619f91bcf40541f,4,False,pending
63e9ab5dace568a5f4aa,ba60da8145fd0d116b14,4,False,pending
63e9ab5dace568a5f4aa,5936428fedd89689d116,4,False,pending
63e9ab5dace568a5f4aa,e7dcbddabed640519d68,4,False,pending
63e9ab5dace568a5f4aa,7d8db42a5e97d5589d55,3,False,pending
63e9ab5dace568a5f4aa,602a74e2cbbe5f6db075,3,False,pending
63e9ab5dace568a5f4aa,2a2150f509de4bf13601,0,False,pending
63e9ab5dace568a5f4aa,bbd1358f8d9e87ea804e,0,False,pending
63e9ab5dace568a5f4aa,5959dbcb203592851e5b,3,False,pending
63e9ab5dace568a5f4aa,a7afddf396cf14f8cdd8,4,False,pending
63e9ab5dace568a5f4aa,208df034d912252c7f52,4,False,pending
63e9ab5dace568a5f4aa,16d7f8f71fa9eabcddf0,3,False,pending
02908beab2823dbe216b,ef41ed937659c9bb2766,3,False,pending
02908beab2823dbe216b,5bc093a3f001357f679d,3,False,pending
02908beab2823dbe216b,d77f23817bd4a10f9d83,3,False,pending
02908beab2823dbe216b,498707cdc3b9a8c2db47,4,False,pending
02908beab2823dbe216b,1fea3d0f37988b4d3dc6,4,False,pending
02908beab2823dbe216b,2a2150f509de4bf13601,4,False,pending
02908beab2823dbe216b,bbd1358f8d9e87ea804e,4,False,pending
02908beab2823dbe216b,aac7d5d4fbe5645c3af1,4,False,pending
02908beab2823dbe216b,a7afddf396cf14f8cdd8,4,False,pending
0d8afee91b219264391f,ef41ed937659c9bb2766,3,False,pending
0d8afee91b219264391f,5bc093a3f001357f679d,3,False,pending
0d8afee91b219264391f,d77f23817bd4a10f9d83,3,False,pending
0d8afee91b219264391f,498707cdc3b9a8c2db47,4,False,pending
0d8afee91b219264391f,1fea3d0f37988b4d3dc6,4,False,pending
0d8afee91b219264391f,2a2150f509de4bf13601,4,False,pending
0d8afee91b219264391f,bbd1358f8d9e87ea804e,4,False,pending
0d8afee91b219264391f,aac7d5d4fbe5645c3af1,4,False,pending
0d8afee91b219264391f,a7afddf396cf14f8cdd8,4,False,pending
9d67eb691165f4a07563,ef41ed937659c9bb2766,3,False,pending
9d67eb691165f4a07563,5bc093a3f001357f679d,3,False,pending
9d67eb691165f4a07563,d77f23817bd4a10f9d83,3,False,pending
9d67eb691165f4a07563,498707cdc3b9a8c2db47,4,False,pending
9d67eb691165f4a07563,1fea3d0f37988b4d3dc6,4,False,pending
9d67eb691165f4a07563,2a2150f509de4bf13601,4,False,pending
9d67eb691165f4a07563,bbd1358f8d9e87ea804e,4,False,pending
9d67eb691165f4a07563,aac7d5d4fbe5645c3af1,4,False,pending
9d67eb691165f4a07563,a7afddf396cf14f8cdd8,4,False,pending
ef41ed937659c9bb2766,f1d9bfe6dbfb84568e4f,4,False,pending
ef41ed937659c9bb2766,c1fca949d36950739b7b,4,False,pending
ef41ed937659c9bb2766,498707cdc3b9a8c2db47,3,False,pending
ef41ed937659c9bb2766,1fea3d0f37988b4d3dc6,3,False,pending
ef41ed937659c9bb2766,2a2150f509de4bf13601,3,False,pending
ef41ed937659c9bb2766,bbd1358f8d9e87ea804e,3,False,pending
ef41ed937659c9bb2766,5959dbcb203592851e5b,4,False,pending
ef41ed937659c9bb2766,d95c2db8f7e447b8f6b4,4,False,pending
ef41ed937659c9bb2766,65699b8752db30197cb5,4,False,pending
ef41ed937659c9bb2766,69c568e5d654f5f1a826,4,False,pending
ef41ed937659c9bb2766,12b6fbf06c797c7b85a3,4,False,pending
ef41ed937659c9bb2766,13afb8705ea22f110773,4,False,pending
ef41ed937659c9bb2766,07d8053d60f360441935,4,False,pending
ef41ed937659c9bb2766,aac7d5d4fbe5645c3af1,3,False,pending
ef41ed937659c9bb2766,8f88eee1e9a55d164d4d,4,False,pending
ef41ed937659c9bb2766,a7afddf396cf14f8cdd8,3,False,pending
ef41ed937659c9bb2766,16d7f8f71fa9eabcddf0,4,False,pending
5bc093a3f001357f679d,f1d9bfe6dbfb84568e4f,4,False,pending
5bc093a3f001357f679d,c1fca949d36950739b7b,4,False,pending
5bc093a3f001357f679d,498707cdc3b9a8c2db47,3,False,pending
5bc093a3f001357f679d,1fea3d0f37988b4d3dc6,3,False,pending
5bc093a3f001357f679d,2a2150f509de4bf13601,3,False,pending
5bc093a3f001357f679d,bbd1358f8d9e87ea804e,3,False,pending
5bc093a3f001357f679d,5959dbcb203592851e5b,4,False,pending
5bc093a3f001357f679d,d95c2db8f7e447b8f6b4,4,False,pending
5bc093a3f001357f679d,65699b8752db30197cb5,4,False,pending
5bc093a3f001357f679d,69c568e5d654f5f1a826,4,False,pending
5bc093a3f001357f679d,12b6fbf06c797c7b85a3,4,False,pending
5bc093a3f001357f679d,13afb8705ea22f110773,4,False,pending
5bc093a3f001357f679d,07d8053d60f360441935,4,False,pending
5bc093a3f001357f679d,aac7d5d4fbe5645c3af1,3,False,pending
5bc093a3f001357f679d,8f88eee1e9a55d164d4d,4,False,pending
5bc093a3f001357f679d,a7afddf396cf14f8cdd8,3,False,pending
5bc093a3f001357f679d,16d7f8f71fa9eabcddf0,4,False,pending
d77f23817bd4a10f9d83,f1d9bfe6dbfb84568e4f,4,False,pending
d77f23817bd4a10f9d83,c1fca949d36950739b7b,4,False,pending
d77f23817bd4a10f9d83,498707cdc3b9a8c2db47,3,False,pending
d77f23817bd4a10f9d83,1fea3d0f37988b4d3dc6,3,False,pending
d77f23817bd4a10f9d83,2a2150f509de4bf13601,3,False,pending
d77f23817bd4a10f9d83,bbd1358f8d9e87ea804e,3,False,pending
d77f23817bd4a10f9d83,5959dbcb203592851e5b,4,False,pending
d77f23817bd4a10f9d83,d95c2db8f7e447b8f6b4,4,False,pending
d77f23817bd4a10f9d83,65699b8752db30197cb5,4,False,pending
d77f23817bd4a10f9d83,69c568e5d654f5f1a826,4,False,pending
d77f23817bd4a10f9d83,12b6fbf06c797c7b85a3,4,False,pending
d77f23817bd4a10f9d83,13afb8705ea22f110773,4,False,pending
d77f23817bd4a10f9d83,07d8053d60f360441935,4,False,pending
d77f23817bd4a10f9d83,aac7d5d4fbe5645c3af1,3,False,pending
d77f23817bd4a10f9d83,8f88eee1e9a55d164d4d,4,False,pending
d77f23817bd4a10f9d83,a7afddf396cf14f8cdd8,3,False,pending
d77f23817bd4a10f9d83,16d7f8f71fa9eabcddf0,4,False,pending
f1d9bfe6dbfb84568e4f,498707cdc3b9a8c2db47,3,False,pending
f1d9bfe6dbfb84568e4f,1fea3d0f37988b4d3dc6,3,False,pending
f1d9bfe6dbfb84568e4f,6a54349e6423cb151069,3,False,pending
f1d9bfe6dbfb84568e4f,a8722866fbd050d8e31d,3,False,pending
f1d9bfe6dbfb84568e4f,d4918f2e85422c0ffddd,3,False,pending
f1d9bfe6dbfb84568e4f,9a44e4e0ecf59fc9727c,4,False,pending
f1d9bfe6dbfb84568e4f,bf98821dbbc8575af647,3,False,pending
f1d9bfe6dbfb84568e4f,3e7b6619f91bcf40541f,3,False,pending
f1d9bfe6dbfb84568e4f,ba60da8145fd0d116b14,3,False,pending
f1d9bfe6dbfb84568e4f,5936428fedd89689d116,3,False,pending
f1d9bfe6dbfb84568e4f,e7dcbddabed640519d68,3,False,pending
f1d9bfe6dbfb84568e4f,5959dbcb203592851e5b,4,False,pending
f1d9bfe6dbfb84568e4f,d95c2db8f7e447b8f6b4,4,False,pending
f1d9bfe6dbfb84568e4f,65699b8752db30197cb5,4,False,pending
f1d9bfe6dbfb84568e4f,69c568e5d654f5f1a826,4,False,pending
f1d9bfe6dbfb84568e4f,12b6fbf06c797c7b85a3,4,False,pending
f1d9bfe6dbfb84568e4f,13afb8705ea22f110773,4,False,pending
f1d9bfe6dbfb84568e4f,07d8053d60f360441935,4,False,pending
f1d9bfe6dbfb84568e4f,a7afddf396cf14f8cdd8,3,False,pending
f1d9bfe6dbfb84568e4f,2b0d963ede6a0a83445a,4,False,pending
f1d9bfe6dbfb84568e4f,c5035e71893af4571894,4,False,pending
f1d9bfe6dbfb84568e4f,208df034d912252c7f52,3,False,pending
f1d9bfe6dbfb84568e4f,16d7f8f71fa9eabcddf0,4,False,pending
c1fca949d36950739b7b,498707cdc3b9a8c2db47,3,False,pending
c1fca949d36950739b7b,1fea3d0f37988b4d3dc6,3,False,pending
c1fca949d36950739b7b,6a54349e6423cb151069,3,False,pending
c1fca949d36950739b7b,a8722866fbd050d8e31d,3,False,pending
c1fca949d36950739b7b,d4918f2e85422c0ffddd,3,False,pending
c1fca949d36950739b7b,9a44e4e0ecf59fc9727c,4,False,pending
c1fca949d36950739b7b,bf98821dbbc8575af647,3,False,pending
c1fca949d36950739b7b,3e7b6619f91bcf40541f,3,False,pending
c1fca949d36950739b7b,ba60da8145fd0d116b14,3,False,pending
c1fca949d36950739b7b,5936428fedd89689d116,3,False,pending
c1fca949d36950739b7b,e7dcbddabed640519d68,3,False,pending
c1fca949d36950739b7b,5959dbcb203592851e5b,4,False,pending
c1fca949d36950739b7b,d95c2db8f7e447b8f6b4,4,False,pending
c1fca949d36950739b7b,65699b8752db30197cb5,4,False,pending
c1fca949d36950739b7b,69c568e5d654f5f1a826,4,False,pending
c1fca949d36950739b7b,12b6fbf06c797c7b85a3,4,False,pending
c1fca949d36950739b7b,13afb8705ea22f110773,4,False,pending
c1fca949d36950739b7b,07d8053d60f360441935,4,False,pending
c1fca949d36950739b7b,a7afddf396cf14f8cdd8,3,False,pending
c1fca949d36950739b7b,2b0d963ede6a0a83445a,4,False,pending
c1fca949d36950739b7b,c5035e71893af4571894,4,False,pending
c1fca949d36950739b7b,208df034d912252c7f52,3,False,pending
c1fca949d36950739b7b,16d7f8f71fa9eabcddf0,4,False,pending
498707cdc3b9a8c2db47,6a54349e6423cb151069,4,False,pending
498707cdc3b9a8c2db47,a8722866fbd050d8e31d,4,False,pending
498707cdc3b9a8c2db47,d4918f2e85422c0ffddd,4,False,pending
498707cdc3b9a8c2db47,bf98821dbbc8575af647,4,False,pending
498707cdc3b9a8c2db47,3e7b6619f91bcf40541f,4,False,pending
498707cdc3b9a8c2db47,ba60da8145fd0d116b14,4,False,pending
498707cdc3b9a8c2db47,2a2150f509de4bf13601,4,False,pending
498707cdc3b9a8c2db47,bbd1358f8d9e87ea804e,4,False,pending
498707cdc3b9a8c2db47,aac7d5d4fbe5645c3af1,4,False,pending
498707cdc3b9a8c2db47,8f88eee1e9a55d164d4d,3,False,pending
1fea3d0f37988b4d3dc6,6a54349e6423cb151069,4,False,pending
1fea3d0f37988b4d3dc6,a8722866fbd050d8e31d,4,False,pending
1fea3d0f37988b4d3dc6,d4918f2e85422c0ffddd,4,False,pending
1fea3d0f37988b4d3dc6,bf98821dbbc8575af647,4,False,pending
1fea3d0f37988b4d3dc6,3e7b6619f91bcf40541f,4,False,pending
1fea3d0f37988b4d3dc6,ba60da8145fd0d116b14,4,False,pending
1fea3d0f37988b4d3dc6,2a2150f509de4bf13601,4,False,pending
1fea3d0f37988b4d3dc6,bbd1358f8d9e87ea804e,4,False,pending
1fea3d0f37988b4d3dc6,aac7d5d4fbe5645c3af1,4,False,pending
1fea3d0f37988b4d3dc6,8f88eee1e9a55d164d4d,3,False,pending
6a54349e6423cb151069,5936428fedd89689d116,4,False,pending
6a54349e6423cb151069,e7dcbddabed640519d68,4,False,pending
6a54349e6423cb151069,8f88eee1e9a55d164d4d,3,False,pending
6a54349e6423cb151069,a7afddf396cf14f8cdd8,4,False,pending
6a54349e6423cb151069,208df034d912252c7f52,4,False,pending
a8722866fbd050d8e31d,5936428fedd89689d116,4,False,pending
a8722866fbd050d8e31d,e7dcbddabed640519d68,4,False,pending
a8722866fbd050d8e31d,8f88eee1e9a55d164d4d,3,False,pending
a8722866fbd050d8e31d,a7afddf396cf14f8cdd8,4,False,pending
a8722866fbd050d8e31d,208df034d912252c7f52,4,False,pending
d4918f2e85422c0ffddd,5936428fedd89689d116,4,False,pending
d4918f2e85422c0ffddd,e7dcbddabed640519d68,4,False,pending
d4918f2e85422c0ffddd,8f88eee1e9a55d164d4d,3,False,pending
d4918f2e85422c0ffddd,a7afddf396cf14f8cdd8,4,False,pending
d4918f2e85422c0ffddd,208df034d912252c7f52,4,False,pending
9a44e4e0ecf59fc9727c,bf98821dbbc8575af647,1,False,pending
9a44e4e0ecf59fc9727c,3e7b6619f91bcf40541f,1,False,pending
9a44e4e0ecf59fc9727c,ba60da8145fd0d116b14,1,False,pending
9a44e4e0ecf59fc9727c,7d8db42a5e97d5589d55,4,False,pending
9a44e4e0ecf59fc9727c,602a74e2cbbe5f6db075,4,False,pending
9a44e4e0ecf59fc9727c,8f88eee1e9a55d164d4d,4,False,pending
bf98821dbbc8575af647,7d8db42a5e97d5589d55,3,False,pending
bf98821dbbc8575af647,602a74e2cbbe5f6db075,3,False,pending
bf98821dbbc8575af647,2a2150f509de4bf13601,4,False,pending
bf98821dbbc8575af647,bbd1358f8d9e87ea804e,4,False,pending
bf98821dbbc8575af647,aac7d5d4fbe5645c3af1,4,False,pending
bf98821dbbc8575af647,8f88eee1e9a55d164d4d,3,False,pending
bf98821dbbc8575af647,a7afddf396cf14f8cdd8,4,False,pending
bf98821dbbc8575af647,2b0d963ede6a0a83445a,1,False,pending
bf98821dbbc8575af647,c5035e71893af4571894,1,False,pending
3e7b6619f91bcf40541f,7d8db42a5e97d5589d55,3,False,pending
3e7b6619f91bcf40541f,602a74e2cbbe5f6db075,3,False,pending
3e7b6619f91bcf40541f,2a2150f509de4bf13601,4,False,pending
3e7b6619f91bcf40541f,bbd1358f8d9e87ea804e,4,False,pending
3e7b6619f91bcf40541f,aac7d5d4fbe5645c3af1,4,False,pending
3e7b6619f91bcf40541f,8f88eee1e9a55d164d4d,3,False,pending
3e7b6619f91bcf40541f,a7afddf396cf14f8cdd8,4,False,pending
3e7b6619f91bcf40541f,2b0d963ede6a0a83445a,1,False,pending
3e7b6619f91bcf40541f,c5035e71893af4571894,1,False,pending
ba60da8145fd0d116b14,7d8db42a5e97d5589d55,3,False,pending
ba60da8145fd0d116b14,602a74e2cbbe5f6db075,3,False,pending
ba60da8145fd0d116b14,2a2150f509de4bf13601,4,False,pending
ba60da8145fd0d116b14,bbd1358f8d9e87ea804e,4,False,pending
ba60da8145fd0d116b14,aac7d5d4fbe5645c3af1,4,False,pending
ba60da8145fd0d116b14,8f88eee1e9a55d164d4d,3,False,pending
ba60da8145fd0d116b14,a7afddf396cf14f8cdd8,4,False,pending
ba60da8145fd0d116b14,2b0d963ede6a0a83445a,1,False,pending
ba60da8145fd0d116b14,c5035e71893af4571894,1,False,pending
5936428fedd89689d116,7d8db42a5e97d5589d55,3,False,pending
5936428fedd89689d116,602a74e2cbbe5f6db075,3,False,pending
5936428fedd89689d116,2a2150f509de4bf13601,4,False,pending
5936428fedd89689d116,bbd1358f8d9e87ea804e,4,False,pending
5936428fedd89689d116,5959dbcb203592851e5b,1,False,pending
5936428fedd89689d116,2a39b1c4d445cb0b7a13,2,False,pending
5936428fedd89689d116,dc2e6f74246da650bc37,2,False,pending
5936428fedd89689d116,129a944207c344995698,2,False,pending
5936428fedd89689d116,669ff569e8ec297dd6b7,4,False,pending
5936428fedd89689d116,3493fb00b682f21ee887,4,False,pending
5936428fedd89689d116,d95c2db8f7e447b8f6b4,1,False,pending
5936428fedd89689d116,65699b8752db30197cb5,1,False,pending
5936428fedd89689d116,69c568e5d654f5f1a826,1,False,pending
5936428fedd89689d116,12b6fbf06c797c7b85a3,1,False,pending
5936428fedd89689d116,13afb8705ea22f110773,1,False,pending
5936428fedd89689d116,07d8053d60f360441935,1,False,pending
5936428fedd89689d116,aac7d5d4fbe5645c3af1,4,False,pending
5936428fedd89689d116,8f88eee1e9a55d164d4d,3,False,pending
5936428fedd89689d116,16d7f8f71fa9eabcddf0,1,False,pending
e7dcbddabed640519d68,7d8db42a5e97d5589d55,3,False,pending
e7dcbddabed640519d68,602a74e2cbbe5f6db075,3,False,pending
e7dcbddabed640519d68,2a2150f509de4bf13601,4,False,pending
e7dcbddabed640519d68,bbd1358f8d9e87ea804e,4,False,pending
e7dcbddabed640519d68,5959dbcb203592851e5b,1,False,pending
e7dcbddabed640519d68,2a39b1c4d445cb0b7a13,2,False,pending
e7dcbddabed640519d68,dc2e6f74246da650bc37,2,False,pending
e7dcbddabed640519d68,129a944207c344995698,2,False,pending
e7dcbddabed640519d68,669ff569e8ec297dd6b7,4,False,pending
e7dcbddabed640519d68,3493fb00b682f21ee887,4,False,pending
e7dcbddabed640519d68,d95c2db8f7e447b8f6b4,1,False,pending
e7dcbddabed640519d68,65699b8752db30197cb5,1,False,pending
e7dcbddabed640519d68,69c568e5d654f5f1a826,1,False,pending
e7dcbddabed640519d68,12b6fbf06c797c7b85a3,1,False,pending
e7dcbddabed640519d68,13afb8705ea22f110773,1,False,pending
e7dcbddabed640519d68,07d8053d60f360441935,1,False,pending
e7dcbddabed640519d68,aac7d5d4fbe5645c3af1,4,False,pending
e7dcbddabed640519d68,8f88eee1e9a55d164d4d,3,False,pending
e7dcbddabed640519d68,16d7f8f71fa9eabcddf0,1,False,pending
7d8db42a5e97d5589d55,2a2150f509de4bf13601,3,False,pending
7d8db42a5e97d5589d55,bbd1358f8d9e87ea804e,3,False,pending
7d8db42a5e97d5589d55,5959dbcb203592851e5b,2,False,pending
7d8db42a5e97d5589d55,d95c2db8f7e447b8f6b4,4,False,pending
7d8db42a5e97d5589d55,65699b8752db30197cb5,4,False,pending
7d8db42a5e97d5589d55,69c568e5d654f5f1a826,4,False,pending
7d8db42a5e97d5589d55,12b6fbf06c797c7b85a3,4,False,pending
7d8db42a5e97d5589d55,13afb8705ea22f110773,4,False,pending
7d8db42a5e97d5589d55,07d8053d60f360441935,4,False,pending
7d8db42a5e97d5589d55,aac7d5d4fbe5645c3af1,3,False,pending
7d8db42a5e97d5589d55,2b0d963ede6a0a83445a,4,False,pending
7d8db42a5e97d5589d55,c5035e71893af4571894,4,False,pending
7d8db42a5e97d5589d55,208df034d912252c7f52,3,False,pending
7d8db42a5e97d5589d55,479449efa99186c75307,4,False,pending
7d8db42a5e97d5589d55,36c4e55d700bbd3de09e,4,False,pending
7d8db42a5e97d5589d55,16d7f8f71fa9eabcddf0,2,False,pending
602a74e2cbbe5f6db075,2a2150f509de4bf13601,3,False,pending
602a74e2cbbe5f6db075,bbd1358f8d9e87ea804e,3,False,pending
602a74e2cbbe5f6db075,5959dbcb203592851e5b,2,False,pending
602a74e2cbbe5f6db075,d95c2db8f7e447b8f6b4,4,False,pending
602a74e2cbbe5f6db075,65699b8752db30197cb5,4,False,pending
602a74e2cbbe5f6db075,69c568e5d654f5f1a826,4,False,pending
602a74e2cbbe5f6db075,12b6fbf06c797c7b85a3,4,False,pending
602a74e2cbbe5f6db075,13afb8705ea22f110773,4,False,pending
602a74e2cbbe5f6db075,07d8053d60f360441935,4,False,pending
602a74e2cbbe5f6db075,aac7d5d4fbe5645c3af1,3,False,pending
602a74e2cbbe5f6db075,2b0d963ede6a0a83445a,4,False,pending
602a74e2cbbe5f6db075,c5035e71893af4571894,4,False,pending
602a74e2cbbe5f6db075,208df034d912252c7f52,3,False,pending
602a74e2cbbe5f6db075,479449efa99186c75307,4,False,pending
602a74e2cbbe5f6db075,36c4e55d700bbd3de09e,4,False,pending
602a74e2cbbe5f6db075,16d7f8f71fa9eabcddf0,2,False,pending
2a2150f509de4bf13601,5959dbcb203592851e5b,3,False,pending
2a2150f509de4bf13601,aac7d5d4fbe5645c3af1,0,False,pending
2a2150f509de4bf13601,a7afddf396cf14f8cdd8,4,False,pending
2a2150f509de4bf13601,208df034d912252c7f52,4,False,pending
2a2150f509de4bf13601,16d7f8f71fa9eabcddf0,3,False,pending
bbd1358f8d9e87ea804e,5959dbcb203592851e5b,3,False,pending
bbd1358f8d9e87ea804e,aac7d5d4fbe5645c3af1,0,False,pending
bbd1358f8d9e87ea804e,a7afddf396cf14f8cdd8,4,False,pending
bbd1358f8d9e87ea804e,208df034d912252c7f52,4,False,pending
bbd1358f8d9e87ea804e,16d7f8f71fa9eabcddf0,3,False,pending
5f99d0ddd14ab1aa9f51,0ea74ab38777ce1423f1,4,False,pending
5f99d0ddd14ab1aa9f51,714c2833e4ebfbad3c5d,4,False,pending
5f99d0ddd14ab1aa9f51,0a9ca9fe4eb4bfa4ba35,4,False,pending
5f99d0ddd14ab1aa9f51,479449efa99186c75307,3,False,pending
5f99d0ddd14ab1aa9f51,36c4e55d700bbd3de09e,3,False,pending
83d4bf3aca97e5801f86,0ea74ab38777ce1423f1,4,False,pending
83d4bf3aca97e5801f86,714c2833e4ebfbad3c5d,4,False,pending
83d4bf3aca97e5801f86,0a9ca9fe4eb4bfa4ba35,4,False,pending
83d4bf3aca97e5801f86,479449efa99186c75307,3,False,pending
83d4bf3aca97e5801f86,36c4e55d700bbd3de09e,3,False,pending
5959dbcb203592851e5b,2a39b1c4d445cb0b7a13,3,False,pending
5959dbcb203592851e5b,dc2e6f74246da650bc37,3,False,pending
5959dbcb203592851e5b,129a944207c344995698,3,False,pending
5959dbcb203592851e5b,d95c2db8f7e447b8f6b4,2,False,pending
5959dbcb203592851e5b,65699b8752db30197cb5,2,False,pending
5959dbcb203592851e5b,69c568e5d654f5f1a826,2,False,pending
5959dbcb203592851e5b,12b6fbf06c797c7b85a3,2,False,pending
5959dbcb203592851e5b,13afb8705ea22f110773,2,False,pending
5959dbcb203592851e5b,07d8053d60f360441935,2,False,pending
5959dbcb203592851e5b,aac7d5d4fbe5645c3af1,3,False,pending
5959dbcb203592851e5b,8f88eee1e9a55d164d4d,4,False,pending
5959dbcb203592851e5b,208df034d912252c7f52,1,False,pending
18c50a2a3196670163c5,2a39b1c4d445cb0b7a13,3,False,pending
18c50a2a3196670163c5,dc2e6f74246da650bc37,3,False,pending
18c50a2a3196670163c5,129a944207c344995698,3,False,pending
18c50a2a3196670163c5,669ff569e8ec297dd6b7,3,False,pending
18c50a2a3196670163c5,3493fb00b682f21ee887,3,False,pending
18c50a2a3196670163c5,0ea74ab38777ce1423f1,3,False,pending
18c50a2a3196670163c5,714c2833e4ebfbad3c5d,3,False,pending
18c50a2a3196670163c5,0a9ca9fe4eb4bfa4ba35,3,False,pending
18c50a2a3196670163c5,dfdd6ba5297f5a7340d4,2,False,pending
18c50a2a3196670163c5,95bd03991bc498f5c217,2,False,pending
18c50a2a3196670163c5,180af5297cfa94454c3d,1,False,pending
18c50a2a3196670163c5,fc0f5e12500f64ab947c,1,False,pending
18c50a2a3196670163c5,c6964591d000deb5100d,1,False,pending
18c50a2a3196670163c5,479449efa99186c75307,4,False,pending
18c50a2a3196670163c5,36c4e55d700bbd3de09e,4,False,pending
18c50a2a3196670163c5,3579cd0148e3dac5f5ee,2,False,pending
09613a31e9465c1e0c07,2a39b1c4d445cb0b7a13,3,False,pending
09613a31e9465c1e0c07,dc2e6f74246da650bc37,3,False,pending
09613a31e9465c1e0c07,129a944207c344995698,3,False,pending
09613a31e9465c1e0c07,669ff569e8ec297dd6b7,3,False,pending
09613a31e9465c1e0c07,3493fb00b682f21ee887,3,False,pending
09613a31e9465c1e0c07,0ea74ab38777ce1423f1,3,False,pending
09613a31e9465c1e0c07,714c2833e4ebfbad3c5d,3,False,pending
09613a31e9465c1e0c07,0a9ca9fe4eb4bfa4ba35,3,False,pending
09613a31e9465c1e0c07,dfdd6ba5297f5a7340d4,2,False,pending
09613a31e9465c1e0c07,95bd03991bc498f5c217,2,False,pending
09613a31e9465c1e0c07,180af5297cfa94454c3d,1,False,pending
09613a31e9465c1e0c07,fc0f5e12500f64ab947c,1,False,pending
09613a31e9465c1e0c07,c6964591d000deb5100d,1,False,pending
09613a31e9465c1e0c07,479449efa99186c75307,4,False,pending
09613a31e9465c1e0c07,36c4e55d700bbd3de09e,4,False,pending
09613a31e9465c1e0c07,3579cd0148e3dac5f5ee,2,False,pending
2a39b1c4d445cb0b7a13,669ff569e8ec297dd6b7,2,False,pending
2a39b1c4d445cb0b7a13,3493fb00b682f21ee887,2,False,pending
2a39b1c4d445cb0b7a13,0ea74ab38777ce1423f1,4,False,pending
2a39b1c4d445cb0b7a13,714c2833e4ebfbad3c5d,4,False,pending
2a39b1c4d445cb0b7a13,0a9ca9fe4eb4bfa4ba35,4,False,pending
2a39b1c4d445cb0b7a13,d95c2db8f7e447b8f6b4,3,False,pending
2a39b1c4d445cb0b7a13,65699b8752db30197cb5,3,False,pending
2a39b1c4d445cb0b7a13,69c568e5d654f5f1a826,3,False,pending
2a39b1c4d445cb0b7a13,dfdd6ba5297f5a7340d4,3,False,pending
2a39b1c4d445cb0b7a13,95bd03991bc498f5c217,3,False,pending
2a39b1c4d445cb0b7a13,12b6fbf06c797c7b85a3,3,False,pending
2a39b1c4d445cb0b7a13,13afb8705ea22f110773,3,False,pending
2a39b1c4d445cb0b7a13,07d8053d60f360441935,3,False,pending
2a39b1c4d445cb0b7a13,180af5297cfa94454c3d,4,False,pending
2a39b1c4d445cb0b7a13,fc0f5e12500f64ab947c,4,False,pending
2a39b1c4d445cb0b7a13,c6964591d000deb5100d,4,False,pending
2a39b1c4d445cb0b7a13,208df034d912252c7f52,2,False,pending
2a39b1c4d445cb0b7a13,16d7f8f71fa9eabcddf0,3,False,pending
2a39b1c4d445cb0b7a13,c62a89224598f6801f1a,3,False,pending
2a39b1c4d445cb0b7a13,3579cd0148e3dac5f5ee,3,False,pending
dc2e6f74246da650bc37,669ff569e8ec297dd6b7,2,False,pending
dc2e6f74246da650bc37,3493fb00b682f21ee887,2,False,pending
dc2e6f74246da650bc37,0ea74ab38777ce1423f1,4,False,pending
dc2e6f74246da650bc37,714c2833e4ebfbad3c5d,4,False,pending
dc2e6f74246da650bc37,0a9ca9fe4eb4bfa4ba35,4,False,pending
dc2e6f74246da650bc37,d95c2db8f7e447b8f6b4,3,False,pending
dc2e6f74246da650bc37,65699b8752db30197cb5,3,False,pending
dc2e6f74246da650bc37,69c568e5d654f5f1a826,3,False,pending
dc2e6f74246da650bc37,dfdd6ba5297f5a7340d4,3,False,pending
dc2e6f74246da650bc37,95bd03991bc498f5c217,3,False,pending
dc2e6f74246da650bc37,12b6fbf06c797c7b85a3,3,False,pending
dc2e6f74246da650bc37,13afb8705ea22f110773,3,False,pending
dc2e6f74246da650bc37,07d8053d60f360441935,3,False,pending
dc2e6f74246da650bc37,180af5297cfa94454c3d,4,False,pending
dc2e6f74246da650bc37,fc0f5e12500f64ab947c,4,False,pending
dc2e6f74246da650bc37,c6964591d000deb5100d,4,False,pending
dc2e6f74246da650bc37,208df034d912252c7f52,2,False,pending
dc2e6f74246da650bc37,16d7f8f71fa9eabcddf0,3,False,pending
dc2e6f74246da650bc37,c62a89224598f6801f1a,3,False,pending
dc2e6f74246da650bc37,3579cd0148e3dac5f5ee,3,False,pending
129a944207c344995698,669ff569e8ec297dd6b7,2,False,pending
129a944207c344995698,3493fb00b682f21ee887,2,False,pending
129a944207c344995698,0ea74ab38777ce1423f1,4,False,pending
129a944207c344995698,714c2833e4ebfbad3c5d,4,False,pending
129a944207c344995698,0a9ca9fe4eb4bfa4ba35,4,False,pending
129a944207c344995698,d95c2db8f7e447b8f6b4,3,False,pending
129a944207c344995698,65699b8752db30197cb5,3,False,pending
129a944207c344995698,69c568e5d654f5f1a826,3,False,pending
129a944207c344995698,dfdd6ba5297f5a7340d4,3,False,pending
129a944207c344995698,95bd03991bc498f5c217,3,False,pending
129a944207c344995698,12b6fbf06c797c7b85a3,3,False,pending
129a944207c344995698,13afb8705ea22f110773,3,False,pending
129a944207c344995698,07d8053d60f360441935,3,False,pending
129a944207c344995698,180af5297cfa94454c3d,4,False,pending
129a944207c344995698,fc0f5e12500f64ab947c,4,False,pending
129a944207c344995698,c6964591d000deb5100d,4,False,pending
129a944207c344995698,208df034d912252c7f52,2,False,pending
129a944207c344995698,16d7f8f71fa9eabcddf0,3,False,pending
129a944207c344995698,c62a89224598f6801f1a,3,False,pending
129a944207c344995698,3579cd0148e3dac5f5ee,3,False,pending
669ff569e8ec297dd6b7,d95c2db8f7e447b8f6b4,3,False,pending
669ff569e8ec297dd6b7,65699b8752db30197cb5,3,False,pending
669ff569e8ec297dd6b7,69c568e5d654f5f1a826,3,False,pending
669ff569e8ec297dd6b7,dfdd6ba5297f5a7340d4,3,False,pending
669ff569e8ec297dd6b7,95bd03991bc498f5c217,3,False,pending
669ff569e8ec297dd6b7,12b6fbf06c797c7b85a3,3,False,pending
669ff569e8ec297dd6b7,13afb8705ea22f110773,3,False,pending
669ff569e8ec297dd6b7,07d8053d60f360441935,3,False,pending
669ff569e8ec297dd6b7,180af5297cfa94454c3d,2,False,pending
669ff569e8ec297dd6b7,fc0f5e12500f64ab947c,2,False,pending
669ff569e8ec297dd6b7,c6964591d000deb5100d,2,False,pending
669ff569e8ec297dd6b7,208df034d912252c7f52,4,False,pending
669ff569e8ec297dd6b7,c62a89224598f6801f1a,3,False,pending
669ff569e8ec297dd6b7,3579cd0148e3dac5f5ee,3,False,pending
3493fb00b682f21ee887,d95c2db8f7e447b8f6b4,3,False,pending
3493fb00b682f21ee887,65699b8752db30197cb5,3,False,pending
3493fb00b682f21ee887,69c568e5d654f5f1a826,3,False,pending
3493fb00b682f21ee887,dfdd6ba5297f5a7340d4,3,False,pending
3493fb00b682f21ee887,95bd03991bc498f5c217,3,False,pending
3493fb00b682f21ee887,12b6fbf06c797c7b85a3,3,False,pending
3493fb00b682f21ee887,13afb8705ea22f110773,3,False,pending
3493fb00b682f21ee887,07d8053d60f360441935,3,False,pending
3493fb00b682f21ee887,180af5297cfa94454c3d,2,False,pending
3493fb00b682f21ee887,fc0f5e12500f64ab947c,2,False,pending
3493fb00b682f21ee887,c6964591d000deb5100d,2,False,pending
3493fb00b682f21ee887,208df034d912252c7f52,4,False,pending
3493fb00b682f21ee887,c62a89224598f6801f1a,3,False,pending
3493fb00b682f21ee887,3579cd0148e3dac5f5ee,3,False,pending
0ea74ab38777ce1423f1,dfdd6ba5297f5a7340d4,3,False,pending
0ea74ab38777ce1423f1,95bd03991bc498f5c217,3,False,pending
0ea74ab38777ce1423f1,180af5297cfa94454c3d,4,False,pending
0ea74ab38777ce1423f1,fc0f5e12500f64ab947c,4,False,pending
0ea74ab38777ce1423f1,c6964591d000deb5100d,4,False,pending
0ea74ab38777ce1423f1,479449efa99186c75307,3,False,pending
0ea74ab38777ce1423f1,36c4e55d700bbd3de09e,3,False,pending
0ea74ab38777ce1423f1,7e901805c9f7724e606a,4,False,pending
0ea74ab38777ce1423f1,c62a89224598f6801f1a,3,False,pending
0ea74ab38777ce1423f1,3579cd0148e3dac5f5ee,3,False,pending
714c2833e4ebfbad3c5d,dfdd6ba5297f5a7340d4,3,False,pending
714c2833e4ebfbad3c5d,95bd03991bc498f5c217,3,False,pending
714c2833e4ebfbad3c5d,180af5297cfa94454c3d,4,False,pending
714c2833e4ebfbad3c5d,fc0f5e12500f64ab947c,4,False,pending
714c2833e4ebfbad3c5d,c6964591d000deb5100d,4,False,pending
714c2833e4ebfbad3c5d,479449efa99186c75307,3,False,pending
714c2833e4ebfbad3c5d,36c4e55d700bbd3de09e,3,False,pending
714c2833e4ebfbad3c5d,7e901805c9f7724e606a,4,False,pending
714c2833e4ebfbad3c5d,c62a89224598f6801f1a,3,False,pending
714c2833e4ebfbad3c5d,3579cd0148e3dac5f5ee,3,False,pending
0a9ca9fe4eb4bfa4ba35,dfdd6ba5297f5a7340d4,3,False,pending
0a9ca9fe4eb4bfa4ba35,95bd03991bc498f5c217,3,False,pending
0a9ca9fe4eb4bfa4ba35,180af5297cfa94454c3d,4,False,pending
0a9ca9fe4eb4bfa4ba35,fc0f5e12500f64ab947c,4,False,pending
0a9ca9fe4eb4bfa4ba35,c6964591d000deb5100d,4,False,pending
0a9ca9fe4eb4bfa4ba35,479449efa99186c75307,3,False,pending
0a9ca9fe4eb4bfa4ba35,36c4e55d700bbd3de09e,3,False,pending
0a9ca9fe4eb4bfa4ba35,7e901805c9f7724e606a,4,False,pending
0a9ca9fe4eb4bfa4ba35,c62a89224598f6801f1a,3,False,pending
0a9ca9fe4eb4bfa4ba35,3579cd0148e3dac5f5ee,3,False,pending
d95c2db8f7e447b8f6b4,dfdd6ba5297f5a7340d4,4,False,pending
d95c2db8f7e447b8f6b4,95bd03991bc498f5c217,4,False,pending
d95c2db8f7e447b8f6b4,12b6fbf06c797c7b85a3,0,False,pending
d95c2db8f7e447b8f6b4,13afb8705ea22f110773,0,False,pending
d95c2db8f7e447b8f6b4,07d8053d60f360441935,0,False,pending
d95c2db8f7e447b8f6b4,8f88eee1e9a55d164d4d,4,False,pending
d95c2db8f7e447b8f6b4,208df034d912252c7f52,1,False,pending
d95c2db8f7e447b8f6b4,16d7f8f71fa9eabcddf0,2,False,pending
d95c2db8f7e447b8f6b4,3579cd0148e3dac5f5ee,4,False,pending
65699b8752db30197cb5,dfdd6ba5297f5a7340d4,4,False,pending
65699b8752db30197cb5,95bd03991bc498f5c217,4,False,pending
65699b8752db30197cb5,12b6fbf06c797c7b85a3,0,False,pending
65699b8752db30197cb5,13afb8705ea22f110773,0,False,pending
65699b8752db30197cb5,07d8053d60f360441935,0,False,pending
65699b8752db30197cb5,8f88eee1e9a55d164d4d,4,False,pending
65699b8752db30197cb5,208df034d912252c7f52,1,False,pending
65699b8752db30197cb5,16d7f8f71fa9eabcddf0,2,False,pending
65699b8752db30197cb5,3579cd0148e3dac5f5ee,4,False,pending
69c568e5d654f5f1a826,dfdd6ba5297f5a7340d4,4,False,pending
69c568e5d654f5f1a826,95bd03991bc498f5c217,4,False,pending
69c568e5d654f5f1a826,12b6fbf06c797c7b85a3,0,False,pending
69c568e5d654f5f1a826,13afb8705ea22f110773,0,False,pending
69c568e5d654f5f1a826,07d8053d60f360441935,0,False,pending
69c568e5d654f5f1a826,8f88eee1e9a55d164d4d,4,False,pending
69c568e5d654f5f1a826,208df034d912252c7f52,1,False,pending
69c568e5d654f5f1a826,16d7f8f71fa9eabcddf0,2,False,pending
69c568e5d654f5f1a826,3579cd0148e3dac5f5ee,4,False,pending
dfdd6ba5297f5a7340d4,12b6fbf06c797c7b85a3,4,False,pending
dfdd6ba5297f5a7340d4,13afb8705ea22f110773,4,False,pending
dfdd6ba5297f5a7340d4,07d8053d60f360441935,4,False,pending
dfdd6ba5297f5a7340d4,180af5297cfa94454c3d,1,False,pending
dfdd6ba5297f5a7340d4,fc0f5e12500f64ab947c,1,False,pending
dfdd6ba5297f5a7340d4,c6964591d000deb5100d,1,False,pending
dfdd6ba5297f5a7340d4,479449efa99186c75307,4,False,pending
dfdd6ba5297f5a7340d4,36c4e55d700bbd3de09e,4,False,pending
dfdd6ba5297f5a7340d4,c62a89224598f6801f1a,2,False,pending
95bd03991bc498f5c217,12b6fbf06c797c7b85a3,4,False,pending
95bd03991bc498f5c217,13afb8705ea22f110773,4,False,pending
95bd03991bc498f5c217,07d8053d60f360441935,4,False,pending
95bd03991bc498f5c217,180af5297cfa94454c3d,1,False,pending
95bd03991bc498f5c217,fc0f5e12500f64ab947c,1,False,pending
95bd03991bc498f5c217,c6964591d000deb5100d,1,False,pending
95bd03991bc498f5c217,479449efa99186c75307,4,False,pending
95bd03991bc498f5c217,36c4e55d700bbd3de09e,4,False,pending
95bd03991bc498f5c217,c62a89224598f6801f1a,2,False,pending
12b6fbf06c797c7b85a3,8f88eee1e9a55d164d4d,4,False,pending
12b6fbf06c797c7b85a3,208df034d912252c7f52,1,False,pending
12b6fbf06c797c7b85a3,16d7f8f71fa9eabcddf0,2,False,pending
12b6fbf06c797c7b85a3,3579cd0148e3dac5f5ee,4,False,pending
13afb8705ea22f110773,8f88eee1e9a55d164d4d,4,False,pending
13afb8705ea22f110773,208df034d912252c7f52,1,False,pending
13afb8705ea22f110773,16d7f8f71fa9eabcddf0,2,False,pending
13afb8705ea22f110773,3579cd0148e3dac5f5ee,4,False,pending
07d8053d60f360441935,8f88eee1e9a55d164d4d,4,False,pending
07d8053d60f360441935,208df034d912252c7f52,1,False,pending
07d8053d60f360441935,16d7f8f71fa9eabcddf0,2,False,pending
07d8053d60f360441935,3579cd0148e3dac5f5ee,4,False,pending
180af5297cfa94454c3d,c62a89224598f6801f1a,1,False,pending
180af5297cfa94454c3d,3579cd0148e3dac5f5ee,1,False,pending
fc0f5e12500f64ab947c,c62a89224598f6801f1a,1,False,pending
fc0f5e12500f64ab947c,3579cd0148e3dac5f5ee,1,False,pending
c6964591d000deb5100d,c62a89224598f6801f1a,1,False,pending
c6964591d000deb5100d,3579cd0148e3dac5f5ee,1,False,pending
43cbff87276f1cba7926,b637b15ca64607543b9e,3,False,pending
43cbff87276f1cba7926,e316ef332fe4036a6443,3,False,pending
8af3cea2985442bb9cb4,b637b15ca64607543b9e,3,False,pending
8af3cea2985442bb9cb4,e316ef332fe4036a6443,3,False,pending
5bce80304ee34f4a3d84,20441a4342d6aa5aa583,1,False,pending
5bce80304ee34f4a3d84,dbe026ecc9ae8b0902e7,1,False,pending
df0f53f0804e2e4f7b4d,20441a4342d6aa5aa583,1,False,pending
df0f53f0804e2e4f7b4d,dbe026ecc9ae8b0902e7,1,False,pending
9772fac33c82c16f7ee6,680d0fabfe782b82cf2e,4,False,pending
9772fac33c82c16f7ee6,3a7bbdcd4b6e7707d619,4,False,pending
9772fac33c82c16f7ee6,cfe10c330018213ceeb7,4,False,pending
ea1dfce49308729be2a9,680d0fabfe782b82cf2e,4,False,pending
ea1dfce49308729be2a9,3a7bbdcd4b6e7707d619,4,False,pending
ea1dfce49308729be2a9,cfe10c330018213ceeb7,4,False,pending
b6b2df81aff4aaae81c4,680d0fabfe782b82cf2e,3,False,pending
b6b2df81aff4aaae81c4,3a7bbdcd4b6e7707d619,3,False,pending
b6b2df81aff4aaae81c4,cfe10c330018213ceeb7,3,False,pending
680d0fabfe782b82cf2e,e2959f8515f40de31606,3,False,pending
680d0fabfe782b82cf2e,f942cb412a40906d9534,3,False,pending
3a7bbdcd4b6e7707d619,e2959f8515f40de31606,3,False,pending
3a7bbdcd4b6e7707d619,f942cb412a40906d9534,3,False,pending
cfe10c330018213ceeb7,e2959f8515f40de31606,3,False,pending
cfe10c330018213ceeb7,f942cb412a40906d9534,3,False,pending
1aaf6f2ada0789702ad9,d9f72e79bc8ad0b6f61f,4,False,pending
1aaf6f2ada0789702ad9,070b8a6f185dbaf57353,4,False,pending
1aaf6f2ada0789702ad9,71f03a7253f69bc2302f,4,False,pending
7170da08632b0c7fce56,d9f72e79bc8ad0b6f61f,4,False,pending
7170da08632b0c7fce56,070b8a6f185dbaf57353,4,False,pending
7170da08632b0c7fce56,71f03a7253f69bc2302f,4,False,pending
5d316cecea301d3c485a,4e17f91ae8ee849a1691,4,False,pending
6cf716754cdf4e79d7d1,4e17f91ae8ee849a1691,4,False,pending
997fe63890e15bbcc11f,ca031beab1a7fb2cd198,4,False,pending
997fe63890e15bbcc11f,c1027b69b773fd8abb77,4,False,pending
504c4495351aa465462d,ca031beab1a7fb2cd198,4,False,pending
504c4495351aa465462d,c1027b69b773fd8abb77,4,False,pending
cf0a649f37817a9900d6,ca031beab1a7fb2cd198,4,False,pending
cf0a649f37817a9900d6,c1027b69b773fd8abb77,4,False,pending
ca031beab1a7fb2cd198,4b00fd3983cf5315bdd2,4,False,pending
ca031beab1a7fb2cd198,c96e3bcc8986f4a0001a,4,False,pending
ca031beab1a7fb2cd198,b94caabc4b10487bdec5,4,False,pending
ca031beab1a7fb2cd198,7263cae6e898bc7f20a8,3,False,pending
ca031beab1a7fb2cd198,05e8c1eee0399894908c,4,False,pending
ca031beab1a7fb2cd198,593775773d3c5912b25e,4,False,pending
ca031beab1a7fb2cd198,335603eeb8e00360812a,4,False,pending
ca031beab1a7fb2cd198,1fc549a3f42c99dd7b4f,3,False,pending
ca031beab1a7fb2cd198,c263b10acbed7d9ce56e,2,False,pending
ca031beab1a7fb2cd198,7dfa8a88e189555d71ca,3,False,pending
ca031beab1a7fb2cd198,b77776a9914b2542a475,3,False,pending
ca031beab1a7fb2cd198,a8381cf3831847e1b254,4,False,pending
ca031beab1a7fb2cd198,70bfcd6593828bddbc28,4,False,pending
c1027b69b773fd8abb77,4b00fd3983cf5315bdd2,4,False,pending
c1027b69b773fd8abb77,c96e3bcc8986f4a0001a,4,False,pending
c1027b69b773fd8abb77,b94caabc4b10487bdec5,4,False,pending
c1027b69b773fd8abb77,7263cae6e898bc7f20a8,3,False,pending
c1027b69b773fd8abb77,05e8c1eee0399894908c,4,False,pending
c1027b69b773fd8abb77,593775773d3c5912b25e,4,False,pending
c1027b69b773fd8abb77,335603eeb8e00360812a,4,False,pending
c1027b69b773fd8abb77,1fc549a3f42c99dd7b4f,3,False,pending
c1027b69b773fd8abb77,c263b10acbed7d9ce56e,2,False,pending
c1027b69b773fd8abb77,7dfa8a88e189555d71ca,3,False,pending
c1027b69b773fd8abb77,b77776a9914b2542a475,3,False,pending
c1027b69b773fd8abb77,a8381cf3831847e1b254,4,False,pending
c1027b69b773fd8abb77,70bfcd6593828bddbc28,4,False,pending
4b00fd3983cf5315bdd2,b94caabc4b10487bdec5,2,False,pending
4b00fd3983cf5315bdd2,107768ca7825c509d025,3,False,pending
4b00fd3983cf5315bdd2,7263cae6e898bc7f20a8,1,False,pending
4b00fd3983cf5315bdd2,05e8c1eee0399894908c,4,False,pending
4b00fd3983cf5315bdd2,593775773d3c5912b25e,4,False,pending
4b00fd3983cf5315bdd2,335603eeb8e00360812a,4,False,pending
4b00fd3983cf5315bdd2,1fc549a3f42c99dd7b4f,3,False,pending
4b00fd3983cf5315bdd2,c263b10acbed7d9ce56e,2,False,pending
4b00fd3983cf5315bdd2,7dfa8a88e189555d71ca,3,False,pending
4b00fd3983cf5315bdd2,b77776a9914b2542a475,3,False,pending
4b00fd3983cf5315bdd2,a8381cf3831847e1b254,2,False,pending
4b00fd3983cf5315bdd2,70bfcd6593828bddbc28,2,False,pending
4b00fd3983cf5315bdd2,644b08ea92be7e5966f5,1,False,pending
4b00fd3983cf5315bdd2,a9f2d079250f8ca533f2,1,False,pending
4b00fd3983cf5315bdd2,3435b205cf2894c16d94,3,False,pending
4b00fd3983cf5315bdd2,561e219f4507a73d9826,4,False,pending
4b00fd3983cf5315bdd2,55fb626c9581efc07447,3,False,pending
4b00fd3983cf5315bdd2,02637da2d1bec857f727,4,False,pending
4b00fd3983cf5315bdd2,e7306963a8ec3a39a8c6,4,False,pending
c96e3bcc8986f4a0001a,b94caabc4b10487bdec5,2,False,pending
c96e3bcc8986f4a0001a,107768ca7825c509d025,3,False,pending
c96e3bcc8986f4a0001a,7263cae6e898bc7f20a8,1,False,pending
c96e3bcc8986f4a0001a,05e8c1eee0399894908c,4,False,pending
c96e3bcc8986f4a0001a,593775773d3c5912b25e,4,False,pending
c96e3bcc8986f4a0001a,335603eeb8e00360812a,4,False,pending
c96e3bcc8986f4a0001a,1fc549a3f42c99dd7b4f,3,False,pending
c96e3bcc8986f4a0001a,c263b10acbed7d9ce56e,2,False,pending
c96e3bcc8986f4a0001a,7dfa8a88e189555d71ca,3,False,pending
c96e3bcc8986f4a0001a,b77776a9914b2542a475,3,False,pending
c96e3bcc8986f4a0001a,a8381cf3831847e1b254,2,False,pending
c96e3bcc8986f4a0001a,70bfcd6593828bddbc28,2,False,pending
c96e3bcc8986f4a0001a,644b08ea92be7e5966f5,1,False,pending
c96e3bcc8986f4a0001a,a9f2d079250f8ca533f2,1,False,pending
c96e3bcc8986f4a0001a,3435b205cf2894c16d94,3,False,pending
c96e3bcc8986f4a0001a,561e219f4507a73d9826,4,False,pending
c96e3bcc8986f4a0001a,55fb626c9581efc07447,3,False,pending
c96e3bcc8986f4a0001a,02637da2d1bec857f727,4,False,pending
c96e3bcc8986f4a0001a,e7306963a8ec3a39a8c6,4,False,pending
9be23342ee406607c718,107768ca7825c509d025,4,False,pending
9be23342ee406607c718,7263cae6e898bc7f20a8,4,False,pending
9be23342ee406607c718,05e8c1eee0399894908c,3,False,pending
9be23342ee406607c718,c33622b54ccb66b8ea42,4,False,pending
9be23342ee406607c718,250ae161e30aac952b55,4,False,pending
9be23342ee406607c718,593775773d3c5912b25e,3,False,pending
9be23342ee406607c718,335603eeb8e00360812a,3,False,pending
9be23342ee406607c718,1fc549a3f42c99dd7b4f,4,False,pending
9be23342ee406607c718,e2eb70ad77ad25dd54eb,3,False,pending
bb0b0f496edb1b50a1d9,8e705ba838d325fdf3eb,4,False,pending
1f788ddb1481cd809e97,707df5f2018af82bb1cb,1,False,pending
1f788ddb1481cd809e97,96a3cb5e6415d3be3f81,3,False,pending
707df5f2018af82bb1cb,96a3cb5e6415d3be3f81,4,False,pending
96a3cb5e6415d3be3f81,fbeef91cd688517fc1e8,4,False,pending
96a3cb5e6415d3be3f81,feda8b9f0fc5fd269ed2,3,False,pending
96a3cb5e6415d3be3f81,80282b20ad895281ea09,3,False,pending
96a3cb5e6415d3be3f81,c0813072fac7f733bcbf,2,False,pending
fbeef91cd688517fc1e8,feda8b9f0fc5fd269ed2,1,False,pending
fbeef91cd688517fc1e8,eb7812702982613b080f,4,False,pending
fbeef91cd688517fc1e8,8a70322492c97a5cc72d,3,False,pending
fbeef91cd688517fc1e8,c0813072fac7f733bcbf,4,False,pending
feda8b9f0fc5fd269ed2,8a70322492c97a5cc72d,4,False,pending
feda8b9f0fc5fd269ed2,80282b20ad895281ea09,4,False,pending
feda8b9f0fc5fd269ed2,c0813072fac7f733bcbf,3,False,pending
81c1082e4538ae6cf798,eb7812702982613b080f,4,False,pending
eb7812702982613b080f,8a70322492c97a5cc72d,1,False,pending
8a70322492c97a5cc72d,80282b20ad895281ea09,4,False,pending
260ee6658dda00a39a58,5781a352b1e8eb31da9a,3,False,pending
260ee6658dda00a39a58,9f34410d1a7528b369dc,2,False,pending
513523457dd32df77308,2f5275b7863ca2d4ac76,4,False,pending
513523457dd32df77308,fc987ffd3d99c20f3ef2,4,False,pending
513523457dd32df77308,d4af955d8ccaa27d4b38,4,False,pending
95d1b445396c49e5c1a3,edba8f966fc264e3ed25,4,False,pending
edba8f966fc264e3ed25,7ccab505203e4b59a6cc,4,False,pending
edba8f966fc264e3ed25,9cc11aef7d7a027435b9,4,False,pending
aa85a40600cc82ef67d1,fdfda394bb016b0cd962,2,False,pending
3691681029ba572fdcc4,8d87e0e9b0dee706f435,2,False,pending
3691681029ba572fdcc4,fea7423b840b1b113e94,2,False,pending
99186d60137fbd6bb1cb,f6dddb304eef6320c1d2,4,False,pending
99186d60137fbd6bb1cb,eeb39f399dd402df458a,3,False,pending
99186d60137fbd6bb1cb,1bc6afa518a22e35bfa2,4,False,pending
99186d60137fbd6bb1cb,9b3a0ceb3e27aeb9ff54,4,False,pending
99186d60137fbd6bb1cb,42c75b0f7a2c6fb1d4d8,4,False,pending
8d87e0e9b0dee706f435,3d22f992f690654b0a39,4,False,pending
8d87e0e9b0dee706f435,c9cc4419374e0e901fbf,4,False,pending
8d87e0e9b0dee706f435,1bc6afa518a22e35bfa2,3,False,pending
8d87e0e9b0dee706f435,fea7423b840b1b113e94,0,False,pending
fdfda394bb016b0cd962,138f5a2562122b9e5c85,3,False,pending
fdfda394bb016b0cd962,1b69be4a20d6af821a83,3,False,pending
fdfda394bb016b0cd962,9b3a0ceb3e27aeb9ff54,4,False,pending
fdfda394bb016b0cd962,2d187f3e52ff69ff948c,4,False,pending
7ccab505203e4b59a6cc,f6dddb304eef6320c1d2,2,False,pending
f6dddb304eef6320c1d2,9cc11aef7d7a027435b9,4,False,pending
f6dddb304eef6320c1d2,eeb39f399dd402df458a,3,False,pending
f6dddb304eef6320c1d2,9628786ca7e9426ad2a6,3,False,pending
f6dddb304eef6320c1d2,fb65844a6093eba4a67d,4,False,pending
f6dddb304eef6320c1d2,1bc6afa518a22e35bfa2,4,False,pending
f6dddb304eef6320c1d2,9b3a0ceb3e27aeb9ff54,4,False,pending
f6dddb304eef6320c1d2,42c75b0f7a2c6fb1d4d8,4,False,pending
860b50d0f95407090009,1bc6afa518a22e35bfa2,4,False,pending
3d22f992f690654b0a39,c9cc4419374e0e901fbf,4,False,pending
3d22f992f690654b0a39,fea7423b840b1b113e94,4,False,pending
9cc11aef7d7a027435b9,fb65844a6093eba4a67d,4,False,pending
9cc11aef7d7a027435b9,02dac60be3353d086fd4,4,False,pending
9cc11aef7d7a027435b9,e6e8d6ee89f6b3a68cb6,3,False,pending
73ab73e21179c1163b40,fb65844a6093eba4a67d,4,False,pending
73ab73e21179c1163b40,2d187f3e52ff69ff948c,4,False,pending
138f5a2562122b9e5c85,1b69be4a20d6af821a83,4,False,pending
1b69be4a20d6af821a83,eeb39f399dd402df458a,2,False,pending
1b69be4a20d6af821a83,9628786ca7e9426ad2a6,4,False,pending
1b69be4a20d6af821a83,9b3a0ceb3e27aeb9ff54,1,False,pending
1b69be4a20d6af821a83,2d187f3e52ff69ff948c,3,False,pending
eeb39f399dd402df458a,9628786ca7e9426ad2a6,2,False,pending
eeb39f399dd402df458a,fb65844a6093eba4a67d,3,False,pending
eeb39f399dd402df458a,9b3a0ceb3e27aeb9ff54,1,False,pending
eeb39f399dd402df458a,42c75b0f7a2c6fb1d4d8,3,False,pending
9628786ca7e9426ad2a6,fb65844a6093eba4a67d,1,False,pending
9628786ca7e9426ad2a6,02dac60be3353d086fd4,3,False,pending
9628786ca7e9426ad2a6,e6e8d6ee89f6b3a68cb6,4,False,pending
9628786ca7e9426ad2a6,9b3a0ceb3e27aeb9ff54,3,False,pending
9628786ca7e9426ad2a6,2d187f3e52ff69ff948c,3,False,pending
9628786ca7e9426ad2a6,42c75b0f7a2c6fb1d4d8,3,False,pending
fb65844a6093eba4a67d,02dac60be3353d086fd4,2,False,pending
fb65844a6093eba4a67d,e6e8d6ee89f6b3a68cb6,3,False,pending
fb65844a6093eba4a67d,9b3a0ceb3e27aeb9ff54,4,False,pending
fb65844a6093eba4a67d,2d187f3e52ff69ff948c,4,False,pending
fb65844a6093eba4a67d,42c75b0f7a2c6fb1d4d8,4,False,pending
02dac60be3353d086fd4,e6e8d6ee89f6b3a68cb6,1,False,pending
02dac60be3353d086fd4,42c75b0f7a2c6fb1d4d8,4,False,pending
c9cc4419374e0e901fbf,e6e8d6ee89f6b3a68cb6,4,False,pending
c9cc4419374e0e901fbf,2f5275b7863ca2d4ac76,1,False,pending
c9cc4419374e0e901fbf,d5692b9d511531faf148,3,False,pending
c9cc4419374e0e901fbf,fea7423b840b1b113e94,4,False,pending
c9cc4419374e0e901fbf,42c75b0f7a2c6fb1d4d8,3,False,pending
e6e8d6ee89f6b3a68cb6,42c75b0f7a2c6fb1d4d8,3,False,pending
2f5275b7863ca2d4ac76,fc987ffd3d99c20f3ef2,4,False,pending
2f5275b7863ca2d4ac76,d5692b9d511531faf148,4,False,pending
2f5275b7863ca2d4ac76,42c75b0f7a2c6fb1d4d8,4,False,pending
ab67d9eb55d47ffd241b,58c198000d80694bb652,3,False,pending
89caad4cf3678b593761,3ab3d54a667c91affb4c,0,False,pending
89caad4cf3678b593761,3e5a624fe9a1c6d16582,2,False,pending
89caad4cf3678b593761,f0dc5f44d73d4a67c85b,2,False,pending
89caad4cf3678b593761,e6e8788161e86c370bc3,2,False,pending
89caad4cf3678b593761,4f8ad92aac7320038fbf,4,False,pending
89caad4cf3678b593761,56b1ea2958e78fc23f47,4,False,pending
3ab3d54a667c91affb4c,3e5a624fe9a1c6d16582,2,False,pending
3ab3d54a667c91affb4c,f0dc5f44d73d4a67c85b,2,False,pending
3ab3d54a667c91affb4c,e6e8788161e86c370bc3,2,False,pending
3ab3d54a667c91affb4c,4f8ad92aac7320038fbf,4,False,pending
3ab3d54a667c91affb4c,56b1ea2958e78fc23f47,4,False,pending
3e5a624fe9a1c6d16582,e6e8788161e86c370bc3,0,False,pending
3e5a624fe9a1c6d16582,4f8ad92aac7320038fbf,4,False,pending
3e5a624fe9a1c6d16582,1624e9823b743376c750,4,False,pending
3e5a624fe9a1c6d16582,8247d18a615e2760ea7f,4,False,pending
3e5a624fe9a1c6d16582,38360eaf0d594db924f2,4,False,pending
3e5a624fe9a1c6d16582,cbeded38866e29e09ab1,4,False,pending
3e5a624fe9a1c6d16582,00f0f2b6c5b43cc18a89,4,False,pending
f0dc5f44d73d4a67c85b,e6e8788161e86c370bc3,0,False,pending
f0dc5f44d73d4a67c85b,4f8ad92aac7320038fbf,4,False,pending
f0dc5f44d73d4a67c85b,1624e9823b743376c750,4,False,pending
f0dc5f44d73d4a67c85b,8247d18a615e2760ea7f,4,False,pending
f0dc5f44d73d4a67c85b,38360eaf0d594db924f2,4,False,pending
f0dc5f44d73d4a67c85b,cbeded38866e29e09ab1,4,False,pending
f0dc5f44d73d4a67c85b,00f0f2b6c5b43cc18a89,4,False,pending
e6e8788161e86c370bc3,4f8ad92aac7320038fbf,4,False,pending
e6e8788161e86c370bc3,1624e9823b743376c750,4,False,pending
e6e8788161e86c370bc3,8247d18a615e2760ea7f,4,False,pending
e6e8788161e86c370bc3,38360eaf0d594db924f2,4,False,pending
e6e8788161e86c370bc3,cbeded38866e29e09ab1,4,False,pending
e6e8788161e86c370bc3,00f0f2b6c5b43cc18a89,4,False,pending
4f8ad92aac7320038fbf,8247d18a615e2760ea7f,4,False,pending
4f8ad92aac7320038fbf,38360eaf0d594db924f2,4,False,pending
7df0fb936ba680fba4cf,06d1a28ed5a5f972bf01,4,False,pending
1624e9823b743376c750,40e963f27f8cace5a269,1,False,pending
1624e9823b743376c750,8247d18a615e2760ea7f,4,False,pending
1624e9823b743376c750,06d1a28ed5a5f972bf01,4,False,pending
40e963f27f8cace5a269,cbeded38866e29e09ab1,1,False,pending
bf1e697dffbdd1f050f6,5bae11ca5a0b1cc2c6ce,4,False,pending
5bae11ca5a0b1cc2c6ce,e2eb70ad77ad25dd54eb,4,False,pending
67a2c7c5e70ab67b6bf4,7af34235dd37270c5029,1,False,pending
67a2c7c5e70ab67b6bf4,5f8e51ae991e7dc9c2c8,1,False,pending
768c305a02962051193d,7af34235dd37270c5029,1,False,pending
768c305a02962051193d,5f8e51ae991e7dc9c2c8,1,False,pending
dfb5468fe1ddf98eefbc,d831186ee14b1d5641b9,3,False,pending
d831186ee14b1d5641b9,3d8a45101ea30cfb4ea3,2,False,pending
794929807db75e40f411,70984b416570f47ba210,4,False,pending
22fcdd0c05d1015485d7,8d61a386042872843254,3,False,pending
22fcdd0c05d1015485d7,4286cfd8214e5bfec41b,3,False,pending
8ef22ef01a69b89861a1,dcd5eb01391c4a54bead,4,False,pending
ee7e0244912eed57ee62,41db803e8539ed325545,1,False,pending
ee7e0244912eed57ee62,09fd7f224881e1aae07b,4,False,pending
ee7e0244912eed57ee62,34ea0fbd1d016d20f0d1,0,False,pending
41db803e8539ed325545,09fd7f224881e1aae07b,3,False,pending
41db803e8539ed325545,34ea0fbd1d016d20f0d1,1,False,pending
09fd7f224881e1aae07b,34ea0fbd1d016d20f0d1,4,False,pending
c891e465168e35688f82,0ada5ad430d4a877a460,1,False,pending
87d57ef21f54ff721861,144aa3d8a64788b83794,3,False,pending
d77c4666024750dd1407,c71d893d476819b252d7,4,False,pending
1c0ba63b916f54d59822,7dd0aed6601778ceb10b,3,False,pending
c402936758bc328b3711,7dd0aed6601778ceb10b,3,False,pending
6d52ae15e622a1381ae4,5cc1eb3d278ebe29f025,2,False,pending
8247d18a615e2760ea7f,38360eaf0d594db924f2,2,False,pending
8247d18a615e2760ea7f,cbeded38866e29e09ab1,4,False,pending
3ff742ac3b5897ef0eaa,a4167ac0dc158085c4eb,3,False,pending
fb15c3182ebccb869553,a4167ac0dc158085c4eb,3,False,pending
fb7e4634fe59dd1afc0b,19a46fdb3664a9793257,4,False,pending
463a73fa68aa83075618,8dd852274feea10643be,2,False,pending
8dd852274feea10643be,e2a63b1ba40ecc9d3d17,3,False,pending
e2a63b1ba40ecc9d3d17,cc996a64e503c78b762d,3,False,pending
b3284704160e3e0a6f76,16a0e089b88f374274f4,2,False,pending
b3284704160e3e0a6f76,69032c8feb7db4e9157e,3,False,pending
9ee8ae2f40ceb371f6de,c028af5f0a6f4caf3947,3,False,pending
9ee8ae2f40ceb371f6de,9d4f3b8e0b66dcbf087a,4,False,pending
9ee8ae2f40ceb371f6de,3a8930147b343202c92b,3,False,pending
9d4f3b8e0b66dcbf087a,3a8930147b343202c92b,1,False,pending
47efd4f9f45991a4dbe2,ca7215354285c5f01503,4,False,pending
4a822e1ce43f2d01343f,00ee5d03fc58c78b5cc2,4,False,pending
9a5d6b3013aaf811701b,00ee5d03fc58c78b5cc2,3,False,pending
5c025223ce731db38388,f8ec1845b218c280efd3,4,False,pending
ba0941b80f0e0e34081c,44ea6a459e8cb9696e06,4,False,pending
ba0941b80f0e0e34081c,4d86ff8010924b932c4f,4,False,pending
2d7141b5be9285f81ced,fe5307bae793c2d72579,4,False,pending
2d7141b5be9285f81ced,d0ce3495d672276a04d8,4,False,pending
2d7141b5be9285f81ced,98b5aef9dda2c46633df,4,False,pending
5099a17d2cbf02fb981b,374046dbaf8f12070ab8,4,False,pending
5099a17d2cbf02fb981b,2f15d44816676d6078f0,3,False,pending
e3d372cbad6bf7c15bbf,fe5307bae793c2d72579,4,False,pending
e3d372cbad6bf7c15bbf,29313f11d6f1e4d16ca5,4,False,pending
fe5307bae793c2d72579,eb44f1807c536459272d,4,False,pending
fe5307bae793c2d72579,a89ce9320967bba35488,4,False,pending
fe5307bae793c2d72579,cf0a70993991cb0b19a5,4,False,pending
94e4ac441b1a1e945937,be8c8195d9c36c6528b4,3,False,pending
94e4ac441b1a1e945937,7b1f7838b3184aa3b3a9,3,False,pending
94e4ac441b1a1e945937,2815d94a97d123b33bb2,4,False,pending
be8c8195d9c36c6528b4,7b1f7838b3184aa3b3a9,4,False,pending
be8c8195d9c36c6528b4,69ff23e4f2faa3c0f1de,4,False,pending
7b1f7838b3184aa3b3a9,886ddcfb3fb185a8172e,4,False,pending
2815d94a97d123b33bb2,0b0bb5076ca9520e4c35,3,False,pending
2815d94a97d123b33bb2,82c446575d3192caed66,3,False,pending
2815d94a97d123b33bb2,d0ce3495d672276a04d8,4,False,pending
374046dbaf8f12070ab8,2f15d44816676d6078f0,3,False,pending
530b1398e6fb70b13c9a,2f15d44816676d6078f0,4,False,pending
252414bf6bdf1b2aca55,155062393e8b94b6965c,2,False,pending
252414bf6bdf1b2aca55,b3b138a16143d33cdab4,4,False,pending
155062393e8b94b6965c,64d791ce8ee337a6e6bd,4,False,pending
155062393e8b94b6965c,b3b138a16143d33cdab4,4,False,pending
5cfcf179e68c837adad3,7ffab9d58cd447dfdca8,4,False,pending
5cfcf179e68c837adad3,d2b33da322578e72ef18,3,False,pending
7ffab9d58cd447dfdca8,c3fa2e98327a4d50a41c,4,False,pending
7ffab9d58cd447dfdca8,d2b33da322578e72ef18,1,False,pending
d2b33da322578e72ef18,88afe0c7ce5b6836252d,4,False,pending
0b0bb5076ca9520e4c35,ed928787dca1000d5064,4,False,pending
ed928787dca1000d5064,e471eee01381bc18965d,3,False,pending
6315e2020f86858a6ad8,f8ec1845b218c280efd3,4,False,pending
6bf8cd50eb1870351d33,f8ec1845b218c280efd3,4,False,pending
b64a1f97a51ccc01fac1,efaa8924ed2f3ba46e55,2,False,pending
b64a1f97a51ccc01fac1,eb44f1807c536459272d,4,False,pending
b64a1f97a51ccc01fac1,277e49b278139f857f8b,4,False,pending
efaa8924ed2f3ba46e55,eb44f1807c536459272d,2,False,pending
8c5eff616c0dd5f34b9a,93341a75c1502fc961f9,4,False,pending
eb44f1807c536459272d,17848d660208724e315f,4,False,pending
eb44f1807c536459272d,0d29ffd87d9b29bc54e0,4,False,pending
17848d660208724e315f,277e49b278139f857f8b,4,False,pending
17848d660208724e315f,cfa79f38d2423f444c74,4,False,pending
17848d660208724e315f,61def90d1d706d6c7780,4,False,pending
17848d660208724e315f,0d29ffd87d9b29bc54e0,4,False,pending
277e49b278139f857f8b,cfa79f38d2423f444c74,4,False,pending
277e49b278139f857f8b,403305238598a8d6f947,4,False,pending
277e49b278139f857f8b,e471eee01381bc18965d,4,False,pending
277e49b278139f857f8b,a760fcd6ea4bee5b7e64,4,False,pending
0a20cddb270e08f8d238,cfa79f38d2423f444c74,2,False,pending
0a20cddb270e08f8d238,5b29fe0936e1b8edf838,2,False,pending
0a20cddb270e08f8d238,58a284cac03b2d6e7142,4,False,pending
0a20cddb270e08f8d238,bdd90793b53f47c2a29c,3,False,pending
0a20cddb270e08f8d238,2449b65b6155edc3b536,1,False,pending
0a20cddb270e08f8d238,a760fcd6ea4bee5b7e64,2,False,pending
0a20cddb270e08f8d238,993ac8364062ca5782ed,4,False,pending
0a20cddb270e08f8d238,b4b1e5696f223a31804f,4,False,pending
cfa79f38d2423f444c74,403305238598a8d6f947,4,False,pending
cfa79f38d2423f444c74,5b29fe0936e1b8edf838,2,False,pending
cfa79f38d2423f444c74,bdd90793b53f47c2a29c,3,False,pending
cfa79f38d2423f444c74,61def90d1d706d6c7780,4,False,pending
cfa79f38d2423f444c74,2449b65b6155edc3b536,1,False,pending
cfa79f38d2423f444c74,a760fcd6ea4bee5b7e64,2,False,pending
403305238598a8d6f947,5b29fe0936e1b8edf838,4,False,pending
403305238598a8d6f947,a760fcd6ea4bee5b7e64,4,False,pending
5b29fe0936e1b8edf838,58a284cac03b2d6e7142,4,False,pending
5b29fe0936e1b8edf838,bdd90793b53f47c2a29c,3,False,pending
5b29fe0936e1b8edf838,2449b65b6155edc3b536,1,False,pending
5b29fe0936e1b8edf838,a760fcd6ea4bee5b7e64,2,False,pending
58a284cac03b2d6e7142,bdd90793b53f47c2a29c,3,False,pending
58a284cac03b2d6e7142,424ae08ac127afaf8395,4,False,pending
58a284cac03b2d6e7142,a760fcd6ea4bee5b7e64,4,False,pending
58a284cac03b2d6e7142,993ac8364062ca5782ed,4,False,pending
bdd90793b53f47c2a29c,2449b65b6155edc3b536,2,False,pending
bdd90793b53f47c2a29c,a760fcd6ea4bee5b7e64,3,False,pending
bdd90793b53f47c2a29c,993ac8364062ca5782ed,3,False,pending
bdd90793b53f47c2a29c,3af8f700b55cf80809c6,4,False,pending
834d342192bb9c4828d3,000e0dccaf26d36d0845,1,False,pending
834d342192bb9c4828d3,9036c20ec0ab75c38b37,3,False,pending
834d342192bb9c4828d3,11a4d11dc06350abc916,4,False,pending
834d342192bb9c4828d3,3af8f700b55cf80809c6,4,False,pending
000e0dccaf26d36d0845,9036c20ec0ab75c38b37,4,False,pending
424ae08ac127afaf8395,993ac8364062ca5782ed,2,False,pending
d0e7664d20b4e0c41222,039bbdc1aa5eab412f79,1,False,pending
d0e7664d20b4e0c41222,9f152354289b85c05ec5,1,False,pending
d0e7664d20b4e0c41222,93341a75c1502fc961f9,4,False,pending
d0e7664d20b4e0c41222,b4b1e5696f223a31804f,3,False,pending
039bbdc1aa5eab412f79,b4b1e5696f223a31804f,4,False,pending
9f152354289b85c05ec5,b4b1e5696f223a31804f,4,False,pending
9036c20ec0ab75c38b37,61def90d1d706d6c7780,4,False,pending
9036c20ec0ab75c38b37,3af8f700b55cf80809c6,3,False,pending
23b4f0e5e6e974bd257c,af87084cde44cd3b82c4,4,False,pending
23b4f0e5e6e974bd257c,3af8f700b55cf80809c6,4,False,pending
61def90d1d706d6c7780,0d29ffd87d9b29bc54e0,4,False,pending
61def90d1d706d6c7780,3af8f700b55cf80809c6,3,False,pending
11a4d11dc06350abc916,5ce7997bb7b35d958ca0,4,False,pending
11a4d11dc06350abc916,fbfca4cbe66eb41929f1,4,False,pending
11a4d11dc06350abc916,93341a75c1502fc961f9,4,False,pending
0d29ffd87d9b29bc54e0,29313f11d6f1e4d16ca5,4,False,pending
498f0f82d47db2afc70b,29313f11d6f1e4d16ca5,2,False,pending
498f0f82d47db2afc70b,45055113f254c5404b61,4,False,pending
40beae499a674359369c,29313f11d6f1e4d16ca5,2,False,pending
40beae499a674359369c,45055113f254c5404b61,4,False,pending
29313f11d6f1e4d16ca5,45055113f254c5404b61,4,False,pending
fbfca4cbe66eb41929f1,93341a75c1502fc961f9,4,False,pending
fbfca4cbe66eb41929f1,9ee110aba35b27fc699d,4,False,pending
93341a75c1502fc961f9,b4b1e5696f223a31804f,1,False,pending
b275121c1b32b4874890,bdb22fc3cfdb63dd23bc,3,False,pending
bdb22fc3cfdb63dd23bc,886ddcfb3fb185a8172e,4,False,pending
bdb22fc3cfdb63dd23bc,91f47d04b48a19374f00,3,False,pending
3d72866fe4f5a68acb04,a89ce9320967bba35488,4,False,pending
3d72866fe4f5a68acb04,cf0a70993991cb0b19a5,4,False,pending
3d72866fe4f5a68acb04,1ae19c535877d7279676,3,False,pending
f15c9aee84a01a6cf298,44ea6a459e8cb9696e06,4,False,pending
a89ce9320967bba35488,cf0a70993991cb0b19a5,0,False,pending
a89ce9320967bba35488,1ae19c535877d7279676,3,False,pending
a89ce9320967bba35488,117cf35e6645a5361b05,4,False,pending
a89ce9320967bba35488,c4cf29608732b0785751,4,False,pending
a89ce9320967bba35488,e4c77d72c077a4fb2570,3,False,pending
a89ce9320967bba35488,7b385fda3a9c0e17796f,4,False,pending
a89ce9320967bba35488,8751eea7cbe5eef799db,4,False,pending
a89ce9320967bba35488,f8ec1845b218c280efd3,4,False,pending
a89ce9320967bba35488,0ee56494eecb5a2b1b9d,4,False,pending
cf0a70993991cb0b19a5,1ae19c535877d7279676,3,False,pending
cf0a70993991cb0b19a5,117cf35e6645a5361b05,4,False,pending
cf0a70993991cb0b19a5,c4cf29608732b0785751,4,False,pending
cf0a70993991cb0b19a5,e4c77d72c077a4fb2570,3,False,pending
cf0a70993991cb0b19a5,7b385fda3a9c0e17796f,4,False,pending
cf0a70993991cb0b19a5,8751eea7cbe5eef799db,4,False,pending
cf0a70993991cb0b19a5,f8ec1845b218c280efd3,4,False,pending
cf0a70993991cb0b19a5,0ee56494eecb5a2b1b9d,4,False,pending
1ae19c535877d7279676,6e75cdabb72fd1a1f355,4,False,pending
1ae19c535877d7279676,69ff23e4f2faa3c0f1de,4,False,pending
1ae19c535877d7279676,8f71a8a916b81317c722,4,False,pending
1ae19c535877d7279676,e4c77d72c077a4fb2570,4,False,pending
a6241fe84ba131ad85bc,9a738c429cd1923139fc,3,False,pending
a6241fe84ba131ad85bc,8cc1bba597505c912f4d,2,False,pending
4355256a1c22d99db5ec,9a738c429cd1923139fc,3,False,pending
4355256a1c22d99db5ec,8cc1bba597505c912f4d,2,False,pending
9a738c429cd1923139fc,8cc1bba597505c912f4d,1,False,pending
64a5674d31354d266c2a,da31269e8d81e3430d12,4,False,pending
8cd705a3f87ce5bef4c8,45055113f254c5404b61,4,False,pending
da31269e8d81e3430d12,b85dbb5957cc6bd63cd4,3,False,pending
69ff23e4f2faa3c0f1de,d60f39901ecbc82adc9e,4,False,pending
82c446575d3192caed66,d0ce3495d672276a04d8,3,False,pending
287b6e4777ee67495911,67b25c5abf7b567eba5f,3,False,pending
c124361868b3ea9089af,0708f03ab9ecb219dee9,3,False,pending
117cf35e6645a5361b05,c4cf29608732b0785751,4,False,pending
117cf35e6645a5361b05,e4c77d72c077a4fb2570,3,False,pending
117cf35e6645a5361b05,7b385fda3a9c0e17796f,4,False,pending
c4cf29608732b0785751,8751eea7cbe5eef799db,4,False,pending
c4cf29608732b0785751,0ee56494eecb5a2b1b9d,4,False,pending
0118fe495b9b1a9ba85e,7233b2a0e96134f82bdc,4,False,pending
0118fe495b9b1a9ba85e,17d21808c5d9e0482090,4,False,pending
0118fe495b9b1a9ba85e,9413d0061afaec293d42,3,False,pending
0118fe495b9b1a9ba85e,81e541c78e185793a1e9,1,False,pending
0118fe495b9b1a9ba85e,bf24a5b1638d7823cb9b,2,False,pending
0118fe495b9b1a9ba85e,3827dcc0f964b0e05f95,2,False,pending
0118fe495b9b1a9ba85e,33b7b643cd44e2648460,2,False,pending
0118fe495b9b1a9ba85e,604d4c187407b76fe574,4,False,pending
0118fe495b9b1a9ba85e,3d0c34c17b8ccefc63b8,3,False,pending
0118fe495b9b1a9ba85e,6b76395eea5ed7c413f5,4,False,pending
0118fe495b9b1a9ba85e,4dc4f16b20f9c13fec68,4,False,pending
0118fe495b9b1a9ba85e,423df0ac0ef55c66bc9d,1,False,pending
0118fe495b9b1a9ba85e,abbb00998481c4fb0004,3,False,pending
0118fe495b9b1a9ba85e,b0491ebb72da05fafe85,3,False,pending
0118fe495b9b1a9ba85e,011f195c7f1e51e6a659,4,False,pending
7233b2a0e96134f82bdc,17d21808c5d9e0482090,4,False,pending
7233b2a0e96134f82bdc,3c117aeb49e0aef36977,2,False,pending
7233b2a0e96134f82bdc,9413d0061afaec293d42,3,False,pending
7233b2a0e96134f82bdc,81e541c78e185793a1e9,3,False,pending
7233b2a0e96134f82bdc,c8057873497db8e8974f,4,False,pending
7233b2a0e96134f82bdc,bf24a5b1638d7823cb9b,4,False,pending
7233b2a0e96134f82bdc,0821c658dd5279f7ab92,4,False,pending
7233b2a0e96134f82bdc,db7d1730d1181b3e3e3c,4,False,pending
7233b2a0e96134f82bdc,3827dcc0f964b0e05f95,4,False,pending
7233b2a0e96134f82bdc,33b7b643cd44e2648460,4,False,pending
7233b2a0e96134f82bdc,604d4c187407b76fe574,4,False,pending
7233b2a0e96134f82bdc,190b8b321647aad52e05,1,False,pending
7233b2a0e96134f82bdc,e38ed8664a13b9852eea,3,False,pending
7233b2a0e96134f82bdc,4dc4f16b20f9c13fec68,4,False,pending
7233b2a0e96134f82bdc,ccfd1f5e259e2fac33a2,2,False,pending
7233b2a0e96134f82bdc,f6cec486fcc803775ac9,1,False,pending
7233b2a0e96134f82bdc,cf4a01655dd72a09c83e,3,False,pending
7233b2a0e96134f82bdc,ae7def85fca3318f0674,4,False,pending
7233b2a0e96134f82bdc,f76c3206ad698a5a95c7,4,False,pending
7233b2a0e96134f82bdc,e80b9ba05e5a5bbd6ac7,4,False,pending
7233b2a0e96134f82bdc,571804c966767ba58821,2,False,pending
7233b2a0e96134f82bdc,abbb00998481c4fb0004,3,False,pending
7233b2a0e96134f82bdc,b0491ebb72da05fafe85,3,False,pending
7233b2a0e96134f82bdc,e0070e9876c4d2176c57,2,False,pending
7233b2a0e96134f82bdc,011f195c7f1e51e6a659,4,False,pending
7233b2a0e96134f82bdc,ebccab9eff05b67553da,2,False,pending
7233b2a0e96134f82bdc,bc1a0d24ffdce6195fc7,4,False,pending
17d21808c5d9e0482090,9413d0061afaec293d42,1,False,pending
17d21808c5d9e0482090,604d4c187407b76fe574,2,False,pending
17d21808c5d9e0482090,33cba6db8643759acc10,3,False,pending
17d21808c5d9e0482090,f6cec486fcc803775ac9,3,False,pending
17d21808c5d9e0482090,9e0a33541966b114a11d,3,False,pending
17d21808c5d9e0482090,423df0ac0ef55c66bc9d,3,False,pending
17d21808c5d9e0482090,abbb00998481c4fb0004,3,False,pending
17d21808c5d9e0482090,b0491ebb72da05fafe85,3,False,pending
17d21808c5d9e0482090,e0070e9876c4d2176c57,4,False,pending
3c117aeb49e0aef36977,d88ceff375962fc66cd1,4,False,pending
3c117aeb49e0aef36977,0821c658dd5279f7ab92,2,False,pending
3c117aeb49e0aef36977,db7d1730d1181b3e3e3c,2,False,pending
3c117aeb49e0aef36977,377947e8918ea7aa0a4a,3,False,pending
3c117aeb49e0aef36977,3827dcc0f964b0e05f95,4,False,pending
3c117aeb49e0aef36977,33b7b643cd44e2648460,4,False,pending
3c117aeb49e0aef36977,190b8b321647aad52e05,1,False,pending
3c117aeb49e0aef36977,3d0c34c17b8ccefc63b8,3,False,pending
3c117aeb49e0aef36977,6b76395eea5ed7c413f5,4,False,pending
3c117aeb49e0aef36977,e38ed8664a13b9852eea,1,False,pending
3c117aeb49e0aef36977,ba61008b929a7ac244e8,4,False,pending
3c117aeb49e0aef36977,84b0e3b8e9cff53efee4,3,False,pending
3c117aeb49e0aef36977,4dc4f16b20f9c13fec68,2,False,pending
3c117aeb49e0aef36977,ccfd1f5e259e2fac33a2,0,False,pending
3c117aeb49e0aef36977,f6cec486fcc803775ac9,3,False,pending
3c117aeb49e0aef36977,cf4a01655dd72a09c83e,1,False,pending
3c117aeb49e0aef36977,9f83df569e6d5f0d81ef,4,False,pending
3c117aeb49e0aef36977,e80b9ba05e5a5bbd6ac7,2,False,pending
3c117aeb49e0aef36977,e0070e9876c4d2176c57,2,False,pending
3c117aeb49e0aef36977,641c8c9cfed1b13ac4b0,4,False,pending
3c117aeb49e0aef36977,011f195c7f1e51e6a659,2,False,pending
3c117aeb49e0aef36977,ebccab9eff05b67553da,2,False,pending
45000ca93e31012f72f7,dc8b1d7aadc10e98a18e,4,False,pending
45000ca93e31012f72f7,463b831ac2bd4ddb327b,4,False,pending
9413d0061afaec293d42,81e541c78e185793a1e9,4,False,pending
9413d0061afaec293d42,604d4c187407b76fe574,3,False,pending
9413d0061afaec293d42,190b8b321647aad52e05,4,False,pending
9413d0061afaec293d42,33cba6db8643759acc10,4,False,pending
9413d0061afaec293d42,f6cec486fcc803775ac9,4,False,pending
9413d0061afaec293d42,9e0a33541966b114a11d,4,False,pending
9413d0061afaec293d42,423df0ac0ef55c66bc9d,2,False,pending
9413d0061afaec293d42,abbb00998481c4fb0004,2,False,pending
9413d0061afaec293d42,b0491ebb72da05fafe85,2,False,pending
81e541c78e185793a1e9,bf24a5b1638d7823cb9b,1,False,pending
81e541c78e185793a1e9,377947e8918ea7aa0a4a,4,False,pending
81e541c78e185793a1e9,3827dcc0f964b0e05f95,1,False,pending
81e541c78e185793a1e9,33b7b643cd44e2648460,1,False,pending
81e541c78e185793a1e9,604d4c187407b76fe574,3,False,pending
81e541c78e185793a1e9,190b8b321647aad52e05,4,False,pending
81e541c78e185793a1e9,3d0c34c17b8ccefc63b8,2,False,pending
81e541c78e185793a1e9,f220dd21e490915ec54c,4,False,pending
81e541c78e185793a1e9,55f9b63f6ad6eecc88e4,4,False,pending
81e541c78e185793a1e9,6b76395eea5ed7c413f5,3,False,pending
81e541c78e185793a1e9,33cba6db8643759acc10,4,False,pending
81e541c78e185793a1e9,3f2b2cbe9581f418e170,4,False,pending
81e541c78e185793a1e9,03d5194913e42f0cd157,4,False,pending
81e541c78e185793a1e9,4dc4f16b20f9c13fec68,3,False,pending
81e541c78e185793a1e9,f6cec486fcc803775ac9,4,False,pending
81e541c78e185793a1e9,495f9f69e93c3c756528,4,False,pending
81e541c78e185793a1e9,423df0ac0ef55c66bc9d,2,False,pending
81e541c78e185793a1e9,abbb00998481c4fb0004,4,False,pending
81e541c78e185793a1e9,b0491ebb72da05fafe85,4,False,pending
81e541c78e185793a1e9,011f195c7f1e51e6a659,3,False,pending
344a67080959a438fb7d,8aa793c756a936b42e53,3,False,pending
344a67080959a438fb7d,563959cc3c437171fb7f,2,False,pending
c8057873497db8e8974f,9ad53691f90f18f2c290,4,False,pending
c8057873497db8e8974f,ebccab9eff05b67553da,4,False,pending
3d390468c9b282640c8f,bf24a5b1638d7823cb9b,4,False,pending
3d390468c9b282640c8f,495f9f69e93c3c756528,1,False,pending
bf24a5b1638d7823cb9b,d88ceff375962fc66cd1,4,False,pending
bf24a5b1638d7823cb9b,3827dcc0f964b0e05f95,2,False,pending
bf24a5b1638d7823cb9b,33b7b643cd44e2648460,2,False,pending
bf24a5b1638d7823cb9b,604d4c187407b76fe574,4,False,pending
bf24a5b1638d7823cb9b,3d0c34c17b8ccefc63b8,3,False,pending
bf24a5b1638d7823cb9b,f220dd21e490915ec54c,3,False,pending
bf24a5b1638d7823cb9b,55f9b63f6ad6eecc88e4,3,False,pending
bf24a5b1638d7823cb9b,6b76395eea5ed7c413f5,4,False,pending
bf24a5b1638d7823cb9b,4dc4f16b20f9c13fec68,4,False,pending
bf24a5b1638d7823cb9b,e80b9ba05e5a5bbd6ac7,4,False,pending
bf24a5b1638d7823cb9b,423df0ac0ef55c66bc9d,3,False,pending
bf24a5b1638d7823cb9b,011f195c7f1e51e6a659,4,False,pending
d88ceff375962fc66cd1,0821c658dd5279f7ab92,4,False,pending
d88ceff375962fc66cd1,db7d1730d1181b3e3e3c,4,False,pending
d88ceff375962fc66cd1,377947e8918ea7aa0a4a,1,False,pending
d88ceff375962fc66cd1,3827dcc0f964b0e05f95,4,False,pending
d88ceff375962fc66cd1,33b7b643cd44e2648460,4,False,pending
d88ceff375962fc66cd1,3d0c34c17b8ccefc63b8,3,False,pending
d88ceff375962fc66cd1,f220dd21e490915ec54c,1,False,pending
d88ceff375962fc66cd1,55f9b63f6ad6eecc88e4,1,False,pending
d88ceff375962fc66cd1,6b76395eea5ed7c413f5,4,False,pending
d88ceff375962fc66cd1,447a1524fb85d4060f4a,3,False,pending
d88ceff375962fc66cd1,3f2b2cbe9581f418e170,3,False,pending
d88ceff375962fc66cd1,03d5194913e42f0cd157,3,False,pending
d88ceff375962fc66cd1,ba61008b929a7ac244e8,2,False,pending
d88ceff375962fc66cd1,4dc4f16b20f9c13fec68,2,False,pending
d88ceff375962fc66cd1,ccfd1f5e259e2fac33a2,4,False,pending
d88ceff375962fc66cd1,e80b9ba05e5a5bbd6ac7,2,False,pending
d88ceff375962fc66cd1,571804c966767ba58821,4,False,pending
d88ceff375962fc66cd1,641c8c9cfed1b13ac4b0,2,False,pending
d88ceff375962fc66cd1,011f195c7f1e51e6a659,2,False,pending
d88ceff375962fc66cd1,7203fab706ba9902b453,4,False,pending
ae02f137b0e053029ce3,2d9d6df30dd8193b67e6,0,False,pending
ae02f137b0e053029ce3,42ec345ded23d4e89585,4,False,pending
ae02f137b0e053029ce3,2053450b5f1bbf54a739,3,False,pending
ae02f137b0e053029ce3,d5b2ea1effcad07b33dc,3,False,pending
ae02f137b0e053029ce3,a93aaaf471abc454d6d1,4,False,pending
0821c658dd5279f7ab92,db7d1730d1181b3e3e3c,0,False,pending
0821c658dd5279f7ab92,377947e8918ea7aa0a4a,3,False,pending
0821c658dd5279f7ab92,3827dcc0f964b0e05f95,4,False,pending
0821c658dd5279f7ab92,33b7b643cd44e2648460,4,False,pending
0821c658dd5279f7ab92,604d4c187407b76fe574,4,False,pending
0821c658dd5279f7ab92,190b8b321647aad52e05,3,False,pending
0821c658dd5279f7ab92,3d0c34c17b8ccefc63b8,3,False,pending
0821c658dd5279f7ab92,6b76395eea5ed7c413f5,4,False,pending
0821c658dd5279f7ab92,e38ed8664a13b9852eea,3,False,pending
0821c658dd5279f7ab92,ba61008b929a7ac244e8,4,False,pending
0821c658dd5279f7ab92,4dc4f16b20f9c13fec68,2,False,pending
0821c658dd5279f7ab92,ccfd1f5e259e2fac33a2,2,False,pending
0821c658dd5279f7ab92,f6cec486fcc803775ac9,3,False,pending
0821c658dd5279f7ab92,cf4a01655dd72a09c83e,1,False,pending
0821c658dd5279f7ab92,e80b9ba05e5a5bbd6ac7,4,False,pending
0821c658dd5279f7ab92,571804c966767ba58821,2,False,pending
0821c658dd5279f7ab92,e0070e9876c4d2176c57,2,False,pending
0821c658dd5279f7ab92,641c8c9cfed1b13ac4b0,2,False,pending
0821c658dd5279f7ab92,011f195c7f1e51e6a659,2,False,pending
0821c658dd5279f7ab92,ebccab9eff05b67553da,4,False,pending
0821c658dd5279f7ab92,7203fab706ba9902b453,4,False,pending
2d9d6df30dd8193b67e6,42ec345ded23d4e89585,4,False,pending
2d9d6df30dd8193b67e6,2053450b5f1bbf54a739,3,False,pending
2d9d6df30dd8193b67e6,d5b2ea1effcad07b33dc,3,False,pending
2d9d6df30dd8193b67e6,a93aaaf471abc454d6d1,4,False,pending
0da06a39904b832254ad,2053450b5f1bbf54a739,2,False,pending
db7d1730d1181b3e3e3c,377947e8918ea7aa0a4a,3,False,pending
db7d1730d1181b3e3e3c,3827dcc0f964b0e05f95,4,False,pending
db7d1730d1181b3e3e3c,33b7b643cd44e2648460,4,False,pending
db7d1730d1181b3e3e3c,604d4c187407b76fe574,4,False,pending
db7d1730d1181b3e3e3c,190b8b321647aad52e05,3,False,pending
db7d1730d1181b3e3e3c,3d0c34c17b8ccefc63b8,3,False,pending
db7d1730d1181b3e3e3c,6b76395eea5ed7c413f5,4,False,pending
db7d1730d1181b3e3e3c,e38ed8664a13b9852eea,3,False,pending
db7d1730d1181b3e3e3c,ba61008b929a7ac244e8,4,False,pending
db7d1730d1181b3e3e3c,4dc4f16b20f9c13fec68,2,False,pending
db7d1730d1181b3e3e3c,ccfd1f5e259e2fac33a2,2,False,pending
db7d1730d1181b3e3e3c,f6cec486fcc803775ac9,3,False,pending
db7d1730d1181b3e3e3c,cf4a01655dd72a09c83e,1,False,pending
db7d1730d1181b3e3e3c,e80b9ba05e5a5bbd6ac7,4,False,pending
db7d1730d1181b3e3e3c,571804c966767ba58821,2,False,pending
db7d1730d1181b3e3e3c,e0070e9876c4d2176c57,2,False,pending
db7d1730d1181b3e3e3c,641c8c9cfed1b13ac4b0,2,False,pending
db7d1730d1181b3e3e3c,011f195c7f1e51e6a659,2,False,pending
db7d1730d1181b3e3e3c,ebccab9eff05b67553da,4,False,pending
db7d1730d1181b3e3e3c,7203fab706ba9902b453,4,False,pending
4171d993f76e1c295b67,1196bce24f1eb099a755,4,False,pending
4171d993f76e1c295b67,afebe7935ccc160972f3,2,False,pending
377947e8918ea7aa0a4a,3827dcc0f964b0e05f95,3,False,pending
377947e8918ea7aa0a4a,33b7b643cd44e2648460,3,False,pending
377947e8918ea7aa0a4a,190b8b321647aad52e05,4,False,pending
377947e8918ea7aa0a4a,b883879dfb02189d52a9,4,False,pending
377947e8918ea7aa0a4a,3d0c34c17b8ccefc63b8,2,False,pending
377947e8918ea7aa0a4a,f220dd21e490915ec54c,2,False,pending
377947e8918ea7aa0a4a,55f9b63f6ad6eecc88e4,2,False,pending
377947e8918ea7aa0a4a,6b76395eea5ed7c413f5,3,False,pending
377947e8918ea7aa0a4a,e38ed8664a13b9852eea,4,False,pending
377947e8918ea7aa0a4a,447a1524fb85d4060f4a,2,False,pending
377947e8918ea7aa0a4a,3f2b2cbe9581f418e170,2,False,pending
377947e8918ea7aa0a4a,03d5194913e42f0cd157,2,False,pending
377947e8918ea7aa0a4a,ba61008b929a7ac244e8,1,False,pending
377947e8918ea7aa0a4a,4dc4f16b20f9c13fec68,1,False,pending
377947e8918ea7aa0a4a,ccfd1f5e259e2fac33a2,3,False,pending
377947e8918ea7aa0a4a,cf4a01655dd72a09c83e,4,False,pending
377947e8918ea7aa0a4a,e80b9ba05e5a5bbd6ac7,3,False,pending
377947e8918ea7aa0a4a,571804c966767ba58821,3,False,pending
377947e8918ea7aa0a4a,641c8c9cfed1b13ac4b0,1,False,pending
377947e8918ea7aa0a4a,011f195c7f1e51e6a659,1,False,pending
377947e8918ea7aa0a4a,7203fab706ba9902b453,3,False,pending
3827dcc0f964b0e05f95,604d4c187407b76fe574,4,False,pending
3827dcc0f964b0e05f95,190b8b321647aad52e05,3,False,pending
3827dcc0f964b0e05f95,3d0c34c17b8ccefc63b8,1,False,pending
3827dcc0f964b0e05f95,f220dd21e490915ec54c,3,False,pending
3827dcc0f964b0e05f95,55f9b63f6ad6eecc88e4,3,False,pending
3827dcc0f964b0e05f95,6b76395eea5ed7c413f5,2,False,pending
3827dcc0f964b0e05f95,3f2b2cbe9581f418e170,3,False,pending
3827dcc0f964b0e05f95,03d5194913e42f0cd157,3,False,pending
3827dcc0f964b0e05f95,ba61008b929a7ac244e8,4,False,pending
3827dcc0f964b0e05f95,4dc4f16b20f9c13fec68,2,False,pending
3827dcc0f964b0e05f95,ccfd1f5e259e2fac33a2,4,False,pending
3827dcc0f964b0e05f95,e80b9ba05e5a5bbd6ac7,4,False,pending
3827dcc0f964b0e05f95,571804c966767ba58821,4,False,pending
3827dcc0f964b0e05f95,423df0ac0ef55c66bc9d,3,False,pending
3827dcc0f964b0e05f95,e0070e9876c4d2176c57,4,False,pending
3827dcc0f964b0e05f95,641c8c9cfed1b13ac4b0,4,False,pending
3827dcc0f964b0e05f95,011f195c7f1e51e6a659,2,False,pending
3827dcc0f964b0e05f95,7203fab706ba9902b453,4,False,pending
33b7b643cd44e2648460,604d4c187407b76fe574,4,False,pending
33b7b643cd44e2648460,190b8b321647aad52e05,3,False,pending
33b7b643cd44e2648460,3d0c34c17b8ccefc63b8,1,False,pending
33b7b643cd44e2648460,f220dd21e490915ec54c,3,False,pending
33b7b643cd44e2648460,55f9b63f6ad6eecc88e4,3,False,pending
33b7b643cd44e2648460,6b76395eea5ed7c413f5,2,False,pending
33b7b643cd44e2648460,3f2b2cbe9581f418e170,3,False,pending
33b7b643cd44e2648460,03d5194913e42f0cd157,3,False,pending
33b7b643cd44e2648460,ba61008b929a7ac244e8,4,False,pending
33b7b643cd44e2648460,4dc4f16b20f9c13fec68,2,False,pending
33b7b643cd44e2648460,ccfd1f5e259e2fac33a2,4,False,pending
33b7b643cd44e2648460,e80b9ba05e5a5bbd6ac7,4,False,pending
33b7b643cd44e2648460,571804c966767ba58821,4,False,pending
33b7b643cd44e2648460,423df0ac0ef55c66bc9d,3,False,pending
33b7b643cd44e2648460,e0070e9876c4d2176c57,4,False,pending
33b7b643cd44e2648460,641c8c9cfed1b13ac4b0,4,False,pending
33b7b643cd44e2648460,011f195c7f1e51e6a659,2,False,pending
33b7b643cd44e2648460,7203fab706ba9902b453,4,False,pending
3ebf32b42701afcc381f,ea2dbf4d7e40c91e584e,4,False,pending
3ebf32b42701afcc381f,c350944f374dc1caee94,4,False,pending
3ebf32b42701afcc381f,36757bee3327ac4dad26,0,False,pending
3ebf32b42701afcc381f,eab600067aa30d99f788,2,False,pending
3ebf32b42701afcc381f,d9e9c4364829af3818b5,3,False,pending
3ebf32b42701afcc381f,1196bce24f1eb099a755,3,False,pending
42ec345ded23d4e89585,70ae91e57f53bbe4e7e6,3,False,pending
42ec345ded23d4e89585,a93aaaf471abc454d6d1,4,False,pending
42ec345ded23d4e89585,ca870bce05b41ac5bb4d,3,False,pending
604d4c187407b76fe574,33cba6db8643759acc10,1,False,pending
604d4c187407b76fe574,f6cec486fcc803775ac9,3,False,pending
604d4c187407b76fe574,423df0ac0ef55c66bc9d,3,False,pending
604d4c187407b76fe574,e0070e9876c4d2176c57,4,False,pending
190b8b321647aad52e05,3d0c34c17b8ccefc63b8,4,False,pending
190b8b321647aad52e05,e38ed8664a13b9852eea,2,False,pending
190b8b321647aad52e05,84b0e3b8e9cff53efee4,4,False,pending
190b8b321647aad52e05,4dc4f16b20f9c13fec68,3,False,pending
190b8b321647aad52e05,ccfd1f5e259e2fac33a2,1,False,pending
190b8b321647aad52e05,f6cec486fcc803775ac9,2,False,pending
190b8b321647aad52e05,cf4a01655dd72a09c83e,2,False,pending
190b8b321647aad52e05,6be246e162425ed5ebbc,4,False,pending
190b8b321647aad52e05,db49cabc148b2452ca2f,4,False,pending
190b8b321647aad52e05,e80b9ba05e5a5bbd6ac7,3,False,pending
190b8b321647aad52e05,571804c966767ba58821,1,False,pending
190b8b321647aad52e05,abbb00998481c4fb0004,4,False,pending
190b8b321647aad52e05,b0491ebb72da05fafe85,4,False,pending
190b8b321647aad52e05,e0070e9876c4d2176c57,1,False,pending
190b8b321647aad52e05,011f195c7f1e51e6a659,3,False,pending
190b8b321647aad52e05,ebccab9eff05b67553da,3,False,pending
dc1efb36653111d02a45,e831ece13a208feb0ef1,2,False,pending
b883879dfb02189d52a9,3d0c34c17b8ccefc63b8,4,False,pending
b883879dfb02189d52a9,6b76395eea5ed7c413f5,3,False,pending
b883879dfb02189d52a9,4dc4f16b20f9c13fec68,3,False,pending
b883879dfb02189d52a9,011f195c7f1e51e6a659,3,False,pending
3d0c34c17b8ccefc63b8,f220dd21e490915ec54c,2,False,pending
3d0c34c17b8ccefc63b8,55f9b63f6ad6eecc88e4,2,False,pending
3d0c34c17b8ccefc63b8,6b76395eea5ed7c413f5,1,False,pending
3d0c34c17b8ccefc63b8,e38ed8664a13b9852eea,4,False,pending
3d0c34c17b8ccefc63b8,447a1524fb85d4060f4a,4,False,pending
3d0c34c17b8ccefc63b8,3f2b2cbe9581f418e170,2,False,pending
3d0c34c17b8ccefc63b8,03d5194913e42f0cd157,2,False,pending
3d0c34c17b8ccefc63b8,ba61008b929a7ac244e8,3,False,pending
3d0c34c17b8ccefc63b8,4dc4f16b20f9c13fec68,1,False,pending
3d0c34c17b8ccefc63b8,ccfd1f5e259e2fac33a2,3,False,pending
3d0c34c17b8ccefc63b8,cf4a01655dd72a09c83e,4,False,pending
3d0c34c17b8ccefc63b8,e80b9ba05e5a5bbd6ac7,3,False,pending
3d0c34c17b8ccefc63b8,571804c966767ba58821,3,False,pending
3d0c34c17b8ccefc63b8,423df0ac0ef55c66bc9d,4,False,pending
3d0c34c17b8ccefc63b8,641c8c9cfed1b13ac4b0,3,False,pending
3d0c34c17b8ccefc63b8,011f195c7f1e51e6a659,1,False,pending
3d0c34c17b8ccefc63b8,7203fab706ba9902b453,3,False,pending
f220dd21e490915ec54c,6b76395eea5ed7c413f5,3,False,pending
f220dd21e490915ec54c,447a1524fb85d4060f4a,4,False,pending
f220dd21e490915ec54c,3f2b2cbe9581f418e170,2,False,pending
f220dd21e490915ec54c,03d5194913e42f0cd157,2,False,pending
f220dd21e490915ec54c,ba61008b929a7ac244e8,3,False,pending
f220dd21e490915ec54c,4dc4f16b20f9c13fec68,3,False,pending
f220dd21e490915ec54c,e80b9ba05e5a5bbd6ac7,3,False,pending
f220dd21e490915ec54c,641c8c9cfed1b13ac4b0,3,False,pending
f220dd21e490915ec54c,011f195c7f1e51e6a659,3,False,pending
f220dd21e490915ec54c,7203fab706ba9902b453,3,False,pending
55f9b63f6ad6eecc88e4,6b76395eea5ed7c413f5,3,False,pending
55f9b63f6ad6eecc88e4,447a1524fb85d4060f4a,4,False,pending
55f9b63f6ad6eecc88e4,3f2b2cbe9581f418e170,2,False,pending
55f9b63f6ad6eecc88e4,03d5194913e42f0cd157,2,False,pending
55f9b63f6ad6eecc88e4,ba61008b929a7ac244e8,3,False,pending
55f9b63f6ad6eecc88e4,4dc4f16b20f9c13fec68,3,False,pending
55f9b63f6ad6eecc88e4,e80b9ba05e5a5bbd6ac7,3,False,pending
55f9b63f6ad6eecc88e4,641c8c9cfed1b13ac4b0,3,False,pending
55f9b63f6ad6eecc88e4,011f195c7f1e51e6a659,3,False,pending
55f9b63f6ad6eecc88e4,7203fab706ba9902b453,3,False,pending
6b76395eea5ed7c413f5,3f2b2cbe9581f418e170,3,False,pending
6b76395eea5ed7c413f5,03d5194913e42f0cd157,3,False,pending
6b76395eea5ed7c413f5,ba61008b929a7ac244e8,4,False,pending
6b76395eea5ed7c413f5,4dc4f16b20f9c13fec68,2,False,pending
6b76395eea5ed7c413f5,ccfd1f5e259e2fac33a2,4,False,pending
6b76395eea5ed7c413f5,e80b9ba05e5a5bbd6ac7,4,False,pending
6b76395eea5ed7c413f5,571804c966767ba58821,4,False,pending
6b76395eea5ed7c413f5,641c8c9cfed1b13ac4b0,4,False,pending
6b76395eea5ed7c413f5,011f195c7f1e51e6a659,2,False,pending
6b76395eea5ed7c413f5,7203fab706ba9902b453,4,False,pending
33cba6db8643759acc10,f6cec486fcc803775ac9,4,False,pending
33cba6db8643759acc10,9e0a33541966b114a11d,4,False,pending
33cba6db8643759acc10,db49cabc148b2452ca2f,4,False,pending
33cba6db8643759acc10,423df0ac0ef55c66bc9d,4,False,pending
70ae91e57f53bbe4e7e6,ea2dbf4d7e40c91e584e,4,False,pending
70ae91e57f53bbe4e7e6,9df99f2236f8ce560e26,3,False,pending
70ae91e57f53bbe4e7e6,b00b768a6ab693c075b1,3,False,pending
70ae91e57f53bbe4e7e6,d5b2ea1effcad07b33dc,4,False,pending
70ae91e57f53bbe4e7e6,a93aaaf471abc454d6d1,3,False,pending
70ae91e57f53bbe4e7e6,ca870bce05b41ac5bb4d,2,False,pending
98471be2a01f3e1f216b,9df99f2236f8ce560e26,3,False,pending
98471be2a01f3e1f216b,b00b768a6ab693c075b1,3,False,pending
98471be2a01f3e1f216b,0151ee99845a3eb3030d,2,False,pending
e38ed8664a13b9852eea,447a1524fb85d4060f4a,4,False,pending
e38ed8664a13b9852eea,3f2b2cbe9581f418e170,4,False,pending
e38ed8664a13b9852eea,03d5194913e42f0cd157,4,False,pending
e38ed8664a13b9852eea,ba61008b929a7ac244e8,3,False,pending
e38ed8664a13b9852eea,84b0e3b8e9cff53efee4,2,False,pending
e38ed8664a13b9852eea,4dc4f16b20f9c13fec68,3,False,pending
e38ed8664a13b9852eea,ccfd1f5e259e2fac33a2,1,False,pending
e38ed8664a13b9852eea,f6cec486fcc803775ac9,4,False,pending
e38ed8664a13b9852eea,cf4a01655dd72a09c83e,2,False,pending
e38ed8664a13b9852eea,e80b9ba05e5a5bbd6ac7,3,False,pending
e38ed8664a13b9852eea,ca527970eff3a54f3b10,4,False,pending
e38ed8664a13b9852eea,571804c966767ba58821,1,False,pending
e38ed8664a13b9852eea,abbb00998481c4fb0004,4,False,pending
e38ed8664a13b9852eea,b0491ebb72da05fafe85,4,False,pending
e38ed8664a13b9852eea,e0070e9876c4d2176c57,3,False,pending
e38ed8664a13b9852eea,011f195c7f1e51e6a659,3,False,pending
e38ed8664a13b9852eea,ebccab9eff05b67553da,1,False,pending
447a1524fb85d4060f4a,3f2b2cbe9581f418e170,2,False,pending
447a1524fb85d4060f4a,03d5194913e42f0cd157,2,False,pending
447a1524fb85d4060f4a,ba61008b929a7ac244e8,1,False,pending
447a1524fb85d4060f4a,84b0e3b8e9cff53efee4,4,False,pending
447a1524fb85d4060f4a,4dc4f16b20f9c13fec68,3,False,pending
447a1524fb85d4060f4a,495f9f69e93c3c756528,4,False,pending
447a1524fb85d4060f4a,641c8c9cfed1b13ac4b0,3,False,pending
447a1524fb85d4060f4a,011f195c7f1e51e6a659,3,False,pending
447a1524fb85d4060f4a,7203fab706ba9902b453,3,False,pending
2053450b5f1bbf54a739,d5b2ea1effcad07b33dc,4,False,pending
a47dba259db2a8789833,6004ea7333e3db474691,4,False,pending
a47dba259db2a8789833,1e2d911021ec01f7c488,2,False,pending
a47dba259db2a8789833,495f9f69e93c3c756528,4,False,pending
ea2dbf4d7e40c91e584e,c350944f374dc1caee94,2,False,pending
ea2dbf4d7e40c91e584e,36757bee3327ac4dad26,4,False,pending
ea2dbf4d7e40c91e584e,eab600067aa30d99f788,2,False,pending
ea2dbf4d7e40c91e584e,d9e9c4364829af3818b5,3,False,pending
ea2dbf4d7e40c91e584e,1196bce24f1eb099a755,1,False,pending
ea2dbf4d7e40c91e584e,aaae494cf29f9ac0ffe3,4,False,pending
ea2dbf4d7e40c91e584e,afebe7935ccc160972f3,3,False,pending
ea2dbf4d7e40c91e584e,a93aaaf471abc454d6d1,3,False,pending
ea2dbf4d7e40c91e584e,ca870bce05b41ac5bb4d,4,False,pending
3f2b2cbe9581f418e170,ba61008b929a7ac244e8,1,False,pending
3f2b2cbe9581f418e170,4dc4f16b20f9c13fec68,3,False,pending
3f2b2cbe9581f418e170,641c8c9cfed1b13ac4b0,3,False,pending
3f2b2cbe9581f418e170,011f195c7f1e51e6a659,3,False,pending
3f2b2cbe9581f418e170,7203fab706ba9902b453,1,False,pending
9df99f2236f8ce560e26,d9e9c4364829af3818b5,4,False,pending
03d5194913e42f0cd157,ba61008b929a7ac244e8,1,False,pending
03d5194913e42f0cd157,4dc4f16b20f9c13fec68,3,False,pending
03d5194913e42f0cd157,641c8c9cfed1b13ac4b0,3,False,pending
03d5194913e42f0cd157,011f195c7f1e51e6a659,3,False,pending
03d5194913e42f0cd157,7203fab706ba9902b453,1,False,pending
b00b768a6ab693c075b1,d9e9c4364829af3818b5,4,False,pending
ba61008b929a7ac244e8,4dc4f16b20f9c13fec68,2,False,pending
ba61008b929a7ac244e8,ccfd1f5e259e2fac33a2,4,False,pending
ba61008b929a7ac244e8,e80b9ba05e5a5bbd6ac7,4,False,pending
ba61008b929a7ac244e8,571804c966767ba58821,4,False,pending
ba61008b929a7ac244e8,641c8c9cfed1b13ac4b0,2,False,pending
ba61008b929a7ac244e8,011f195c7f1e51e6a659,2,False,pending
ba61008b929a7ac244e8,ebccab9eff05b67553da,4,False,pending
ba61008b929a7ac244e8,7203fab706ba9902b453,2,False,pending
84b0e3b8e9cff53efee4,ccfd1f5e259e2fac33a2,3,False,pending
84b0e3b8e9cff53efee4,cf4a01655dd72a09c83e,4,False,pending
84b0e3b8e9cff53efee4,571804c966767ba58821,3,False,pending
84b0e3b8e9cff53efee4,495f9f69e93c3c756528,4,False,pending
84b0e3b8e9cff53efee4,ebccab9eff05b67553da,3,False,pending
4dc4f16b20f9c13fec68,ccfd1f5e259e2fac33a2,2,False,pending
4dc4f16b20f9c13fec68,cf4a01655dd72a09c83e,3,False,pending
4dc4f16b20f9c13fec68,e80b9ba05e5a5bbd6ac7,2,False,pending
4dc4f16b20f9c13fec68,571804c966767ba58821,2,False,pending
4dc4f16b20f9c13fec68,e0070e9876c4d2176c57,4,False,pending
4dc4f16b20f9c13fec68,641c8c9cfed1b13ac4b0,2,False,pending
4dc4f16b20f9c13fec68,011f195c7f1e51e6a659,0,False,pending
4dc4f16b20f9c13fec68,ebccab9eff05b67553da,4,False,pending
4dc4f16b20f9c13fec68,7203fab706ba9902b453,4,False,pending
c350944f374dc1caee94,36757bee3327ac4dad26,4,False,pending
c350944f374dc1caee94,eab600067aa30d99f788,2,False,pending
c350944f374dc1caee94,d9e9c4364829af3818b5,1,False,pending
c350944f374dc1caee94,1196bce24f1eb099a755,1,False,pending
c350944f374dc1caee94,aaae494cf29f9ac0ffe3,4,False,pending
c350944f374dc1caee94,afebe7935ccc160972f3,3,False,pending
ccfd1f5e259e2fac33a2,f6cec486fcc803775ac9,3,False,pending
ccfd1f5e259e2fac33a2,cf4a01655dd72a09c83e,1,False,pending
ccfd1f5e259e2fac33a2,9f83df569e6d5f0d81ef,4,False,pending
ccfd1f5e259e2fac33a2,e80b9ba05e5a5bbd6ac7,2,False,pending
ccfd1f5e259e2fac33a2,571804c966767ba58821,0,False,pending
ccfd1f5e259e2fac33a2,e0070e9876c4d2176c57,2,False,pending
ccfd1f5e259e2fac33a2,641c8c9cfed1b13ac4b0,4,False,pending
ccfd1f5e259e2fac33a2,011f195c7f1e51e6a659,2,False,pending
ccfd1f5e259e2fac33a2,ebccab9eff05b67553da,2,False,pending
36757bee3327ac4dad26,eab600067aa30d99f788,2,False,pending
36757bee3327ac4dad26,d9e9c4364829af3818b5,3,False,pending
36757bee3327ac4dad26,1196bce24f1eb099a755,3,False,pending
36757bee3327ac4dad26,aaae494cf29f9ac0ffe3,0,False,pending
f6cec486fcc803775ac9,cf4a01655dd72a09c83e,2,False,pending
f6cec486fcc803775ac9,6be246e162425ed5ebbc,4,False,pending
f6cec486fcc803775ac9,ae7def85fca3318f0674,3,False,pending
f6cec486fcc803775ac9,9e0a33541966b114a11d,4,False,pending
f6cec486fcc803775ac9,f76c3206ad698a5a95c7,3,False,pending
f6cec486fcc803775ac9,db49cabc148b2452ca2f,4,False,pending
f6cec486fcc803775ac9,571804c966767ba58821,3,False,pending
f6cec486fcc803775ac9,abbb00998481c4fb0004,4,False,pending
f6cec486fcc803775ac9,b0491ebb72da05fafe85,4,False,pending
f6cec486fcc803775ac9,e0070e9876c4d2176c57,1,False,pending
f6cec486fcc803775ac9,ebccab9eff05b67553da,3,False,pending
f6cec486fcc803775ac9,bc1a0d24ffdce6195fc7,3,False,pending
eab600067aa30d99f788,d9e9c4364829af3818b5,3,False,pending
eab600067aa30d99f788,1196bce24f1eb099a755,1,False,pending
eab600067aa30d99f788,aaae494cf29f9ac0ffe3,2,False,pending
eab600067aa30d99f788,afebe7935ccc160972f3,3,False,pending
cf4a01655dd72a09c83e,6be246e162425ed5ebbc,4,False,pending
cf4a01655dd72a09c83e,db49cabc148b2452ca2f,4,False,pending
cf4a01655dd72a09c83e,e80b9ba05e5a5bbd6ac7,3,False,pending
cf4a01655dd72a09c83e,ca527970eff3a54f3b10,4,False,pending
cf4a01655dd72a09c83e,571804c966767ba58821,1,False,pending
cf4a01655dd72a09c83e,e0070e9876c4d2176c57,1,False,pending
cf4a01655dd72a09c83e,641c8c9cfed1b13ac4b0,3,False,pending
cf4a01655dd72a09c83e,011f195c7f1e51e6a659,3,False,pending
cf4a01655dd72a09c83e,ebccab9eff05b67553da,3,False,pending
9f83df569e6d5f0d81ef,6be246e162425ed5ebbc,3,False,pending
9f83df569e6d5f0d81ef,571804c966767ba58821,4,False,pending
6be246e162425ed5ebbc,9e0a33541966b114a11d,4,False,pending
6be246e162425ed5ebbc,db49cabc148b2452ca2f,2,False,pending
6be246e162425ed5ebbc,e0070e9876c4d2176c57,3,False,pending
d3e021ef853576380b1a,cc73c0bb36c055b230bd,4,False,pending
d3e021ef853576380b1a,b559a9bf42b3cd1bcfda,4,False,pending
ae7def85fca3318f0674,f76c3206ad698a5a95c7,0,False,pending
ae7def85fca3318f0674,6004ea7333e3db474691,3,False,pending
ae7def85fca3318f0674,e5d166921e4c2f93e367,4,False,pending
ae7def85fca3318f0674,7b5b142a29f0c2cfa280,4,False,pending
ae7def85fca3318f0674,f712d96c4f2b29e291ec,4,False,pending
ae7def85fca3318f0674,97b624d9b0fe561bbba3,4,False,pending
ae7def85fca3318f0674,53bafb86c88574385e06,4,False,pending
ae7def85fca3318f0674,e0070e9876c4d2176c57,4,False,pending
ae7def85fca3318f0674,ebccab9eff05b67553da,4,False,pending
ae7def85fca3318f0674,4e5ca2a14be3b765c4ca,2,False,pending
9e0a33541966b114a11d,db49cabc148b2452ca2f,2,False,pending
9e0a33541966b114a11d,abbb00998481c4fb0004,4,False,pending
9e0a33541966b114a11d,b0491ebb72da05fafe85,4,False,pending
f76c3206ad698a5a95c7,6004ea7333e3db474691,3,False,pending
f76c3206ad698a5a95c7,e5d166921e4c2f93e367,4,False,pending
f76c3206ad698a5a95c7,7b5b142a29f0c2cfa280,4,False,pending
f76c3206ad698a5a95c7,f712d96c4f2b29e291ec,4,False,pending
f76c3206ad698a5a95c7,97b624d9b0fe561bbba3,4,False,pending
f76c3206ad698a5a95c7,53bafb86c88574385e06,4,False,pending
f76c3206ad698a5a95c7,e0070e9876c4d2176c57,4,False,pending
f76c3206ad698a5a95c7,ebccab9eff05b67553da,4,False,pending
f76c3206ad698a5a95c7,bc1a0d24ffdce6195fc7,0,False,pending
f76c3206ad698a5a95c7,4e5ca2a14be3b765c4ca,2,False,pending
db49cabc148b2452ca2f,ca527970eff3a54f3b10,4,False,pending
db49cabc148b2452ca2f,e0070e9876c4d2176c57,3,False,pending
db49cabc148b2452ca2f,c1338ae8ddebf93436a7,4,False,pending
e80b9ba05e5a5bbd6ac7,571804c966767ba58821,2,False,pending
e80b9ba05e5a5bbd6ac7,e0070e9876c4d2176c57,4,False,pending
e80b9ba05e5a5bbd6ac7,641c8c9cfed1b13ac4b0,4,False,pending
e80b9ba05e5a5bbd6ac7,011f195c7f1e51e6a659,2,False,pending
e80b9ba05e5a5bbd6ac7,ebccab9eff05b67553da,4,False,pending
6004ea7333e3db474691,1e2d911021ec01f7c488,4,False,pending
6004ea7333e3db474691,e5d166921e4c2f93e367,1,False,pending
6004ea7333e3db474691,7b5b142a29f0c2cfa280,1,False,pending
6004ea7333e3db474691,d62b3fcb81591cd1ff13,4,False,pending
6004ea7333e3db474691,3afd8d67572882c30c62,4,False,pending
6004ea7333e3db474691,53bafb86c88574385e06,3,False,pending
6004ea7333e3db474691,bc1a0d24ffdce6195fc7,3,False,pending
6004ea7333e3db474691,4e5ca2a14be3b765c4ca,3,False,pending
6004ea7333e3db474691,ee66d0a83e49db5cbc79,4,False,pending
6004ea7333e3db474691,2960b970e5aae28673fe,4,False,pending
1e2d911021ec01f7c488,d62b3fcb81591cd1ff13,4,False,pending
1e2d911021ec01f7c488,ee66d0a83e49db5cbc79,4,False,pending
e5d166921e4c2f93e367,3afd8d67572882c30c62,3,False,pending
e5d166921e4c2f93e367,53bafb86c88574385e06,2,False,pending
e5d166921e4c2f93e367,bc1a0d24ffdce6195fc7,4,False,pending
e5d166921e4c2f93e367,4e5ca2a14be3b765c4ca,2,False,pending
e5d166921e4c2f93e367,2960b970e5aae28673fe,3,False,pending
7b5b142a29f0c2cfa280,3afd8d67572882c30c62,3,False,pending
7b5b142a29f0c2cfa280,53bafb86c88574385e06,2,False,pending
7b5b142a29f0c2cfa280,bc1a0d24ffdce6195fc7,4,False,pending
7b5b142a29f0c2cfa280,4e5ca2a14be3b765c4ca,2,False,pending
7b5b142a29f0c2cfa280,2960b970e5aae28673fe,3,False,pending
d62b3fcb81591cd1ff13,f712d96c4f2b29e291ec,3,False,pending
d62b3fcb81591cd1ff13,ee66d0a83e49db5cbc79,0,False,pending
d62b3fcb81591cd1ff13,2960b970e5aae28673fe,4,False,pending
ca527970eff3a54f3b10,c1338ae8ddebf93436a7,4,False,pending
a9061d9088e59d1c4e67,97b624d9b0fe561bbba3,4,False,pending
3afd8d67572882c30c62,dee0d26e97a49c9c110f,4,False,pending
3afd8d67572882c30c62,f5f98cdd63a85639a512,2,False,pending
3afd8d67572882c30c62,97b624d9b0fe561bbba3,3,False,pending
3afd8d67572882c30c62,2960b970e5aae28673fe,4,False,pending
dee0d26e97a49c9c110f,f712d96c4f2b29e291ec,3,False,pending
dee0d26e97a49c9c110f,f5f98cdd63a85639a512,2,False,pending
dee0d26e97a49c9c110f,c6a6c229ca57486f2aa9,3,False,pending
dee0d26e97a49c9c110f,97b624d9b0fe561bbba3,1,False,pending
dee0d26e97a49c9c110f,316073930b73a2b1ab7d,4,False,pending
dee0d26e97a49c9c110f,c1338ae8ddebf93436a7,4,False,pending
dee0d26e97a49c9c110f,2960b970e5aae28673fe,4,False,pending
7519b077a3c72aed34bd,4e5ca2a14be3b765c4ca,4,False,pending
f712d96c4f2b29e291ec,f5f98cdd63a85639a512,3,False,pending
f712d96c4f2b29e291ec,c6a6c229ca57486f2aa9,4,False,pending
f712d96c4f2b29e291ec,97b624d9b0fe561bbba3,4,False,pending
f712d96c4f2b29e291ec,bc1a0d24ffdce6195fc7,4,False,pending
f712d96c4f2b29e291ec,ee66d0a83e49db5cbc79,3,False,pending
f712d96c4f2b29e291ec,316073930b73a2b1ab7d,3,False,pending
f712d96c4f2b29e291ec,c1338ae8ddebf93436a7,3,False,pending
f712d96c4f2b29e291ec,2960b970e5aae28673fe,3,False,pending
f5f98cdd63a85639a512,97b624d9b0fe561bbba3,3,False,pending
f5f98cdd63a85639a512,316073930b73a2b1ab7d,4,False,pending
f5f98cdd63a85639a512,c1338ae8ddebf93436a7,4,False,pending
f5f98cdd63a85639a512,2960b970e5aae28673fe,2,False,pending
70d05e7cf69f48ec48d6,c6a6c229ca57486f2aa9,4,False,pending
c6a6c229ca57486f2aa9,97b624d9b0fe561bbba3,4,False,pending
c6a6c229ca57486f2aa9,c1338ae8ddebf93436a7,3,False,pending
97b624d9b0fe561bbba3,bc1a0d24ffdce6195fc7,4,False,pending
97b624d9b0fe561bbba3,4e5ca2a14be3b765c4ca,4,False,pending
35935f8ee14eb4cd3131,391e4c278ff5e17b4460,4,False,pending
4da3d13c4d7c3f879546,1d4f9aaf5d4898c10753,2,False,pending
1d4f9aaf5d4898c10753,9fdc4a0c4724d05952af,4,False,pending
13fb515825f20f7e4c4d,735aaf3f24269756c89e,3,False,pending
13fb515825f20f7e4c4d,0c65ff8e995c95cf13b4,3,False,pending
c4b6fe1b187523e728a6,cf526ac228e0a962799c,2,False,pending
49517de210078c7d72c9,dda306c05f39ef475cd6,3,False,pending
49517de210078c7d72c9,b716c82ea2e73886ce36,4,False,pending
dda306c05f39ef475cd6,b716c82ea2e73886ce36,3,False,pending
dda306c05f39ef475cd6,be062b39088afd9e0ff9,3,False,pending
488ee68064432e4edd20,f481393540611d3405d4,4,False,pending
74be306544c9f9bee37a,7b81c8d06ca7a8953590,4,False,pending
74be306544c9f9bee37a,8f5385e6e8f7114cf5ec,4,False,pending
f8f5268959544743a113,f2b610fbbe6bffed6440,4,False,pending
f8f5268959544743a113,5ebe6d5dfbe04f579e3b,3,False,pending
f8f5268959544743a113,824f504a5290be7a7c75,3,False,pending
f8f5268959544743a113,198b8799ef104fecddac,4,False,pending
dc7a89c726360dca9b96,38e3be5541fba836d8e3,4,False,pending
dc7a89c726360dca9b96,c98177bba84c65d9300a,4,False,pending
dc7a89c726360dca9b96,824f504a5290be7a7c75,4,False,pending
dc7a89c726360dca9b96,b42b1faef6df95227f66,4,False,pending
38e3be5541fba836d8e3,fcfbf93099a5ec1f3504,4,False,pending
38e3be5541fba836d8e3,b5185c64da5f81535a23,4,False,pending
38e3be5541fba836d8e3,824f504a5290be7a7c75,4,False,pending
38e3be5541fba836d8e3,b42b1faef6df95227f66,4,False,pending
42b15ef486cf67d4e40f,d19e5f49f0760b3946f0,3,False,pending
df1422a81f0154ce777d,483176b5cf7335c93ed3,3,False,pending
df1422a81f0154ce777d,b461e82d7d9c49adb4a9,3,False,pending
483176b5cf7335c93ed3,0eb52f5b30627b7d665e,4,False,pending
305005094bcca96c326e,c98177bba84c65d9300a,4,False,pending
305005094bcca96c326e,7730457f7cdb5e546da4,4,False,pending
305005094bcca96c326e,b42b1faef6df95227f66,2,False,pending
f2b610fbbe6bffed6440,5ebe6d5dfbe04f579e3b,3,False,pending
f2b610fbbe6bffed6440,b461e82d7d9c49adb4a9,4,False,pending
f2b610fbbe6bffed6440,198b8799ef104fecddac,2,False,pending
fcfbf93099a5ec1f3504,9aec09752042416f25cc,4,False,pending
fcfbf93099a5ec1f3504,b5185c64da5f81535a23,0,False,pending
9aec09752042416f25cc,b5185c64da5f81535a23,4,False,pending
9aec09752042416f25cc,081c9ad539f9f16152a1,4,False,pending
8a15027bc3d4eb87a825,c98177bba84c65d9300a,4,False,pending
8a15027bc3d4eb87a825,c86a975b00ddfb98a772,4,False,pending
8a15027bc3d4eb87a825,5abf75e3e63c14257823,2,False,pending
8a15027bc3d4eb87a825,4050277b19878dc1e9d2,4,False,pending
8a15027bc3d4eb87a825,61b31484e520982622cf,3,False,pending
8a15027bc3d4eb87a825,2cf5890ac545523c8474,4,False,pending
8a15027bc3d4eb87a825,ef87d2efcb6d23d65eb2,3,False,pending
f3458100ead9a7909d36,99394754d08d50ec43a4,4,False,pending
c98177bba84c65d9300a,4050277b19878dc1e9d2,2,False,pending
c98177bba84c65d9300a,61b31484e520982622cf,1,False,pending
c98177bba84c65d9300a,6175897596f00a64b8f7,3,False,pending
c98177bba84c65d9300a,2cf5890ac545523c8474,2,False,pending
c98177bba84c65d9300a,ef87d2efcb6d23d65eb2,3,False,pending
c98177bba84c65d9300a,b42b1faef6df95227f66,4,False,pending
f78fb27c3c2426e70ee4,ec7253b99330ea09d0f6,4,False,pending
f78fb27c3c2426e70ee4,0eb52f5b30627b7d665e,4,False,pending
b461e82d7d9c49adb4a9,0eb52f5b30627b7d665e,4,False,pending
b3c39a27e7561cbace23,a8acc90132b074a07105,2,False,pending
a8acc90132b074a07105,1382c26e3bac42125d7a,4,False,pending
8e00fae240085861a051,c86a975b00ddfb98a772,3,False,pending
8e00fae240085861a051,5abf75e3e63c14257823,3,False,pending
8e00fae240085861a051,ef87d2efcb6d23d65eb2,4,False,pending
8195b7603f3cd8be7597,775a99448a4aeaf982d0,4,False,pending
8195b7603f3cd8be7597,f56c9bfd1c5e7063cd84,3,False,pending
b1ac5ad96cdfa8ed6aea,8dea9edaa14cf60c6296,4,False,pending
1a6f65b85aae55c9f3cd,d92ce8cfd0f709301c48,4,False,pending
d0d777610a377050e30d,f857a4d0fe4861362690,4,False,pending
d0d777610a377050e30d,ce6d7407cc5c36555d50,3,False,pending
d0d777610a377050e30d,dcee82111e2ec0649611,2,False,pending
d0d777610a377050e30d,55f31fdbf045e05eac24,4,False,pending
d0d777610a377050e30d,fc5d4eaa38669a0a38dd,4,False,pending
f857a4d0fe4861362690,dcee82111e2ec0649611,4,False,pending
f857a4d0fe4861362690,55f31fdbf045e05eac24,4,False,pending
f857a4d0fe4861362690,fc5d4eaa38669a0a38dd,4,False,pending
f857a4d0fe4861362690,9d257fbd361163df7f9f,2,False,pending
2e597a9d1ba5323edffa,e636bfeb0b45c4fc8624,4,False,pending
2e597a9d1ba5323edffa,08a404561dc8e408c9ca,4,False,pending
2e597a9d1ba5323edffa,55f31fdbf045e05eac24,4,False,pending
2e597a9d1ba5323edffa,fc5d4eaa38669a0a38dd,4,False,pending
cf979fb3aeb66611b37c,75fb606dd4978198a684,4,False,pending
cf979fb3aeb66611b37c,712860ca3a7eaed371a4,1,False,pending
75fb606dd4978198a684,712860ca3a7eaed371a4,3,False,pending
303317f9531987187d18,5d6579dc042fa2908bf6,3,False,pending
303317f9531987187d18,1560bdecf964f5857dc8,3,False,pending
303317f9531987187d18,73ed42c55f512acd2b6b,2,False,pending
303317f9531987187d18,d1b5d8c4044adbcded4b,3,False,pending
5d6579dc042fa2908bf6,1560bdecf964f5857dc8,2,False,pending
5d6579dc042fa2908bf6,ded71a0f0ec3520a0ed6,4,False,pending
402919dfeeab1f6b2441,dfd7b158aa37fec608e0,0,False,pending
402919dfeeab1f6b2441,893b07851bcd49b70e3c,3,False,pending
dfd7b158aa37fec608e0,893b07851bcd49b70e3c,3,False,pending
af947a617d1ef8fd4096,82cc53e6b827e4a3bbbc,4,False,pending
af947a617d1ef8fd4096,a61110fd36b7519a4a0d,3,False,pending
4ff66d23ab0cd7955ab3,82cc53e6b827e4a3bbbc,4,False,pending
4ff66d23ab0cd7955ab3,a61110fd36b7519a4a0d,3,False,pending
804227df1c9c39f75147,201a14b1ec00fec4fba9,4,False,pending
804227df1c9c39f75147,080c8c356532bce379f7,4,False,pending
3dbc5207171ee70a7d26,ec8105d9fa31c2e45dcf,4,False,pending
3dbc5207171ee70a7d26,c3a66733a7cab79c0903,3,False,pending
f064d56b8e59e63b6a88,a61110fd36b7519a4a0d,4,False,pending
e636bfeb0b45c4fc8624,08a404561dc8e408c9ca,4,False,pending
08a404561dc8e408c9ca,55f31fdbf045e05eac24,4,False,pending
08a404561dc8e408c9ca,fc5d4eaa38669a0a38dd,4,False,pending
2b751cc48d0f4c7ad80f,c86a975b00ddfb98a772,2,False,pending
2b751cc48d0f4c7ad80f,5abf75e3e63c14257823,4,False,pending
c86a975b00ddfb98a772,5abf75e3e63c14257823,2,False,pending
5abf75e3e63c14257823,4050277b19878dc1e9d2,4,False,pending
5abf75e3e63c14257823,2cf5890ac545523c8474,4,False,pending
5abf75e3e63c14257823,ef87d2efcb6d23d65eb2,3,False,pending
dcca8c0ed245f93a44f4,27f7fc60935e15445c36,3,False,pending
dcca8c0ed245f93a44f4,4cc1c896d09b83422e97,4,False,pending
dcca8c0ed245f93a44f4,31e3713c5c4fdcfbbc58,0,False,pending
dcca8c0ed245f93a44f4,8779ee5e6bb2c50a564d,4,False,pending
dcca8c0ed245f93a44f4,761341eb65c379faf656,0,False,pending
dcca8c0ed245f93a44f4,dc5e5bf4768f92784ff5,4,False,pending
081c9ad539f9f16152a1,4262d3005417bace1d77,2,False,pending
081c9ad539f9f16152a1,3f994a9d84ecffc45398,2,False,pending
27f7fc60935e15445c36,31e3713c5c4fdcfbbc58,3,False,pending
27f7fc60935e15445c36,761341eb65c379faf656,3,False,pending
4cc1c896d09b83422e97,279fde37461a2e551ada,4,False,pending
4cc1c896d09b83422e97,8e236b31181ee648d2ca,4,False,pending
4cc1c896d09b83422e97,31e3713c5c4fdcfbbc58,4,False,pending
4cc1c896d09b83422e97,00c39f902e3720372b58,2,False,pending
4cc1c896d09b83422e97,761341eb65c379faf656,4,False,pending
279fde37461a2e551ada,8e236b31181ee648d2ca,0,False,pending
279fde37461a2e551ada,4262d3005417bace1d77,3,False,pending
279fde37461a2e551ada,3f994a9d84ecffc45398,3,False,pending
279fde37461a2e551ada,d84fc2919eb353ccddd0,3,False,pending
8e236b31181ee648d2ca,4262d3005417bace1d77,3,False,pending
8e236b31181ee648d2ca,3f994a9d84ecffc45398,3,False,pending
8e236b31181ee648d2ca,d84fc2919eb353ccddd0,3,False,pending
31e3713c5c4fdcfbbc58,8779ee5e6bb2c50a564d,4,False,pending
31e3713c5c4fdcfbbc58,dc5e5bf4768f92784ff5,4,False,pending
c437980db721b23ea0f3,4abe09caa11ef3c3b599,4,False,pending
c437980db721b23ea0f3,50d9230c5b56e16ae6fd,4,False,pending
c437980db721b23ea0f3,775a99448a4aeaf982d0,4,False,pending
bcaed6069e83f611f631,4262d3005417bace1d77,4,False,pending
bcaed6069e83f611f631,3f994a9d84ecffc45398,4,False,pending
4262d3005417bace1d77,3f994a9d84ecffc45398,0,False,pending
7f674bd887f615f591dd,4abe09caa11ef3c3b599,4,False,pending
7f674bd887f615f591dd,775a99448a4aeaf982d0,4,False,pending
4abe09caa11ef3c3b599,50d9230c5b56e16ae6fd,4,False,pending
50d9230c5b56e16ae6fd,d84fc2919eb353ccddd0,4,False,pending
8779ee5e6bb2c50a564d,761341eb65c379faf656,4,False,pending
8779ee5e6bb2c50a564d,dc5e5bf4768f92784ff5,4,False,pending
e394705080d7dcbbc5ae,1e5c5b50f782cbe8d304,3,False,pending
e394705080d7dcbbc5ae,c3862ac3d1346b2ef8e7,2,False,pending
1e5c5b50f782cbe8d304,c3862ac3d1346b2ef8e7,3,False,pending
4050277b19878dc1e9d2,61b31484e520982622cf,1,False,pending
4050277b19878dc1e9d2,6175897596f00a64b8f7,3,False,pending
4050277b19878dc1e9d2,2cf5890ac545523c8474,0,False,pending
4050277b19878dc1e9d2,ef87d2efcb6d23d65eb2,3,False,pending
61b31484e520982622cf,6175897596f00a64b8f7,2,False,pending
61b31484e520982622cf,2cf5890ac545523c8474,1,False,pending
61b31484e520982622cf,ef87d2efcb6d23d65eb2,2,False,pending
6175897596f00a64b8f7,2cf5890ac545523c8474,3,False,pending
6175897596f00a64b8f7,ef87d2efcb6d23d65eb2,4,False,pending
2cf5890ac545523c8474,ef87d2efcb6d23d65eb2,3,False,pending
7730457f7cdb5e546da4,b42b1faef6df95227f66,4,False,pending
97b5cd46617a40323e0a,9db77082b410cbcea325,2,False,pending
97b5cd46617a40323e0a,b1f13d5008ba4e8d1957,3,False,pending
97b5cd46617a40323e0a,47e3eae457ad3cb41406,4,False,pending
97b5cd46617a40323e0a,acb714545cc50bb6d593,4,False,pending
97b5cd46617a40323e0a,7ccb6ade5a56168232cb,4,False,pending
97b5cd46617a40323e0a,2e3cb1acf03ca9ec49f3,4,False,pending
9db77082b410cbcea325,b611faeb859f3a2a2510,3,False,pending
9db77082b410cbcea325,b1f13d5008ba4e8d1957,1,False,pending
9db77082b410cbcea325,47e3eae457ad3cb41406,2,False,pending
9db77082b410cbcea325,311f8b28096c10acc5f6,3,False,pending
9db77082b410cbcea325,4184ba5e931b93c0b229,3,False,pending
9db77082b410cbcea325,ea1a9c375539de5e45ab,4,False,pending
9db77082b410cbcea325,78d08e82d3858fd5b2b4,4,False,pending
9db77082b410cbcea325,a542afad771d465b7860,3,False,pending
9db77082b410cbcea325,acb714545cc50bb6d593,2,False,pending
9db77082b410cbcea325,f884f97870a30aabfd53,4,False,pending
9db77082b410cbcea325,a16886306ea17093ad8a,4,False,pending
9db77082b410cbcea325,e8cc35ac455aa9baed96,4,False,pending
9db77082b410cbcea325,7ccb6ade5a56168232cb,4,False,pending
9db77082b410cbcea325,0eff94b51784511c4656,4,False,pending
9db77082b410cbcea325,191449046ebd0b8b1eb3,4,False,pending
9db77082b410cbcea325,b2840ca73465a59983c9,4,False,pending
9db77082b410cbcea325,3770dc9e457a40cdf875,4,False,pending
9db77082b410cbcea325,2e3cb1acf03ca9ec49f3,2,False,pending
b611faeb859f3a2a2510,b1f13d5008ba4e8d1957,2,False,pending
b611faeb859f3a2a2510,47e3eae457ad3cb41406,3,False,pending
b611faeb859f3a2a2510,311f8b28096c10acc5f6,4,False,pending
b611faeb859f3a2a2510,4184ba5e931b93c0b229,4,False,pending
b611faeb859f3a2a2510,ea1a9c375539de5e45ab,3,False,pending
b611faeb859f3a2a2510,78d08e82d3858fd5b2b4,3,False,pending
b611faeb859f3a2a2510,a542afad771d465b7860,2,False,pending
b611faeb859f3a2a2510,ab0688371eb1439d95d4,2,False,pending
b611faeb859f3a2a2510,acb714545cc50bb6d593,3,False,pending
b611faeb859f3a2a2510,7ccb6ade5a56168232cb,1,False,pending
b1f13d5008ba4e8d1957,47e3eae457ad3cb41406,1,False,pending
b1f13d5008ba4e8d1957,311f8b28096c10acc5f6,2,False,pending
b1f13d5008ba4e8d1957,4184ba5e931b93c0b229,2,False,pending
b1f13d5008ba4e8d1957,ea1a9c375539de5e45ab,3,False,pending
b1f13d5008ba4e8d1957,78d08e82d3858fd5b2b4,3,False,pending
b1f13d5008ba4e8d1957,a542afad771d465b7860,2,False,pending
b1f13d5008ba4e8d1957,ab0688371eb1439d95d4,4,False,pending
b1f13d5008ba4e8d1957,acb714545cc50bb6d593,1,False,pending
b1f13d5008ba4e8d1957,7ccb6ade5a56168232cb,3,False,pending
b1f13d5008ba4e8d1957,2e3cb1acf03ca9ec49f3,3,False,pending
47e3eae457ad3cb41406,311f8b28096c10acc5f6,3,False,pending
47e3eae457ad3cb41406,4184ba5e931b93c0b229,3,False,pending
47e3eae457ad3cb41406,ea1a9c375539de5e45ab,4,False,pending
47e3eae457ad3cb41406,78d08e82d3858fd5b2b4,4,False,pending
47e3eae457ad3cb41406,a542afad771d465b7860,1,False,pending
47e3eae457ad3cb41406,acb714545cc50bb6d593,2,False,pending
47e3eae457ad3cb41406,f884f97870a30aabfd53,4,False,pending
47e3eae457ad3cb41406,a16886306ea17093ad8a,4,False,pending
47e3eae457ad3cb41406,e8cc35ac455aa9baed96,4,False,pending
47e3eae457ad3cb41406,7ccb6ade5a56168232cb,4,False,pending
47e3eae457ad3cb41406,0eff94b51784511c4656,4,False,pending
47e3eae457ad3cb41406,191449046ebd0b8b1eb3,4,False,pending
47e3eae457ad3cb41406,b2840ca73465a59983c9,4,False,pending
47e3eae457ad3cb41406,3770dc9e457a40cdf875,4,False,pending
47e3eae457ad3cb41406,2e3cb1acf03ca9ec49f3,4,False,pending
311f8b28096c10acc5f6,4184ba5e931b93c0b229,0,False,pending
311f8b28096c10acc5f6,ea1a9c375539de5e45ab,1,False,pending
311f8b28096c10acc5f6,78d08e82d3858fd5b2b4,1,False,pending
311f8b28096c10acc5f6,a542afad771d465b7860,4,False,pending
311f8b28096c10acc5f6,acb714545cc50bb6d593,3,False,pending
4184ba5e931b93c0b229,ea1a9c375539de5e45ab,1,False,pending
4184ba5e931b93c0b229,78d08e82d3858fd5b2b4,1,False,pending
4184ba5e931b93c0b229,a542afad771d465b7860,4,False,pending
4184ba5e931b93c0b229,acb714545cc50bb6d593,3,False,pending
ea1a9c375539de5e45ab,78d08e82d3858fd5b2b4,0,False,pending
ea1a9c375539de5e45ab,a542afad771d465b7860,3,False,pending
ea1a9c375539de5e45ab,acb714545cc50bb6d593,4,False,pending
ea1a9c375539de5e45ab,7ccb6ade5a56168232cb,4,False,pending
78d08e82d3858fd5b2b4,a542afad771d465b7860,3,False,pending
78d08e82d3858fd5b2b4,acb714545cc50bb6d593,4,False,pending
78d08e82d3858fd5b2b4,7ccb6ade5a56168232cb,4,False,pending
a542afad771d465b7860,ab0688371eb1439d95d4,4,False,pending
a542afad771d465b7860,acb714545cc50bb6d593,3,False,pending
a542afad771d465b7860,7ccb6ade5a56168232cb,3,False,pending
ab0688371eb1439d95d4,acb714545cc50bb6d593,3,False,pending
ab0688371eb1439d95d4,7ccb6ade5a56168232cb,3,False,pending
acb714545cc50bb6d593,f884f97870a30aabfd53,4,False,pending
acb714545cc50bb6d593,a16886306ea17093ad8a,4,False,pending
acb714545cc50bb6d593,e8cc35ac455aa9baed96,4,False,pending
acb714545cc50bb6d593,7ccb6ade5a56168232cb,4,False,pending
acb714545cc50bb6d593,0eff94b51784511c4656,4,False,pending
acb714545cc50bb6d593,191449046ebd0b8b1eb3,4,False,pending
acb714545cc50bb6d593,b2840ca73465a59983c9,4,False,pending
acb714545cc50bb6d593,3770dc9e457a40cdf875,4,False,pending
acb714545cc50bb6d593,2e3cb1acf03ca9ec49f3,2,False,pending
f884f97870a30aabfd53,a16886306ea17093ad8a,0,False,pending
f884f97870a30aabfd53,e8cc35ac455aa9baed96,2,False,pending
f884f97870a30aabfd53,0eff94b51784511c4656,0,False,pending
f884f97870a30aabfd53,191449046ebd0b8b1eb3,2,False,pending
f884f97870a30aabfd53,b2840ca73465a59983c9,0,False,pending
f884f97870a30aabfd53,3770dc9e457a40cdf875,0,False,pending
f884f97870a30aabfd53,2e3cb1acf03ca9ec49f3,2,False,pending
a16886306ea17093ad8a,e8cc35ac455aa9baed96,2,False,pending
a16886306ea17093ad8a,0eff94b51784511c4656,0,False,pending
a16886306ea17093ad8a,191449046ebd0b8b1eb3,2,False,pending
a16886306ea17093ad8a,b2840ca73465a59983c9,0,False,pending
a16886306ea17093ad8a,3770dc9e457a40cdf875,0,False,pending
a16886306ea17093ad8a,2e3cb1acf03ca9ec49f3,2,False,pending
e8cc35ac455aa9baed96,0eff94b51784511c4656,2,False,pending
e8cc35ac455aa9baed96,191449046ebd0b8b1eb3,0,False,pending
e8cc35ac455aa9baed96,b2840ca73465a59983c9,2,False,pending
e8cc35ac455aa9baed96,3770dc9e457a40cdf875,2,False,pending
e8cc35ac455aa9baed96,2e3cb1acf03ca9ec49f3,4,False,pending
8a593b5e0586bcf13c67,9881bad0d7e879328ebf,3,False,pending
9881bad0d7e879328ebf,8b38b77e8edacc855780,3,False,pending
c3fff9dfc3b9f2003d5c,ccae127b88b09ea97172,4,False,pending
c3fff9dfc3b9f2003d5c,2777ef3d44c7cafa0dc1,4,False,pending
c3fff9dfc3b9f2003d5c,5ea452fe8b87faafad68,3,False,pending
6710d691b28b2d578798,187b14fce2a1bce496d8,3,False,pending
6710d691b28b2d578798,086b635ada751c8978fc,2,False,pending
6710d691b28b2d578798,2ef3449d335fd5b32709,3,False,pending
6710d691b28b2d578798,4cf835eee271adbecd1d,4,False,pending
6710d691b28b2d578798,cf5ee30e3a328f73d2ad,4,False,pending
6710d691b28b2d578798,cdd344de9beaef164b46,4,False,pending
6710d691b28b2d578798,5ea452fe8b87faafad68,3,False,pending
ea39fb015b69bccf27a5,cdd344de9beaef164b46,4,False,pending
187b14fce2a1bce496d8,0e2f06b22f039ac9f4e2,4,False,pending
187b14fce2a1bce496d8,086b635ada751c8978fc,3,False,pending
187b14fce2a1bce496d8,cdd344de9beaef164b46,1,False,pending
0e2f06b22f039ac9f4e2,086b635ada751c8978fc,3,False,pending
0e2f06b22f039ac9f4e2,2ef3449d335fd5b32709,4,False,pending
0e2f06b22f039ac9f4e2,4cf835eee271adbecd1d,3,False,pending
0e2f06b22f039ac9f4e2,bda6963937328358af40,3,False,pending
0e2f06b22f039ac9f4e2,cf5ee30e3a328f73d2ad,3,False,pending
0e2f06b22f039ac9f4e2,1ca73ac575462b206358,4,False,pending
086b635ada751c8978fc,2ef3449d335fd5b32709,3,False,pending
086b635ada751c8978fc,4cf835eee271adbecd1d,4,False,pending
086b635ada751c8978fc,cf5ee30e3a328f73d2ad,4,False,pending
086b635ada751c8978fc,cdd344de9beaef164b46,4,False,pending
086b635ada751c8978fc,5ea452fe8b87faafad68,3,False,pending
8b7e98f1d1b4dba7f562,2777ef3d44c7cafa0dc1,1,False,pending
8b7e98f1d1b4dba7f562,c34e316da47e6e0029c3,4,False,pending
8b7e98f1d1b4dba7f562,06755166e2bc0b62761b,3,False,pending
8b7e98f1d1b4dba7f562,c44a256a1912e70106e1,2,False,pending
8b7e98f1d1b4dba7f562,cbb7110b91a9370f192d,4,False,pending
8b7e98f1d1b4dba7f562,4eeed85a72c6346b6afe,3,False,pending
8b7e98f1d1b4dba7f562,713e93effb684abb7c81,2,False,pending
8b7e98f1d1b4dba7f562,5ea452fe8b87faafad68,4,False,pending
8b7e98f1d1b4dba7f562,b156b117ba2e4497ea91,3,False,pending
2777ef3d44c7cafa0dc1,06755166e2bc0b62761b,4,False,pending
2777ef3d44c7cafa0dc1,c44a256a1912e70106e1,3,False,pending
2777ef3d44c7cafa0dc1,4cf835eee271adbecd1d,4,False,pending
2777ef3d44c7cafa0dc1,4eeed85a72c6346b6afe,2,False,pending
2777ef3d44c7cafa0dc1,713e93effb684abb7c81,3,False,pending
2777ef3d44c7cafa0dc1,cf5ee30e3a328f73d2ad,4,False,pending
2777ef3d44c7cafa0dc1,5ea452fe8b87faafad68,3,False,pending
2777ef3d44c7cafa0dc1,b156b117ba2e4497ea91,2,False,pending
c34e316da47e6e0029c3,c44a256a1912e70106e1,4,False,pending
c34e316da47e6e0029c3,28b62f8f27ec343e82b7,2,False,pending
c34e316da47e6e0029c3,f4327f098222d348a83e,1,False,pending
c34e316da47e6e0029c3,058348024fb95672a137,1,False,pending
c34e316da47e6e0029c3,cbb7110b91a9370f192d,2,False,pending
c34e316da47e6e0029c3,dec5c7f142289df820c9,4,False,pending
c34e316da47e6e0029c3,9acdb53012b6fed5392f,3,False,pending
c34e316da47e6e0029c3,fc9124088143415d3338,3,False,pending
c34e316da47e6e0029c3,4c783ea20c97fbef577f,3,False,pending
c34e316da47e6e0029c3,f3f90f1453d381d73743,3,False,pending
c34e316da47e6e0029c3,713e93effb684abb7c81,4,False,pending
c34e316da47e6e0029c3,597830f41b5091ed7a26,4,False,pending
c34e316da47e6e0029c3,436e493650eddb7347a9,3,False,pending
06755166e2bc0b62761b,c44a256a1912e70106e1,1,False,pending
06755166e2bc0b62761b,4cf835eee271adbecd1d,4,False,pending
06755166e2bc0b62761b,4eeed85a72c6346b6afe,4,False,pending
06755166e2bc0b62761b,713e93effb684abb7c81,3,False,pending
06755166e2bc0b62761b,cf5ee30e3a328f73d2ad,4,False,pending
06755166e2bc0b62761b,b156b117ba2e4497ea91,4,False,pending
c44a256a1912e70106e1,4eeed85a72c6346b6afe,3,False,pending
c44a256a1912e70106e1,713e93effb684abb7c81,2,False,pending
c44a256a1912e70106e1,b156b117ba2e4497ea91,3,False,pending
28b62f8f27ec343e82b7,f4327f098222d348a83e,3,False,pending
28b62f8f27ec343e82b7,058348024fb95672a137,3,False,pending
28b62f8f27ec343e82b7,cbb7110b91a9370f192d,4,False,pending
28b62f8f27ec343e82b7,dec5c7f142289df820c9,4,False,pending
28b62f8f27ec343e82b7,c9c0587ca012821d5b64,4,False,pending
f4327f098222d348a83e,058348024fb95672a137,0,False,pending
f4327f098222d348a83e,cbb7110b91a9370f192d,3,False,pending
f4327f098222d348a83e,9acdb53012b6fed5392f,2,False,pending
f4327f098222d348a83e,fc9124088143415d3338,4,False,pending
f4327f098222d348a83e,b72f34bc6dab4fcd58aa,4,False,pending
f4327f098222d348a83e,4c783ea20c97fbef577f,2,False,pending
f4327f098222d348a83e,f3f90f1453d381d73743,4,False,pending
f4327f098222d348a83e,597830f41b5091ed7a26,3,False,pending
f4327f098222d348a83e,436e493650eddb7347a9,4,False,pending
058348024fb95672a137,cbb7110b91a9370f192d,3,False,pending
058348024fb95672a137,9acdb53012b6fed5392f,2,False,pending
058348024fb95672a137,fc9124088143415d3338,4,False,pending
058348024fb95672a137,b72f34bc6dab4fcd58aa,4,False,pending
058348024fb95672a137,4c783ea20c97fbef577f,2,False,pending
058348024fb95672a137,f3f90f1453d381d73743,4,False,pending
058348024fb95672a137,597830f41b5091ed7a26,3,False,pending
058348024fb95672a137,436e493650eddb7347a9,4,False,pending
cbb7110b91a9370f192d,f3f90f1453d381d73743,3,False,pending
cbb7110b91a9370f192d,713e93effb684abb7c81,4,False,pending
cbb7110b91a9370f192d,436e493650eddb7347a9,3,False,pending
2ef3449d335fd5b32709,4cf835eee271adbecd1d,3,False,pending
2ef3449d335fd5b32709,70b5093804a68f78b312,4,False,pending
2ef3449d335fd5b32709,cf5ee30e3a328f73d2ad,3,False,pending
2ef3449d335fd5b32709,5ea452fe8b87faafad68,4,False,pending
4cf835eee271adbecd1d,4eeed85a72c6346b6afe,4,False,pending
4cf835eee271adbecd1d,cf5ee30e3a328f73d2ad,2,False,pending
4cf835eee271adbecd1d,1ca73ac575462b206358,3,False,pending
4cf835eee271adbecd1d,b156b117ba2e4497ea91,4,False,pending
4eeed85a72c6346b6afe,f3f90f1453d381d73743,4,False,pending
4eeed85a72c6346b6afe,713e93effb684abb7c81,1,False,pending
4eeed85a72c6346b6afe,cf5ee30e3a328f73d2ad,4,False,pending
4eeed85a72c6346b6afe,b156b117ba2e4497ea91,0,False,pending
4eeed85a72c6346b6afe,436e493650eddb7347a9,4,False,pending
9acdb53012b6fed5392f,fc9124088143415d3338,4,False,pending
9acdb53012b6fed5392f,b72f34bc6dab4fcd58aa,4,False,pending
9acdb53012b6fed5392f,4c783ea20c97fbef577f,4,False,pending
9acdb53012b6fed5392f,597830f41b5091ed7a26,3,False,pending
dbbf8e7e09f38256486c,fc9124088143415d3338,3,False,pending
dbbf8e7e09f38256486c,b72f34bc6dab4fcd58aa,3,False,pending
dbbf8e7e09f38256486c,4c783ea20c97fbef577f,3,False,pending
dbbf8e7e09f38256486c,dec9129a3d55297f964e,4,False,pending
dbbf8e7e09f38256486c,f3f90f1453d381d73743,3,False,pending
dbbf8e7e09f38256486c,eb94d278af284ca46e8c,4,False,pending
dbbf8e7e09f38256486c,70c28f6f873410f38eab,4,False,pending
dbbf8e7e09f38256486c,597830f41b5091ed7a26,2,False,pending
dbbf8e7e09f38256486c,436e493650eddb7347a9,3,False,pending
dbbf8e7e09f38256486c,c7e23242b4d66f5bd7d8,3,False,pending
dbbf8e7e09f38256486c,c9c0587ca012821d5b64,4,False,pending
fc9124088143415d3338,b72f34bc6dab4fcd58aa,2,False,pending
fc9124088143415d3338,4c783ea20c97fbef577f,2,False,pending
fc9124088143415d3338,f3f90f1453d381d73743,4,False,pending
fc9124088143415d3338,eb94d278af284ca46e8c,3,False,pending
fc9124088143415d3338,597830f41b5091ed7a26,1,False,pending
fc9124088143415d3338,436e493650eddb7347a9,4,False,pending
fc9124088143415d3338,c7e23242b4d66f5bd7d8,2,False,pending
fc9124088143415d3338,c9c0587ca012821d5b64,3,False,pending
b72f34bc6dab4fcd58aa,4c783ea20c97fbef577f,2,False,pending
b72f34bc6dab4fcd58aa,70c28f6f873410f38eab,3,False,pending
b72f34bc6dab4fcd58aa,597830f41b5091ed7a26,1,False,pending
b72f34bc6dab4fcd58aa,c7e23242b4d66f5bd7d8,4,False,pending
b72f34bc6dab4fcd58aa,c9c0587ca012821d5b64,3,False,pending
4c783ea20c97fbef577f,f3f90f1453d381d73743,4,False,pending
4c783ea20c97fbef577f,e28e2eb6d7a830d6a74a,4,False,pending
4c783ea20c97fbef577f,70c28f6f873410f38eab,3,False,pending
4c783ea20c97fbef577f,597830f41b5091ed7a26,1,False,pending
4c783ea20c97fbef577f,436e493650eddb7347a9,4,False,pending
4c783ea20c97fbef577f,c7e23242b4d66f5bd7d8,4,False,pending
4c783ea20c97fbef577f,c9c0587ca012821d5b64,3,False,pending
dec9129a3d55297f964e,eb94d278af284ca46e8c,2,False,pending
dec9129a3d55297f964e,aff56542a7ec7567dd51,2,False,pending
dec9129a3d55297f964e,914b79feca392feba6c9,3,False,pending
dec9129a3d55297f964e,70c28f6f873410f38eab,4,False,pending
dec9129a3d55297f964e,294076963b122eae259d,4,False,pending
dec9129a3d55297f964e,c7e23242b4d66f5bd7d8,3,False,pending
f3f90f1453d381d73743,713e93effb684abb7c81,3,False,pending
f3f90f1453d381d73743,b156b117ba2e4497ea91,4,False,pending
f3f90f1453d381d73743,436e493650eddb7347a9,0,False,pending
f3f90f1453d381d73743,c7e23242b4d66f5bd7d8,4,False,pending
713e93effb684abb7c81,b156b117ba2e4497ea91,1,False,pending
713e93effb684abb7c81,436e493650eddb7347a9,3,False,pending
eb94d278af284ca46e8c,aff56542a7ec7567dd51,2,False,pending
eb94d278af284ca46e8c,597830f41b5091ed7a26,4,False,pending
eb94d278af284ca46e8c,294076963b122eae259d,4,False,pending
eb94d278af284ca46e8c,c7e23242b4d66f5bd7d8,1,False,pending
aff56542a7ec7567dd51,914b79feca392feba6c9,3,False,pending
aff56542a7ec7567dd51,294076963b122eae259d,4,False,pending
aff56542a7ec7567dd51,c7e23242b4d66f5bd7d8,3,False,pending
914b79feca392feba6c9,0a158e82c9ad42bc8184,3,False,pending
914b79feca392feba6c9,294076963b122eae259d,3,False,pending
914b79feca392feba6c9,bfa4b3e7eac7af4297a7,4,False,pending
0a158e82c9ad42bc8184,294076963b122eae259d,4,False,pending
45855ef89ec3bf0fc6a7,b7447f4a36761f662107,1,False,pending
45855ef89ec3bf0fc6a7,dea91990a9dfa5a368ff,2,False,pending
45855ef89ec3bf0fc6a7,5109113c767c12433558,2,False,pending
45855ef89ec3bf0fc6a7,4931d14f9c6617657eed,2,False,pending
45855ef89ec3bf0fc6a7,4fa7e1463da2e2d65b20,3,False,pending
45855ef89ec3bf0fc6a7,65a75746c301d11c516a,3,False,pending
45855ef89ec3bf0fc6a7,4be5b95d2df095a074d5,2,False,pending
b7447f4a36761f662107,dea91990a9dfa5a368ff,3,False,pending
b7447f4a36761f662107,5109113c767c12433558,1,False,pending
b7447f4a36761f662107,4931d14f9c6617657eed,1,False,pending
b7447f4a36761f662107,4fa7e1463da2e2d65b20,4,False,pending
b7447f4a36761f662107,65a75746c301d11c516a,4,False,pending
b7447f4a36761f662107,4be5b95d2df095a074d5,1,False,pending
dea91990a9dfa5a368ff,5109113c767c12433558,2,False,pending
dea91990a9dfa5a368ff,4931d14f9c6617657eed,2,False,pending
dea91990a9dfa5a368ff,1ca73ac575462b206358,4,False,pending
dea91990a9dfa5a368ff,4be5b95d2df095a074d5,2,False,pending
5109113c767c12433558,4931d14f9c6617657eed,0,False,pending
5109113c767c12433558,1ca73ac575462b206358,4,False,pending
4931d14f9c6617657eed,1ca73ac575462b206358,4,False,pending
4931d14f9c6617657eed,4be5b95d2df095a074d5,0,False,pending
8e90658aa570bac46e7c,2c6d960cce2c4e44b03b,3,False,pending
4fa7e1463da2e2d65b20,65a75746c301d11c516a,0,False,pending
e28e2eb6d7a830d6a74a,c9c0587ca012821d5b64,3,False,pending
70c28f6f873410f38eab,597830f41b5091ed7a26,4,False,pending
292c984e42cdc944497f,028f0e7c680aa75c750a,4,False,pending
49ee7cf6fd0f5c4a0c45,028f0e7c680aa75c750a,4,False,pending
bda6963937328358af40,028f0e7c680aa75c750a,2,False,pending
bda6963937328358af40,cf5ee30e3a328f73d2ad,4,False,pending
bda6963937328358af40,1ca73ac575462b206358,3,False,pending
028f0e7c680aa75c750a,cf5ee30e3a328f73d2ad,4,False,pending
028f0e7c680aa75c750a,1ca73ac575462b206358,3,False,pending
cf5ee30e3a328f73d2ad,6511e0bd567684d8ac69,4,False,pending
cf5ee30e3a328f73d2ad,b156b117ba2e4497ea91,4,False,pending
1ca73ac575462b206358,0f3abedc666f6c540cc5,3,False,pending
1ca73ac575462b206358,4be5b95d2df095a074d5,4,False,pending
5e831b00d038a5421cc6,d173930cb3b470ebe786,4,False,pending
fa50adfa3ecfd2096dff,d173930cb3b470ebe786,3,False,pending
e50a667563cbacc7015a,ef4420a7690163d482ba,2,False,pending
16f56e488d6e2e8b5057,8e3beae442f894da7450,4,False,pending
f122d838523db1356dce,3929c0a3aed813fc9ba2,4,False,pending
d6fa823e974eb39811a3,0b377fbb81f0b71b6e2b,0,False,pending
d6fa823e974eb39811a3,3929c0a3aed813fc9ba2,3,False,pending
0b377fbb81f0b71b6e2b,3929c0a3aed813fc9ba2,3,False,pending
3929c0a3aed813fc9ba2,4b64f2574cba2afc291c,3,False,pending
c3a64f7db4b1884fac6b,4b64f2574cba2afc291c,4,False,pending
6a491ae05e0efbdb7fb5,3843fd6935c2d089fe42,4,False,pending
6a491ae05e0efbdb7fb5,f9b53a9fb46e85e19d58,4,False,pending
84e251e02f073e522203,b7eed383e3496e344b10,3,False,pending
84e251e02f073e522203,41e21646bfd2ec43f2c5,3,False,pending
b7eed383e3496e344b10,011f932540b783ae47da,3,False,pending
89ee6f0badb340e8e46a,1ae2eb8d41e6c1be706e,4,False,pending
89ee6f0badb340e8e46a,f70e2a7199595c4e08e3,3,False,pending
89ee6f0badb340e8e46a,ba55ad1fbfe02964709b,3,False,pending
89ee6f0badb340e8e46a,0aa2898c5d4a62c3e12f,4,False,pending
1ae2eb8d41e6c1be706e,f70e2a7199595c4e08e3,3,False,pending
1ae2eb8d41e6c1be706e,ba55ad1fbfe02964709b,3,False,pending
1ae2eb8d41e6c1be706e,c7e23242b4d66f5bd7d8,4,False,pending
f70e2a7199595c4e08e3,9e59d2f830c0b7c7bb06,4,False,pending
f70e2a7199595c4e08e3,5a4bcacb9d423eec6092,4,False,pending
f70e2a7199595c4e08e3,0aa2898c5d4a62c3e12f,3,False,pending
ba55ad1fbfe02964709b,9e59d2f830c0b7c7bb06,4,False,pending
ba55ad1fbfe02964709b,5a4bcacb9d423eec6092,4,False,pending
ba55ad1fbfe02964709b,0aa2898c5d4a62c3e12f,3,False,pending
791fad15f94cf628409f,caed1cf67bfc2683d41c,4,False,pending
498c2d6f50df5c9df62e,f953322614737a334a17,4,False,pending
a50e6dbc8abf299fdaae,f953322614737a334a17,3,False,pending
073c2ee06453cdd71d86,ee031f6e262f1a20860f,4,False,pending
073c2ee06453cdd71d86,e71b8c8345b50080357d,4,False,pending
073c2ee06453cdd71d86,137980afb953ced4a987,3,False,pending
073c2ee06453cdd71d86,0760f7b3a18d0ab11c30,3,False,pending
52a73c7a58e21196d1df,e71b8c8345b50080357d,4,False,pending
ee031f6e262f1a20860f,137980afb953ced4a987,3,False,pending
ee031f6e262f1a20860f,0760f7b3a18d0ab11c30,3,False,pending
ee031f6e262f1a20860f,c46fbc225c42585834c9,3,False,pending
e71b8c8345b50080357d,137980afb953ced4a987,3,False,pending
137980afb953ced4a987,0760f7b3a18d0ab11c30,2,False,pending
137980afb953ced4a987,a2d9e8a36ac4c602ed76,4,False,pending
0760f7b3a18d0ab11c30,a2d9e8a36ac4c602ed76,2,False,pending
0760f7b3a18d0ab11c30,875a2273b10cabf1f860,4,False,pending
07c5fc18448c12e4d63a,caed1cf67bfc2683d41c,3,False,pending
caed1cf67bfc2683d41c,32dd54135891c3cb80e4,3,False,pending
a2d9e8a36ac4c602ed76,875a2273b10cabf1f860,4,False,pending
4c974d5e8aafbc2a5071,0305ab8e9754b742ad25,4,False,pending
4c974d5e8aafbc2a5071,90417d964dfb59985b34,4,False,pending
86bc36d8b8b9e7c0c0c5,9851716cd01373c626c0,4,False,pending
86bc36d8b8b9e7c0c0c5,151e2725e228dc5e1e4e,4,False,pending
2a021402c05af70e0ccb,9851716cd01373c626c0,4,False,pending
2a021402c05af70e0ccb,151e2725e228dc5e1e4e,4,False,pending
76811acd1eaef493548a,3466bb17779ce56447bf,1,False,pending
76811acd1eaef493548a,58380e9cdf34a327d3cd,1,False,pending
76811acd1eaef493548a,0305ab8e9754b742ad25,4,False,pending
76811acd1eaef493548a,90417d964dfb59985b34,4,False,pending
18cbf2cbe851e42e887f,3466bb17779ce56447bf,1,False,pending
18cbf2cbe851e42e887f,58380e9cdf34a327d3cd,1,False,pending
18cbf2cbe851e42e887f,0305ab8e9754b742ad25,4,False,pending
18cbf2cbe851e42e887f,90417d964dfb59985b34,4,False,pending
0305ab8e9754b742ad25,0d3f8171d7e0b91af356,4,False,pending
2356d9c5de45d3c0b2cc,a19356f170c167db31d7,4,False,pending
2356d9c5de45d3c0b2cc,dc718b8c5d208ba9ddb7,4,False,pending
2356d9c5de45d3c0b2cc,6a84a1d8e6ed7e234662,4,False,pending
2356d9c5de45d3c0b2cc,c084e0fb618a458997ed,4,False,pending
bcb970a48d924d3ffe87,a19356f170c167db31d7,4,False,pending
bcb970a48d924d3ffe87,dc718b8c5d208ba9ddb7,4,False,pending
bcb970a48d924d3ffe87,6a84a1d8e6ed7e234662,4,False,pending
bcb970a48d924d3ffe87,c084e0fb618a458997ed,4,False,pending
a19356f170c167db31d7,dc718b8c5d208ba9ddb7,2,False,pending
a19356f170c167db31d7,71ace4935886eb3622e2,3,False,pending
a19356f170c167db31d7,af450456ebfcaf9977df,4,False,pending
a19356f170c167db31d7,988b90baca2493621aab,4,False,pending
a19356f170c167db31d7,c084e0fb618a458997ed,2,False,pending
a19356f170c167db31d7,0ecb6985266d0ae6edba,3,False,pending
dc718b8c5d208ba9ddb7,af450456ebfcaf9977df,4,False,pending
dc718b8c5d208ba9ddb7,988b90baca2493621aab,4,False,pending
dc718b8c5d208ba9ddb7,6a84a1d8e6ed7e234662,2,False,pending
71ace4935886eb3622e2,6a84a1d8e6ed7e234662,3,False,pending
af450456ebfcaf9977df,6a84a1d8e6ed7e234662,4,False,pending
af450456ebfcaf9977df,c084e0fb618a458997ed,4,False,pending
988b90baca2493621aab,6a84a1d8e6ed7e234662,4,False,pending
988b90baca2493621aab,c084e0fb618a458997ed,4,False,pending
673cb7fbc3a209f730f5,f84c5ad16916dc041c1d,3,False,pending
8d28640a30a9e144a281,4fb261ec3c56693b442b,2,False,pending
3bb76bdc5e5902fbeea2,b851f6ac4d67a132dd9b,3,False,pending
5f955a0ad23f67df79ed,8ae957f2acfdaa595905,4,False,pending
5f955a0ad23f67df79ed,244f4a7e6dc8496fe312,4,False,pending
5f955a0ad23f67df79ed,4e4de07921fd2f9ee453,1,False,pending
d640a7a48f3b307ac380,c05397a2b67f2a4368e9,4,False,pending
d640a7a48f3b307ac380,5c97c7e7e4df72530597,3,False,pending
16fd03bab492281d0bee,c05397a2b67f2a4368e9,4,False,pending
16fd03bab492281d0bee,5c97c7e7e4df72530597,3,False,pending
1af0f21e0a6549c17394,5c97c7e7e4df72530597,2,False,pending
1af0f21e0a6549c17394,963fec2a4f00c73c5f6e,3,False,pending
1d382e383aaa56d8a8f5,8ae957f2acfdaa595905,2,False,pending
1d382e383aaa56d8a8f5,8c7ad0297985e01f7c48,4,False,pending
1d382e383aaa56d8a8f5,963fec2a4f00c73c5f6e,4,False,pending
1d382e383aaa56d8a8f5,5bf4f67ac535ceb382b0,3,False,pending
8ae957f2acfdaa595905,8c7ad0297985e01f7c48,4,False,pending
8ae957f2acfdaa595905,4e4de07921fd2f9ee453,3,False,pending
8ae957f2acfdaa595905,5bf4f67ac535ceb382b0,3,False,pending
ed467d02234c376b5213,bd50ad4f11891e857f18,3,False,pending
ed467d02234c376b5213,d8cf5946a3e725ef73fd,4,False,pending
ed467d02234c376b5213,651c7db8427aaf2cee9f,4,False,pending
ed467d02234c376b5213,baf50164c778bf11f472,1,False,pending
2c71eb5e27aea6556fde,bd50ad4f11891e857f18,2,False,pending
2c71eb5e27aea6556fde,6112922199ed84641d65,4,False,pending
2c71eb5e27aea6556fde,d8cf5946a3e725ef73fd,1,False,pending
2c71eb5e27aea6556fde,6137e63e8b91916290b4,3,False,pending
2c71eb5e27aea6556fde,433001cc421372c9f259,3,False,pending
2c71eb5e27aea6556fde,cdc2e99a52bc2c4bf5cc,3,False,pending
2c71eb5e27aea6556fde,745810cb9e2954abbffd,4,False,pending
2c71eb5e27aea6556fde,d5ec6660590df3bed395,2,False,pending
2c71eb5e27aea6556fde,651c7db8427aaf2cee9f,3,False,pending
2c71eb5e27aea6556fde,baf50164c778bf11f472,4,False,pending
bd50ad4f11891e857f18,6112922199ed84641d65,4,False,pending
bd50ad4f11891e857f18,d8cf5946a3e725ef73fd,3,False,pending
bd50ad4f11891e857f18,6137e63e8b91916290b4,3,False,pending
bd50ad4f11891e857f18,433001cc421372c9f259,3,False,pending
bd50ad4f11891e857f18,cdc2e99a52bc2c4bf5cc,3,False,pending
bd50ad4f11891e857f18,745810cb9e2954abbffd,2,False,pending
bd50ad4f11891e857f18,d5ec6660590df3bed395,2,False,pending
bd50ad4f11891e857f18,651c7db8427aaf2cee9f,3,False,pending
bd50ad4f11891e857f18,baf50164c778bf11f472,2,False,pending
b7c940409acdeced368b,8709e836f43612d91122,2,False,pending
b7c940409acdeced368b,923f0685fc54faf772f9,3,False,pending
b7c940409acdeced368b,08fa112a6332342ffaac,4,False,pending
8709e836f43612d91122,8eb3dfdbea0bad57d22f,4,False,pending
8709e836f43612d91122,923f0685fc54faf772f9,3,False,pending
c05397a2b67f2a4368e9,5c97c7e7e4df72530597,3,False,pending
c05397a2b67f2a4368e9,963fec2a4f00c73c5f6e,4,False,pending
c05397a2b67f2a4368e9,ca40e3725eb0067a8a81,3,False,pending
6112922199ed84641d65,68ccb19e03174361d701,4,False,pending
6112922199ed84641d65,617c3214e1c5631dd291,4,False,pending
6112922199ed84641d65,52ebdf255272a4ab62e0,4,False,pending
6112922199ed84641d65,244f4a7e6dc8496fe312,4,False,pending
6112922199ed84641d65,8c7ad0297985e01f7c48,2,False,pending
6112922199ed84641d65,6137e63e8b91916290b4,3,False,pending
6112922199ed84641d65,433001cc421372c9f259,3,False,pending
6112922199ed84641d65,cdc2e99a52bc2c4bf5cc,3,False,pending
6112922199ed84641d65,d5ec6660590df3bed395,4,False,pending
6112922199ed84641d65,0a2198a7076c4bd295d1,4,False,pending
6112922199ed84641d65,651c7db8427aaf2cee9f,3,False,pending
6112922199ed84641d65,5bf4f67ac535ceb382b0,3,False,pending
8eb3dfdbea0bad57d22f,963fec2a4f00c73c5f6e,4,False,pending
d8cf5946a3e725ef73fd,6137e63e8b91916290b4,4,False,pending
d8cf5946a3e725ef73fd,433001cc421372c9f259,4,False,pending
d8cf5946a3e725ef73fd,cdc2e99a52bc2c4bf5cc,4,False,pending
d8cf5946a3e725ef73fd,d5ec6660590df3bed395,3,False,pending
d8cf5946a3e725ef73fd,651c7db8427aaf2cee9f,2,False,pending
d8cf5946a3e725ef73fd,923f0685fc54faf772f9,4,False,pending
d8cf5946a3e725ef73fd,5bf4f67ac535ceb382b0,4,False,pending
b72bc4813e8d2b64f2cb,bc06c4b7c6f5ffc6cadc,4,False,pending
36a0028d50cfeaede050,5cab9a074101644a3efa,4,False,pending
36a0028d50cfeaede050,fc6aa6fdff30255a7089,4,False,pending
36a0028d50cfeaede050,f2322005f356c908c169,4,False,pending
5cab9a074101644a3efa,cb3aa744758caf76df94,4,False,pending
5cab9a074101644a3efa,140cca83a9eb68df4c33,4,False,pending
5cab9a074101644a3efa,bc1bd53dd277ae4dc00e,2,False,pending
5cab9a074101644a3efa,6f51b93318b5422e4c65,2,False,pending
5cab9a074101644a3efa,fc6aa6fdff30255a7089,2,False,pending
5cab9a074101644a3efa,25347ba6b26de3311865,3,False,pending
5cab9a074101644a3efa,7ac559a0b624227d89ad,3,False,pending
5cab9a074101644a3efa,759d0b3a88d2fa09c22e,4,False,pending
5cab9a074101644a3efa,f2322005f356c908c169,2,False,pending
5cab9a074101644a3efa,df14a7a5a5e88b0e5bcd,4,False,pending
cb3aa744758caf76df94,140cca83a9eb68df4c33,0,False,pending
cb3aa744758caf76df94,25347ba6b26de3311865,3,False,pending
cb3aa744758caf76df94,119abaa9f0be0c5ff99c,4,False,pending
140cca83a9eb68df4c33,25347ba6b26de3311865,3,False,pending
140cca83a9eb68df4c33,119abaa9f0be0c5ff99c,4,False,pending
861d08004d3c7052e7a4,25347ba6b26de3311865,4,False,pending
bc1bd53dd277ae4dc00e,6f51b93318b5422e4c65,2,False,pending
bc1bd53dd277ae4dc00e,fc6aa6fdff30255a7089,4,False,pending
bc1bd53dd277ae4dc00e,f2322005f356c908c169,4,False,pending
bc1bd53dd277ae4dc00e,df14a7a5a5e88b0e5bcd,4,False,pending
6f51b93318b5422e4c65,fc6aa6fdff30255a7089,4,False,pending
6f51b93318b5422e4c65,7ac559a0b624227d89ad,3,False,pending
6f51b93318b5422e4c65,759d0b3a88d2fa09c22e,4,False,pending
6f51b93318b5422e4c65,f2322005f356c908c169,2,False,pending
6f51b93318b5422e4c65,df14a7a5a5e88b0e5bcd,2,False,pending
fc6aa6fdff30255a7089,7ac559a0b624227d89ad,3,False,pending
fc6aa6fdff30255a7089,759d0b3a88d2fa09c22e,4,False,pending
fc6aa6fdff30255a7089,cdb505a5c4e4432c95ec,4,False,pending
fc6aa6fdff30255a7089,c1b824ceba4f61ab5ff0,3,False,pending
fc6aa6fdff30255a7089,f2322005f356c908c169,4,False,pending
fc6aa6fdff30255a7089,df14a7a5a5e88b0e5bcd,4,False,pending
fc6aa6fdff30255a7089,571ca669b2e6640f52a0,3,False,pending
25347ba6b26de3311865,119abaa9f0be0c5ff99c,3,False,pending
7ac559a0b624227d89ad,759d0b3a88d2fa09c22e,1,False,pending
7ac559a0b624227d89ad,68ccb19e03174361d701,4,False,pending
7ac559a0b624227d89ad,a19afc9c3d581ccb69bb,3,False,pending
7ac559a0b624227d89ad,cdb505a5c4e4432c95ec,3,False,pending
7ac559a0b624227d89ad,c1b824ceba4f61ab5ff0,2,False,pending
7ac559a0b624227d89ad,0143e9f7ec6ddf243627,4,False,pending
7ac559a0b624227d89ad,f64760d4059967f493a7,4,False,pending
7ac559a0b624227d89ad,f2322005f356c908c169,3,False,pending
7ac559a0b624227d89ad,52ebdf255272a4ab62e0,4,False,pending
7ac559a0b624227d89ad,df14a7a5a5e88b0e5bcd,3,False,pending
7ac559a0b624227d89ad,571ca669b2e6640f52a0,2,False,pending
7ac559a0b624227d89ad,b265f9a9921bc3d6a403,4,False,pending
759d0b3a88d2fa09c22e,68ccb19e03174361d701,3,False,pending
759d0b3a88d2fa09c22e,a19afc9c3d581ccb69bb,4,False,pending
759d0b3a88d2fa09c22e,cdb505a5c4e4432c95ec,4,False,pending
759d0b3a88d2fa09c22e,c1b824ceba4f61ab5ff0,3,False,pending
759d0b3a88d2fa09c22e,f2322005f356c908c169,4,False,pending
759d0b3a88d2fa09c22e,52ebdf255272a4ab62e0,3,False,pending
759d0b3a88d2fa09c22e,df14a7a5a5e88b0e5bcd,2,False,pending
759d0b3a88d2fa09c22e,571ca669b2e6640f52a0,3,False,pending
68ccb19e03174361d701,a19afc9c3d581ccb69bb,3,False,pending
68ccb19e03174361d701,0143e9f7ec6ddf243627,4,False,pending
68ccb19e03174361d701,f64760d4059967f493a7,4,False,pending
68ccb19e03174361d701,617c3214e1c5631dd291,4,False,pending
68ccb19e03174361d701,52ebdf255272a4ab62e0,2,False,pending
68ccb19e03174361d701,244f4a7e6dc8496fe312,4,False,pending
68ccb19e03174361d701,8c7ad0297985e01f7c48,4,False,pending
68ccb19e03174361d701,6137e63e8b91916290b4,3,False,pending
68ccb19e03174361d701,433001cc421372c9f259,3,False,pending
68ccb19e03174361d701,cdc2e99a52bc2c4bf5cc,3,False,pending
68ccb19e03174361d701,0a2198a7076c4bd295d1,4,False,pending
68ccb19e03174361d701,3dbf303aefe1ba68357e,3,False,pending
68ccb19e03174361d701,c813aab3ecd44e6ad93b,4,False,pending
68ccb19e03174361d701,b265f9a9921bc3d6a403,4,False,pending
a19afc9c3d581ccb69bb,cdb505a5c4e4432c95ec,4,False,pending
a19afc9c3d581ccb69bb,b3f971f7b5c7df61c891,3,False,pending
a19afc9c3d581ccb69bb,0143e9f7ec6ddf243627,1,False,pending
a19afc9c3d581ccb69bb,f64760d4059967f493a7,1,False,pending
a19afc9c3d581ccb69bb,a678fd0760c974e2f0e1,3,False,pending
a19afc9c3d581ccb69bb,f2322005f356c908c169,4,False,pending
a19afc9c3d581ccb69bb,52ebdf255272a4ab62e0,1,False,pending
a19afc9c3d581ccb69bb,8c7ad0297985e01f7c48,3,False,pending
a19afc9c3d581ccb69bb,3dbf303aefe1ba68357e,2,False,pending
a19afc9c3d581ccb69bb,f18fecad181d9e6a6ea4,3,False,pending
a19afc9c3d581ccb69bb,c813aab3ecd44e6ad93b,3,False,pending
a19afc9c3d581ccb69bb,a473364c52013dfa23f5,4,False,pending
a19afc9c3d581ccb69bb,27c0cd78316a24cea48e,2,False,pending
a19afc9c3d581ccb69bb,b265f9a9921bc3d6a403,1,False,pending
cdb505a5c4e4432c95ec,c1b824ceba4f61ab5ff0,1,False,pending
cdb505a5c4e4432c95ec,571ca669b2e6640f52a0,1,False,pending
c1b824ceba4f61ab5ff0,571ca669b2e6640f52a0,0,False,pending
b3f971f7b5c7df61c891,0143e9f7ec6ddf243627,2,False,pending
b3f971f7b5c7df61c891,f64760d4059967f493a7,2,False,pending
b3f971f7b5c7df61c891,a678fd0760c974e2f0e1,4,False,pending
b3f971f7b5c7df61c891,52ebdf255272a4ab62e0,4,False,pending
b3f971f7b5c7df61c891,6b0bed58484c783e56c7,4,False,pending
b3f971f7b5c7df61c891,0da40567493a05a177f7,3,False,pending
b3f971f7b5c7df61c891,f18fecad181d9e6a6ea4,4,False,pending
b3f971f7b5c7df61c891,a473364c52013dfa23f5,3,False,pending
b3f971f7b5c7df61c891,27c0cd78316a24cea48e,3,False,pending
b3f971f7b5c7df61c891,b265f9a9921bc3d6a403,2,False,pending
b3f971f7b5c7df61c891,132605278b7d28016192,4,False,pending
b3f971f7b5c7df61c891,7966becb186755884ea1,4,False,pending
0143e9f7ec6ddf243627,a678fd0760c974e2f0e1,2,False,pending
0143e9f7ec6ddf243627,52ebdf255272a4ab62e0,2,False,pending
0143e9f7ec6ddf243627,8c7ad0297985e01f7c48,4,False,pending
0143e9f7ec6ddf243627,3dbf303aefe1ba68357e,3,False,pending
0143e9f7ec6ddf243627,f18fecad181d9e6a6ea4,2,False,pending
0143e9f7ec6ddf243627,c813aab3ecd44e6ad93b,4,False,pending
0143e9f7ec6ddf243627,a473364c52013dfa23f5,3,False,pending
0143e9f7ec6ddf243627,27c0cd78316a24cea48e,1,False,pending
0143e9f7ec6ddf243627,b265f9a9921bc3d6a403,2,False,pending
f64760d4059967f493a7,a678fd0760c974e2f0e1,2,False,pending
f64760d4059967f493a7,52ebdf255272a4ab62e0,2,False,pending
f64760d4059967f493a7,8c7ad0297985e01f7c48,4,False,pending
f64760d4059967f493a7,3dbf303aefe1ba68357e,3,False,pending
f64760d4059967f493a7,f18fecad181d9e6a6ea4,2,False,pending
f64760d4059967f493a7,c813aab3ecd44e6ad93b,4,False,pending
f64760d4059967f493a7,a473364c52013dfa23f5,3,False,pending
f64760d4059967f493a7,27c0cd78316a24cea48e,1,False,pending
f64760d4059967f493a7,b265f9a9921bc3d6a403,2,False,pending
a678fd0760c974e2f0e1,52ebdf255272a4ab62e0,4,False,pending
a678fd0760c974e2f0e1,f18fecad181d9e6a6ea4,2,False,pending
a678fd0760c974e2f0e1,a473364c52013dfa23f5,3,False,pending
a678fd0760c974e2f0e1,27c0cd78316a24cea48e,3,False,pending
a678fd0760c974e2f0e1,b265f9a9921bc3d6a403,4,False,pending
617c3214e1c5631dd291,52ebdf255272a4ab62e0,4,False,pending
617c3214e1c5631dd291,8c7ad0297985e01f7c48,2,False,pending
617c3214e1c5631dd291,6137e63e8b91916290b4,3,False,pending
617c3214e1c5631dd291,433001cc421372c9f259,3,False,pending
617c3214e1c5631dd291,cdc2e99a52bc2c4bf5cc,3,False,pending
617c3214e1c5631dd291,f0bdee2819912caef661,4,False,pending
617c3214e1c5631dd291,4a99ce1e12fbf775759e,4,False,pending
617c3214e1c5631dd291,cbd1fbbb4c858ffca0d3,4,False,pending
617c3214e1c5631dd291,0a2198a7076c4bd295d1,4,False,pending
617c3214e1c5631dd291,5448785d6bcce9b60bd4,4,False,pending
617c3214e1c5631dd291,b265f9a9921bc3d6a403,4,False,pending
617c3214e1c5631dd291,d200889af0cd34953b1f,3,False,pending
f2322005f356c908c169,244f4a7e6dc8496fe312,3,False,pending
f2322005f356c908c169,df14a7a5a5e88b0e5bcd,4,False,pending
52ebdf255272a4ab62e0,244f4a7e6dc8496fe312,4,False,pending
52ebdf255272a4ab62e0,8c7ad0297985e01f7c48,2,False,pending
52ebdf255272a4ab62e0,0a2198a7076c4bd295d1,4,False,pending
52ebdf255272a4ab62e0,3dbf303aefe1ba68357e,3,False,pending
52ebdf255272a4ab62e0,f18fecad181d9e6a6ea4,4,False,pending
52ebdf255272a4ab62e0,c813aab3ecd44e6ad93b,2,False,pending
52ebdf255272a4ab62e0,27c0cd78316a24cea48e,3,False,pending
52ebdf255272a4ab62e0,b265f9a9921bc3d6a403,2,False,pending
244f4a7e6dc8496fe312,8c7ad0297985e01f7c48,4,False,pending
6bc27eda1fc6fe12fd44,30d3cd4cc9a7ce54a77c,0,False,pending
6bc27eda1fc6fe12fd44,424911e1c5853e8987fe,3,False,pending
30d3cd4cc9a7ce54a77c,424911e1c5853e8987fe,3,False,pending
8c7ad0297985e01f7c48,6137e63e8b91916290b4,3,False,pending
8c7ad0297985e01f7c48,433001cc421372c9f259,3,False,pending
8c7ad0297985e01f7c48,cdc2e99a52bc2c4bf5cc,3,False,pending
8c7ad0297985e01f7c48,4a99ce1e12fbf775759e,4,False,pending
8c7ad0297985e01f7c48,cbd1fbbb4c858ffca0d3,4,False,pending
8c7ad0297985e01f7c48,0a2198a7076c4bd295d1,4,False,pending
8c7ad0297985e01f7c48,c813aab3ecd44e6ad93b,4,False,pending
8c7ad0297985e01f7c48,b265f9a9921bc3d6a403,4,False,pending
8c7ad0297985e01f7c48,5bf4f67ac535ceb382b0,3,False,pending
6137e63e8b91916290b4,cdc2e99a52bc2c4bf5cc,0,False,pending
6137e63e8b91916290b4,d5ec6660590df3bed395,3,False,pending
6137e63e8b91916290b4,c95f71b8878058b16a37,2,False,pending
6137e63e8b91916290b4,651c7db8427aaf2cee9f,2,False,pending
6137e63e8b91916290b4,5bf4f67ac535ceb382b0,2,False,pending
6137e63e8b91916290b4,d200889af0cd34953b1f,4,False,pending
433001cc421372c9f259,cdc2e99a52bc2c4bf5cc,0,False,pending
433001cc421372c9f259,d5ec6660590df3bed395,3,False,pending
433001cc421372c9f259,c95f71b8878058b16a37,2,False,pending
433001cc421372c9f259,651c7db8427aaf2cee9f,2,False,pending
433001cc421372c9f259,5bf4f67ac535ceb382b0,2,False,pending
433001cc421372c9f259,d200889af0cd34953b1f,4,False,pending
cdc2e99a52bc2c4bf5cc,d5ec6660590df3bed395,3,False,pending
cdc2e99a52bc2c4bf5cc,c95f71b8878058b16a37,2,False,pending
cdc2e99a52bc2c4bf5cc,651c7db8427aaf2cee9f,2,False,pending
cdc2e99a52bc2c4bf5cc,5bf4f67ac535ceb382b0,2,False,pending
cdc2e99a52bc2c4bf5cc,d200889af0cd34953b1f,4,False,pending
745810cb9e2954abbffd,d5ec6660590df3bed395,2,False,pending
745810cb9e2954abbffd,fd642d59d39859aa5f34,4,False,pending
745810cb9e2954abbffd,97ca381a93c5a7964be7,4,False,pending
745810cb9e2954abbffd,baf50164c778bf11f472,4,False,pending
745810cb9e2954abbffd,cc6c1505a609f92ec10a,3,False,pending
d5ec6660590df3bed395,5e7b7ff8f9b72d5e1c84,4,False,pending
d5ec6660590df3bed395,fd642d59d39859aa5f34,4,False,pending
d5ec6660590df3bed395,97ca381a93c5a7964be7,4,False,pending
d5ec6660590df3bed395,651c7db8427aaf2cee9f,3,False,pending
d5ec6660590df3bed395,baf50164c778bf11f472,4,False,pending
d5ec6660590df3bed395,cc6c1505a609f92ec10a,3,False,pending
4cfd0455f17437c1b51b,ef03e899d6916a4f3740,2,False,pending
4cfd0455f17437c1b51b,57be040b50c4456e546f,2,False,pending
4cfd0455f17437c1b51b,d6fcc9c996f88b0bbfbf,2,False,pending
4cfd0455f17437c1b51b,7bc014abafa3ab1a93b2,4,False,pending
4cfd0455f17437c1b51b,4899474f6624448339d5,4,False,pending
4cfd0455f17437c1b51b,96775373faac02314154,3,False,pending
4cfd0455f17437c1b51b,74f3024730c0ae36d0c3,3,False,pending
4cfd0455f17437c1b51b,3e55c098af89198717c9,2,False,pending
4cfd0455f17437c1b51b,2b87534f02a9823ac8d8,4,False,pending
4cfd0455f17437c1b51b,9a5972ea25e051f0cb48,4,False,pending
4cfd0455f17437c1b51b,76122c9f61b8750e4c62,3,False,pending
4cfd0455f17437c1b51b,046859c1c2fd9654f242,3,False,pending
4cfd0455f17437c1b51b,8e9e43a515d09fbbb50d,4,False,pending
4cfd0455f17437c1b51b,29e20af7223f62d58366,4,False,pending
4cfd0455f17437c1b51b,1906ae5373b7dbf959c3,4,False,pending
4cfd0455f17437c1b51b,d941796a03bd4903bd9e,3,False,pending
4cfd0455f17437c1b51b,39d97fe3a4a580c8525f,4,False,pending
3a713071b7f29d69ca6e,781b03371eb909e22545,4,False,pending
3a713071b7f29d69ca6e,74f3024730c0ae36d0c3,4,False,pending
3a713071b7f29d69ca6e,3e55c098af89198717c9,3,False,pending
3a713071b7f29d69ca6e,76122c9f61b8750e4c62,4,False,pending
3a713071b7f29d69ca6e,046859c1c2fd9654f242,4,False,pending
3a713071b7f29d69ca6e,d941796a03bd4903bd9e,4,False,pending
c44996ca8f6483a5086f,d51085bdc1ae5ec6846b,4,False,pending
c44996ca8f6483a5086f,6a936563634881187215,4,False,pending
d51085bdc1ae5ec6846b,012d8d5f251a0318a330,4,False,pending
d51085bdc1ae5ec6846b,e428bb69935cfa93a9a4,4,False,pending
d51085bdc1ae5ec6846b,d633d002695da6d897d6,4,False,pending
6a936563634881187215,012d8d5f251a0318a330,4,False,pending
6a936563634881187215,e428bb69935cfa93a9a4,4,False,pending
6a936563634881187215,d633d002695da6d897d6,4,False,pending
781b03371eb909e22545,14802deb03224c6a1460,2,False,pending
781b03371eb909e22545,ef03e899d6916a4f3740,3,False,pending
781b03371eb909e22545,57be040b50c4456e546f,3,False,pending
781b03371eb909e22545,7a4dd69ae21830332880,4,False,pending
781b03371eb909e22545,74f3024730c0ae36d0c3,4,False,pending
781b03371eb909e22545,3e55c098af89198717c9,3,False,pending
781b03371eb909e22545,76122c9f61b8750e4c62,4,False,pending
781b03371eb909e22545,046859c1c2fd9654f242,4,False,pending
781b03371eb909e22545,4e53530df9daad392968,4,False,pending
781b03371eb909e22545,d941796a03bd4903bd9e,4,False,pending
781b03371eb909e22545,39d97fe3a4a580c8525f,3,False,pending
14802deb03224c6a1460,ef03e899d6916a4f3740,3,False,pending
14802deb03224c6a1460,57be040b50c4456e546f,3,False,pending
14802deb03224c6a1460,7a4dd69ae21830332880,2,False,pending
14802deb03224c6a1460,ecf490671ef2a462f565,3,False,pending
14802deb03224c6a1460,96775373faac02314154,4,False,pending
14802deb03224c6a1460,963fec2a4f00c73c5f6e,3,False,pending
14802deb03224c6a1460,f7650498eba905e2109b,4,False,pending
14802deb03224c6a1460,3d85d8318f370d53a5ba,4,False,pending
ef03e899d6916a4f3740,7a4dd69ae21830332880,3,False,pending
ef03e899d6916a4f3740,ecf490671ef2a462f565,4,False,pending
ef03e899d6916a4f3740,d6fcc9c996f88b0bbfbf,4,False,pending
ef03e899d6916a4f3740,3e55c098af89198717c9,4,False,pending
ef03e899d6916a4f3740,39d97fe3a4a580c8525f,4,False,pending
57be040b50c4456e546f,7a4dd69ae21830332880,3,False,pending
57be040b50c4456e546f,ecf490671ef2a462f565,4,False,pending
57be040b50c4456e546f,d6fcc9c996f88b0bbfbf,4,False,pending
57be040b50c4456e546f,3e55c098af89198717c9,4,False,pending
57be040b50c4456e546f,39d97fe3a4a580c8525f,4,False,pending
7a4dd69ae21830332880,ecf490671ef2a462f565,1,False,pending
7a4dd69ae21830332880,61f822489e871cbd8a18,4,False,pending
7a4dd69ae21830332880,fa652d522e59e4c47489,4,False,pending
7a4dd69ae21830332880,c8bc21b47b8dfa263983,4,False,pending
7a4dd69ae21830332880,7bc014abafa3ab1a93b2,3,False,pending
7a4dd69ae21830332880,4899474f6624448339d5,3,False,pending
7a4dd69ae21830332880,96775373faac02314154,2,False,pending
7a4dd69ae21830332880,74f3024730c0ae36d0c3,4,False,pending
7a4dd69ae21830332880,2b87534f02a9823ac8d8,3,False,pending
7a4dd69ae21830332880,9a5972ea25e051f0cb48,3,False,pending
7a4dd69ae21830332880,76122c9f61b8750e4c62,4,False,pending
7a4dd69ae21830332880,046859c1c2fd9654f242,4,False,pending
7a4dd69ae21830332880,8e9e43a515d09fbbb50d,3,False,pending
7a4dd69ae21830332880,ec912d7c1025433977c7,4,False,pending
7a4dd69ae21830332880,5e7b7ff8f9b72d5e1c84,3,False,pending
7a4dd69ae21830332880,29e20af7223f62d58366,3,False,pending
7a4dd69ae21830332880,f7650498eba905e2109b,4,False,pending
7a4dd69ae21830332880,3d85d8318f370d53a5ba,4,False,pending
7a4dd69ae21830332880,a459c33b02d141a9ab19,4,False,pending
7a4dd69ae21830332880,1906ae5373b7dbf959c3,3,False,pending
7a4dd69ae21830332880,d941796a03bd4903bd9e,4,False,pending
7a4dd69ae21830332880,39d97fe3a4a580c8525f,3,False,pending
ecf490671ef2a462f565,61f822489e871cbd8a18,3,False,pending
ecf490671ef2a462f565,fa652d522e59e4c47489,3,False,pending
ecf490671ef2a462f565,7bc014abafa3ab1a93b2,4,False,pending
ecf490671ef2a462f565,4899474f6624448339d5,4,False,pending
ecf490671ef2a462f565,a8dd6843104ec2872f64,4,False,pending
ecf490671ef2a462f565,b1e23210213b359358ba,4,False,pending
ecf490671ef2a462f565,96775373faac02314154,3,False,pending
ecf490671ef2a462f565,2b87534f02a9823ac8d8,4,False,pending
ecf490671ef2a462f565,9a5972ea25e051f0cb48,4,False,pending
ecf490671ef2a462f565,8e9e43a515d09fbbb50d,4,False,pending
ecf490671ef2a462f565,5e7b7ff8f9b72d5e1c84,4,False,pending
ecf490671ef2a462f565,963fec2a4f00c73c5f6e,4,False,pending
ecf490671ef2a462f565,29e20af7223f62d58366,4,False,pending
ecf490671ef2a462f565,1906ae5373b7dbf959c3,2,False,pending
ecf490671ef2a462f565,60f9a82a90c0d0702e0f,4,False,pending
ecf490671ef2a462f565,39d97fe3a4a580c8525f,4,False,pending
61f822489e871cbd8a18,fa652d522e59e4c47489,4,False,pending
61f822489e871cbd8a18,96775373faac02314154,4,False,pending
61f822489e871cbd8a18,a459c33b02d141a9ab19,4,False,pending
61f822489e871cbd8a18,1906ae5373b7dbf959c3,3,False,pending
61f822489e871cbd8a18,60f9a82a90c0d0702e0f,3,False,pending
61f822489e871cbd8a18,54e61ade16391dd5d586,4,False,pending
61f822489e871cbd8a18,18de7c43e0cef6718eec,4,False,pending
fa652d522e59e4c47489,c8bc21b47b8dfa263983,2,False,pending
fa652d522e59e4c47489,7bc014abafa3ab1a93b2,3,False,pending
fa652d522e59e4c47489,4899474f6624448339d5,3,False,pending
fa652d522e59e4c47489,8d0d2e0d9a4c9fb26dcf,4,False,pending
fa652d522e59e4c47489,fa9c7ad6746b3b1159bb,2,False,pending
fa652d522e59e4c47489,a8dd6843104ec2872f64,3,False,pending
fa652d522e59e4c47489,b1e23210213b359358ba,3,False,pending
fa652d522e59e4c47489,96775373faac02314154,2,False,pending
fa652d522e59e4c47489,74f3024730c0ae36d0c3,2,False,pending
fa652d522e59e4c47489,3e55c098af89198717c9,3,False,pending
fa652d522e59e4c47489,2b87534f02a9823ac8d8,1,False,pending
fa652d522e59e4c47489,9a5972ea25e051f0cb48,1,False,pending
fa652d522e59e4c47489,76122c9f61b8750e4c62,2,False,pending
fa652d522e59e4c47489,046859c1c2fd9654f242,2,False,pending
fa652d522e59e4c47489,8e9e43a515d09fbbb50d,1,False,pending
fa652d522e59e4c47489,ec912d7c1025433977c7,4,False,pending
fa652d522e59e4c47489,5e7b7ff8f9b72d5e1c84,3,False,pending
fa652d522e59e4c47489,484e2a69f1a51892e0a5,3,False,pending
fa652d522e59e4c47489,59ab979a5d840b82a137,4,False,pending
fa652d522e59e4c47489,ca40e3725eb0067a8a81,4,False,pending
fa652d522e59e4c47489,4e53530df9daad392968,4,False,pending
fa652d522e59e4c47489,29e20af7223f62d58366,3,False,pending
fa652d522e59e4c47489,f7650498eba905e2109b,4,False,pending
fa652d522e59e4c47489,3d85d8318f370d53a5ba,4,False,pending
fa652d522e59e4c47489,a459c33b02d141a9ab19,4,False,pending
fa652d522e59e4c47489,1906ae5373b7dbf959c3,1,False,pending
fa652d522e59e4c47489,60f9a82a90c0d0702e0f,3,False,pending
fa652d522e59e4c47489,a1106fabbe8b22451a7f,3,False,pending
fa652d522e59e4c47489,54e61ade16391dd5d586,2,False,pending
fa652d522e59e4c47489,18de7c43e0cef6718eec,4,False,pending
fa652d522e59e4c47489,d941796a03bd4903bd9e,2,False,pending
fa652d522e59e4c47489,39d97fe3a4a580c8525f,3,False,pending
fa652d522e59e4c47489,e82abb15272c9f6046aa,4,False,pending
d6fcc9c996f88b0bbfbf,c8bc21b47b8dfa263983,3,False,pending
d6fcc9c996f88b0bbfbf,7bc014abafa3ab1a93b2,2,False,pending
d6fcc9c996f88b0bbfbf,4899474f6624448339d5,2,False,pending
d6fcc9c996f88b0bbfbf,dcca30c3fa11dd425e6b,4,False,pending
d6fcc9c996f88b0bbfbf,5623d3f3a0698b28d43c,4,False,pending
d6fcc9c996f88b0bbfbf,a8dd6843104ec2872f64,4,False,pending
d6fcc9c996f88b0bbfbf,b1e23210213b359358ba,4,False,pending
d6fcc9c996f88b0bbfbf,96775373faac02314154,3,False,pending
d6fcc9c996f88b0bbfbf,3e55c098af89198717c9,4,False,pending
d6fcc9c996f88b0bbfbf,2b87534f02a9823ac8d8,4,False,pending
d6fcc9c996f88b0bbfbf,9a5972ea25e051f0cb48,4,False,pending
d6fcc9c996f88b0bbfbf,8e9e43a515d09fbbb50d,4,False,pending
d6fcc9c996f88b0bbfbf,29e20af7223f62d58366,2,False,pending
d6fcc9c996f88b0bbfbf,f7650498eba905e2109b,3,False,pending
d6fcc9c996f88b0bbfbf,3d85d8318f370d53a5ba,3,False,pending
d6fcc9c996f88b0bbfbf,a459c33b02d141a9ab19,3,False,pending
d6fcc9c996f88b0bbfbf,1906ae5373b7dbf959c3,4,False,pending
d6fcc9c996f88b0bbfbf,d8d92aa81d0f8db2b2fa,4,False,pending
c8bc21b47b8dfa263983,7bc014abafa3ab1a93b2,1,False,pending
c8bc21b47b8dfa263983,4899474f6624448339d5,1,False,pending
c8bc21b47b8dfa263983,dcca30c3fa11dd425e6b,3,False,pending
c8bc21b47b8dfa263983,9d04dc06194344d4d0d8,4,False,pending
c8bc21b47b8dfa263983,5623d3f3a0698b28d43c,3,False,pending
c8bc21b47b8dfa263983,8d0d2e0d9a4c9fb26dcf,2,False,pending
c8bc21b47b8dfa263983,fa9c7ad6746b3b1159bb,4,False,pending
c8bc21b47b8dfa263983,a8dd6843104ec2872f64,3,False,pending
c8bc21b47b8dfa263983,b1e23210213b359358ba,3,False,pending
c8bc21b47b8dfa263983,96775373faac02314154,2,False,pending
c8bc21b47b8dfa263983,74f3024730c0ae36d0c3,2,False,pending
c8bc21b47b8dfa263983,3e55c098af89198717c9,3,False,pending
c8bc21b47b8dfa263983,2b87534f02a9823ac8d8,1,False,pending
c8bc21b47b8dfa263983,9a5972ea25e051f0cb48,1,False,pending
c8bc21b47b8dfa263983,76122c9f61b8750e4c62,2,False,pending
c8bc21b47b8dfa263983,046859c1c2fd9654f242,2,False,pending
c8bc21b47b8dfa263983,8e9e43a515d09fbbb50d,1,False,pending
c8bc21b47b8dfa263983,ec912d7c1025433977c7,4,False,pending
c8bc21b47b8dfa263983,5e7b7ff8f9b72d5e1c84,3,False,pending
c8bc21b47b8dfa263983,484e2a69f1a51892e0a5,3,False,pending
c8bc21b47b8dfa263983,0ffbfb269455c26982c6,4,False,pending
c8bc21b47b8dfa263983,59ab979a5d840b82a137,4,False,pending
c8bc21b47b8dfa263983,29e20af7223f62d58366,1,False,pending
c8bc21b47b8dfa263983,f7650498eba905e2109b,2,False,pending
c8bc21b47b8dfa263983,3d85d8318f370d53a5ba,2,False,pending
c8bc21b47b8dfa263983,a459c33b02d141a9ab19,2,False,pending
c8bc21b47b8dfa263983,1906ae5373b7dbf959c3,3,False,pending
c8bc21b47b8dfa263983,54e61ade16391dd5d586,4,False,pending
c8bc21b47b8dfa263983,d941796a03bd4903bd9e,2,False,pending
c8bc21b47b8dfa263983,39d97fe3a4a580c8525f,3,False,pending
c8bc21b47b8dfa263983,e82abb15272c9f6046aa,4,False,pending
7bc014abafa3ab1a93b2,4899474f6624448339d5,0,False,pending
7bc014abafa3ab1a93b2,dcca30c3fa11dd425e6b,2,False,pending
7bc014abafa3ab1a93b2,9d04dc06194344d4d0d8,3,False,pending
7bc014abafa3ab1a93b2,5623d3f3a0698b28d43c,2,False,pending
7bc014abafa3ab1a93b2,8d0d2e0d9a4c9fb26dcf,3,False,pending
7bc014abafa3ab1a93b2,a8dd6843104ec2872f64,2,False,pending
7bc014abafa3ab1a93b2,b1e23210213b359358ba,2,False,pending
7bc014abafa3ab1a93b2,96775373faac02314154,1,False,pending
7bc014abafa3ab1a93b2,74f3024730c0ae36d0c3,3,False,pending
7bc014abafa3ab1a93b2,3e55c098af89198717c9,4,False,pending
7bc014abafa3ab1a93b2,2b87534f02a9823ac8d8,2,False,pending
7bc014abafa3ab1a93b2,9a5972ea25e051f0cb48,2,False,pending
7bc014abafa3ab1a93b2,76122c9f61b8750e4c62,3,False,pending
7bc014abafa3ab1a93b2,046859c1c2fd9654f242,3,False,pending
7bc014abafa3ab1a93b2,8e9e43a515d09fbbb50d,2,False,pending
7bc014abafa3ab1a93b2,5e7b7ff8f9b72d5e1c84,4,False,pending
7bc014abafa3ab1a93b2,484e2a69f1a51892e0a5,4,False,pending
7bc014abafa3ab1a93b2,0ffbfb269455c26982c6,3,False,pending
7bc014abafa3ab1a93b2,29e20af7223f62d58366,0,False,pending
7bc014abafa3ab1a93b2,f7650498eba905e2109b,1,False,pending
7bc014abafa3ab1a93b2,3d85d8318f370d53a5ba,1,False,pending
7bc014abafa3ab1a93b2,a459c33b02d141a9ab19,1,False,pending
7bc014abafa3ab1a93b2,1906ae5373b7dbf959c3,2,False,pending
7bc014abafa3ab1a93b2,60f9a82a90c0d0702e0f,4,False,pending
7bc014abafa3ab1a93b2,d941796a03bd4903bd9e,3,False,pending
7bc014abafa3ab1a93b2,39d97fe3a4a580c8525f,4,False,pending
4899474f6624448339d5,dcca30c3fa11dd425e6b,2,False,pending
4899474f6624448339d5,9d04dc06194344d4d0d8,3,False,pending
4899474f6624448339d5,5623d3f3a0698b28d43c,2,False,pending
4899474f6624448339d5,8d0d2e0d9a4c9fb26dcf,3,False,pending
4899474f6624448339d5,a8dd6843104ec2872f64,2,False,pending
4899474f6624448339d5,b1e23210213b359358ba,2,False,pending
4899474f6624448339d5,96775373faac02314154,1,False,pending
4899474f6624448339d5,74f3024730c0ae36d0c3,3,False,pending
4899474f6624448339d5,3e55c098af89198717c9,4,False,pending
4899474f6624448339d5,2b87534f02a9823ac8d8,2,False,pending
4899474f6624448339d5,9a5972ea25e051f0cb48,2,False,pending
4899474f6624448339d5,76122c9f61b8750e4c62,3,False,pending
4899474f6624448339d5,046859c1c2fd9654f242,3,False,pending
4899474f6624448339d5,8e9e43a515d09fbbb50d,2,False,pending
4899474f6624448339d5,5e7b7ff8f9b72d5e1c84,4,False,pending
4899474f6624448339d5,484e2a69f1a51892e0a5,4,False,pending
4899474f6624448339d5,0ffbfb269455c26982c6,3,False,pending
4899474f6624448339d5,29e20af7223f62d58366,0,False,pending
4899474f6624448339d5,f7650498eba905e2109b,1,False,pending
4899474f6624448339d5,3d85d8318f370d53a5ba,1,False,pending
4899474f6624448339d5,a459c33b02d141a9ab19,1,False,pending
4899474f6624448339d5,1906ae5373b7dbf959c3,2,False,pending
4899474f6624448339d5,60f9a82a90c0d0702e0f,4,False,pending
4899474f6624448339d5,d941796a03bd4903bd9e,3,False,pending
4899474f6624448339d5,39d97fe3a4a580c8525f,4,False,pending
dcca30c3fa11dd425e6b,9d04dc06194344d4d0d8,1,False,pending
dcca30c3fa11dd425e6b,5623d3f3a0698b28d43c,2,False,pending
dcca30c3fa11dd425e6b,8d0d2e0d9a4c9fb26dcf,3,False,pending
dcca30c3fa11dd425e6b,a8dd6843104ec2872f64,4,False,pending
dcca30c3fa11dd425e6b,b1e23210213b359358ba,4,False,pending
dcca30c3fa11dd425e6b,96775373faac02314154,3,False,pending
dcca30c3fa11dd425e6b,2b87534f02a9823ac8d8,4,False,pending
dcca30c3fa11dd425e6b,9a5972ea25e051f0cb48,4,False,pending
dcca30c3fa11dd425e6b,8e9e43a515d09fbbb50d,4,False,pending
dcca30c3fa11dd425e6b,59ab979a5d840b82a137,3,False,pending
dcca30c3fa11dd425e6b,95e374f0eb7b98122d2c,4,False,pending
dcca30c3fa11dd425e6b,29e20af7223f62d58366,2,False,pending
dcca30c3fa11dd425e6b,f7650498eba905e2109b,1,False,pending
dcca30c3fa11dd425e6b,3d85d8318f370d53a5ba,1,False,pending
dcca30c3fa11dd425e6b,a459c33b02d141a9ab19,3,False,pending
dcca30c3fa11dd425e6b,1906ae5373b7dbf959c3,4,False,pending
9d04dc06194344d4d0d8,5623d3f3a0698b28d43c,3,False,pending
9d04dc06194344d4d0d8,8d0d2e0d9a4c9fb26dcf,4,False,pending
9d04dc06194344d4d0d8,96775373faac02314154,4,False,pending
9d04dc06194344d4d0d8,59ab979a5d840b82a137,4,False,pending
9d04dc06194344d4d0d8,29e20af7223f62d58366,3,False,pending
9d04dc06194344d4d0d8,f7650498eba905e2109b,2,False,pending
9d04dc06194344d4d0d8,3d85d8318f370d53a5ba,2,False,pending
9d04dc06194344d4d0d8,a459c33b02d141a9ab19,2,False,pending
5623d3f3a0698b28d43c,8d0d2e0d9a4c9fb26dcf,1,False,pending
5623d3f3a0698b28d43c,a8dd6843104ec2872f64,4,False,pending
5623d3f3a0698b28d43c,b1e23210213b359358ba,4,False,pending
5623d3f3a0698b28d43c,96775373faac02314154,3,False,pending
5623d3f3a0698b28d43c,2b87534f02a9823ac8d8,4,False,pending
5623d3f3a0698b28d43c,9a5972ea25e051f0cb48,4,False,pending
5623d3f3a0698b28d43c,8e9e43a515d09fbbb50d,4,False,pending
5623d3f3a0698b28d43c,29e20af7223f62d58366,2,False,pending
5623d3f3a0698b28d43c,f7650498eba905e2109b,1,False,pending
5623d3f3a0698b28d43c,3d85d8318f370d53a5ba,1,False,pending
5623d3f3a0698b28d43c,a459c33b02d141a9ab19,3,False,pending
5623d3f3a0698b28d43c,1906ae5373b7dbf959c3,4,False,pending
8d0d2e0d9a4c9fb26dcf,96775373faac02314154,4,False,pending
8d0d2e0d9a4c9fb26dcf,74f3024730c0ae36d0c3,4,False,pending
8d0d2e0d9a4c9fb26dcf,2b87534f02a9823ac8d8,3,False,pending
8d0d2e0d9a4c9fb26dcf,9a5972ea25e051f0cb48,3,False,pending
8d0d2e0d9a4c9fb26dcf,76122c9f61b8750e4c62,4,False,pending
8d0d2e0d9a4c9fb26dcf,046859c1c2fd9654f242,4,False,pending
8d0d2e0d9a4c9fb26dcf,8e9e43a515d09fbbb50d,3,False,pending
8d0d2e0d9a4c9fb26dcf,59ab979a5d840b82a137,4,False,pending
8d0d2e0d9a4c9fb26dcf,29e20af7223f62d58366,3,False,pending
8d0d2e0d9a4c9fb26dcf,f7650498eba905e2109b,2,False,pending
8d0d2e0d9a4c9fb26dcf,3d85d8318f370d53a5ba,2,False,pending
8d0d2e0d9a4c9fb26dcf,a459c33b02d141a9ab19,4,False,pending
8d0d2e0d9a4c9fb26dcf,d941796a03bd4903bd9e,4,False,pending
fa9c7ad6746b3b1159bb,a8dd6843104ec2872f64,3,False,pending
fa9c7ad6746b3b1159bb,b1e23210213b359358ba,3,False,pending
fa9c7ad6746b3b1159bb,96775373faac02314154,4,False,pending
fa9c7ad6746b3b1159bb,74f3024730c0ae36d0c3,4,False,pending
fa9c7ad6746b3b1159bb,2b87534f02a9823ac8d8,3,False,pending
fa9c7ad6746b3b1159bb,9a5972ea25e051f0cb48,3,False,pending
fa9c7ad6746b3b1159bb,76122c9f61b8750e4c62,4,False,pending
fa9c7ad6746b3b1159bb,046859c1c2fd9654f242,4,False,pending
fa9c7ad6746b3b1159bb,8e9e43a515d09fbbb50d,3,False,pending
fa9c7ad6746b3b1159bb,59ab979a5d840b82a137,4,False,pending
fa9c7ad6746b3b1159bb,1906ae5373b7dbf959c3,3,False,pending
fa9c7ad6746b3b1159bb,60f9a82a90c0d0702e0f,3,False,pending
fa9c7ad6746b3b1159bb,54e61ade16391dd5d586,4,False,pending
fa9c7ad6746b3b1159bb,d941796a03bd4903bd9e,4,False,pending
a8dd6843104ec2872f64,b1e23210213b359358ba,0,False,pending
a8dd6843104ec2872f64,96775373faac02314154,3,False,pending
a8dd6843104ec2872f64,2b87534f02a9823ac8d8,4,False,pending
a8dd6843104ec2872f64,9a5972ea25e051f0cb48,4,False,pending
a8dd6843104ec2872f64,8e9e43a515d09fbbb50d,4,False,pending
a8dd6843104ec2872f64,0ffbfb269455c26982c6,3,False,pending
a8dd6843104ec2872f64,29e20af7223f62d58366,2,False,pending
a8dd6843104ec2872f64,f7650498eba905e2109b,3,False,pending
a8dd6843104ec2872f64,3d85d8318f370d53a5ba,3,False,pending
a8dd6843104ec2872f64,a459c33b02d141a9ab19,3,False,pending
a8dd6843104ec2872f64,1906ae5373b7dbf959c3,2,False,pending
a8dd6843104ec2872f64,60f9a82a90c0d0702e0f,2,False,pending
b1e23210213b359358ba,96775373faac02314154,3,False,pending
b1e23210213b359358ba,2b87534f02a9823ac8d8,4,False,pending
b1e23210213b359358ba,9a5972ea25e051f0cb48,4,False,pending
b1e23210213b359358ba,8e9e43a515d09fbbb50d,4,False,pending
b1e23210213b359358ba,0ffbfb269455c26982c6,3,False,pending
b1e23210213b359358ba,29e20af7223f62d58366,2,False,pending
b1e23210213b359358ba,f7650498eba905e2109b,3,False,pending
b1e23210213b359358ba,3d85d8318f370d53a5ba,3,False,pending
b1e23210213b359358ba,a459c33b02d141a9ab19,3,False,pending
b1e23210213b359358ba,1906ae5373b7dbf959c3,2,False,pending
b1e23210213b359358ba,60f9a82a90c0d0702e0f,2,False,pending
96775373faac02314154,74f3024730c0ae36d0c3,2,False,pending
96775373faac02314154,3e55c098af89198717c9,3,False,pending
96775373faac02314154,2b87534f02a9823ac8d8,1,False,pending
96775373faac02314154,9a5972ea25e051f0cb48,1,False,pending
96775373faac02314154,76122c9f61b8750e4c62,2,False,pending
96775373faac02314154,046859c1c2fd9654f242,2,False,pending
96775373faac02314154,8e9e43a515d09fbbb50d,1,False,pending
96775373faac02314154,ec912d7c1025433977c7,4,False,pending
96775373faac02314154,5e7b7ff8f9b72d5e1c84,3,False,pending
96775373faac02314154,484e2a69f1a51892e0a5,3,False,pending
96775373faac02314154,0ffbfb269455c26982c6,4,False,pending
96775373faac02314154,59ab979a5d840b82a137,4,False,pending
96775373faac02314154,29e20af7223f62d58366,1,False,pending
96775373faac02314154,f7650498eba905e2109b,2,False,pending
96775373faac02314154,3d85d8318f370d53a5ba,2,False,pending
96775373faac02314154,a459c33b02d141a9ab19,2,False,pending
96775373faac02314154,1906ae5373b7dbf959c3,1,False,pending
96775373faac02314154,60f9a82a90c0d0702e0f,3,False,pending
96775373faac02314154,54e61ade16391dd5d586,4,False,pending
96775373faac02314154,d941796a03bd4903bd9e,2,False,pending
96775373faac02314154,39d97fe3a4a580c8525f,3,False,pending
96775373faac02314154,e82abb15272c9f6046aa,4,False,pending
74f3024730c0ae36d0c3,3e55c098af89198717c9,1,False,pending
74f3024730c0ae36d0c3,2b87534f02a9823ac8d8,1,False,pending
74f3024730c0ae36d0c3,9a5972ea25e051f0cb48,1,False,pending
74f3024730c0ae36d0c3,76122c9f61b8750e4c62,0,False,pending
74f3024730c0ae36d0c3,046859c1c2fd9654f242,0,False,pending
74f3024730c0ae36d0c3,8e9e43a515d09fbbb50d,1,False,pending
74f3024730c0ae36d0c3,ec912d7c1025433977c7,4,False,pending
74f3024730c0ae36d0c3,5e7b7ff8f9b72d5e1c84,3,False,pending
74f3024730c0ae36d0c3,484e2a69f1a51892e0a5,3,False,pending
74f3024730c0ae36d0c3,dfdb0f4da777a7013bac,3,False,pending
74f3024730c0ae36d0c3,59ab979a5d840b82a137,4,False,pending
74f3024730c0ae36d0c3,4e53530df9daad392968,4,False,pending
74f3024730c0ae36d0c3,29e20af7223f62d58366,3,False,pending
74f3024730c0ae36d0c3,f7650498eba905e2109b,4,False,pending
74f3024730c0ae36d0c3,3d85d8318f370d53a5ba,4,False,pending
74f3024730c0ae36d0c3,a459c33b02d141a9ab19,4,False,pending
74f3024730c0ae36d0c3,1906ae5373b7dbf959c3,3,False,pending
74f3024730c0ae36d0c3,54e61ade16391dd5d586,4,False,pending
74f3024730c0ae36d0c3,18de7c43e0cef6718eec,4,False,pending
74f3024730c0ae36d0c3,d941796a03bd4903bd9e,0,False,pending
74f3024730c0ae36d0c3,d03695c649ff8f564205,3,False,pending
74f3024730c0ae36d0c3,39d97fe3a4a580c8525f,1,False,pending
74f3024730c0ae36d0c3,e82abb15272c9f6046aa,4,False,pending
3e55c098af89198717c9,2b87534f02a9823ac8d8,2,False,pending
3e55c098af89198717c9,9a5972ea25e051f0cb48,2,False,pending
3e55c098af89198717c9,76122c9f61b8750e4c62,1,False,pending
3e55c098af89198717c9,046859c1c2fd9654f242,1,False,pending
3e55c098af89198717c9,8e9e43a515d09fbbb50d,2,False,pending
3e55c098af89198717c9,5e7b7ff8f9b72d5e1c84,4,False,pending
3e55c098af89198717c9,484e2a69f1a51892e0a5,4,False,pending
3e55c098af89198717c9,dfdb0f4da777a7013bac,4,False,pending
3e55c098af89198717c9,4e53530df9daad392968,3,False,pending
3e55c098af89198717c9,29e20af7223f62d58366,4,False,pending
3e55c098af89198717c9,1906ae5373b7dbf959c3,4,False,pending
3e55c098af89198717c9,d941796a03bd4903bd9e,1,False,pending
3e55c098af89198717c9,d03695c649ff8f564205,4,False,pending
3e55c098af89198717c9,39d97fe3a4a580c8525f,2,False,pending
2b87534f02a9823ac8d8,9a5972ea25e051f0cb48,0,False,pending
2b87534f02a9823ac8d8,76122c9f61b8750e4c62,1,False,pending
2b87534f02a9823ac8d8,046859c1c2fd9654f242,1,False,pending
2b87534f02a9823ac8d8,8e9e43a515d09fbbb50d,0,False,pending
2b87534f02a9823ac8d8,ec912d7c1025433977c7,3,False,pending
2b87534f02a9823ac8d8,5e7b7ff8f9b72d5e1c84,2,False,pending
2b87534f02a9823ac8d8,484e2a69f1a51892e0a5,2,False,pending
2b87534f02a9823ac8d8,dfdb0f4da777a7013bac,4,False,pending
2b87534f02a9823ac8d8,f0bdee2819912caef661,4,False,pending
2b87534f02a9823ac8d8,59ab979a5d840b82a137,3,False,pending
2b87534f02a9823ac8d8,4a99ce1e12fbf775759e,4,False,pending
2b87534f02a9823ac8d8,29e20af7223f62d58366,2,False,pending
2b87534f02a9823ac8d8,f7650498eba905e2109b,3,False,pending
2b87534f02a9823ac8d8,3d85d8318f370d53a5ba,3,False,pending
2b87534f02a9823ac8d8,a459c33b02d141a9ab19,3,False,pending
2b87534f02a9823ac8d8,1906ae5373b7dbf959c3,2,False,pending
2b87534f02a9823ac8d8,60f9a82a90c0d0702e0f,4,False,pending
2b87534f02a9823ac8d8,a1106fabbe8b22451a7f,4,False,pending
2b87534f02a9823ac8d8,54e61ade16391dd5d586,3,False,pending
2b87534f02a9823ac8d8,d941796a03bd4903bd9e,1,False,pending
2b87534f02a9823ac8d8,d03695c649ff8f564205,4,False,pending
2b87534f02a9823ac8d8,39d97fe3a4a580c8525f,2,False,pending
2b87534f02a9823ac8d8,e82abb15272c9f6046aa,3,False,pending
9a5972ea25e051f0cb48,76122c9f61b8750e4c62,1,False,pending
9a5972ea25e051f0cb48,046859c1c2fd9654f242,1,False,pending
9a5972ea25e051f0cb48,8e9e43a515d09fbbb50d,0,False,pending
9a5972ea25e051f0cb48,ec912d7c1025433977c7,3,False,pending
9a5972ea25e051f0cb48,5e7b7ff8f9b72d5e1c84,2,False,pending
9a5972ea25e051f0cb48,484e2a69f1a51892e0a5,2,False,pending
9a5972ea25e051f0cb48,dfdb0f4da777a7013bac,4,False,pending
9a5972ea25e051f0cb48,f0bdee2819912caef661,4,False,pending
9a5972ea25e051f0cb48,59ab979a5d840b82a137,3,False,pending
9a5972ea25e051f0cb48,4a99ce1e12fbf775759e,4,False,pending
9a5972ea25e051f0cb48,29e20af7223f62d58366,2,False,pending
9a5972ea25e051f0cb48,f7650498eba905e2109b,3,False,pending
9a5972ea25e051f0cb48,3d85d8318f370d53a5ba,3,False,pending
9a5972ea25e051f0cb48,a459c33b02d141a9ab19,3,False,pending
9a5972ea25e051f0cb48,1906ae5373b7dbf959c3,2,False,pending
9a5972ea25e051f0cb48,60f9a82a90c0d0702e0f,4,False,pending
9a5972ea25e051f0cb48,a1106fabbe8b22451a7f,4,False,pending
9a5972ea25e051f0cb48,54e61ade16391dd5d586,3,False,pending
9a5972ea25e051f0cb48,d941796a03bd4903bd9e,1,False,pending
9a5972ea25e051f0cb48,d03695c649ff8f564205,4,False,pending
9a5972ea25e051f0cb48,39d97fe3a4a580c8525f,2,False,pending
9a5972ea25e051f0cb48,e82abb15272c9f6046aa,3,False,pending
76122c9f61b8750e4c62,046859c1c2fd9654f242,0,False,pending
76122c9f61b8750e4c62,8e9e43a515d09fbbb50d,1,False,pending
76122c9f61b8750e4c62,ec912d7c1025433977c7,4,False,pending
76122c9f61b8750e4c62,5e7b7ff8f9b72d5e1c84,3,False,pending
76122c9f61b8750e4c62,484e2a69f1a51892e0a5,3,False,pending
76122c9f61b8750e4c62,dfdb0f4da777a7013bac,3,False,pending
76122c9f61b8750e4c62,59ab979a5d840b82a137,4,False,pending
76122c9f61b8750e4c62,4e53530df9daad392968,4,False,pending
76122c9f61b8750e4c62,29e20af7223f62d58366,3,False,pending
76122c9f61b8750e4c62,f7650498eba905e2109b,4,False,pending
76122c9f61b8750e4c62,3d85d8318f370d53a5ba,4,False,pending
76122c9f61b8750e4c62,a459c33b02d141a9ab19,4,False,pending
76122c9f61b8750e4c62,1906ae5373b7dbf959c3,3,False,pending
76122c9f61b8750e4c62,54e61ade16391dd5d586,4,False,pending
76122c9f61b8750e4c62,18de7c43e0cef6718eec,4,False,pending
76122c9f61b8750e4c62,d941796a03bd4903bd9e,0,False,pending
76122c9f61b8750e4c62,d03695c649ff8f564205,3,False,pending
76122c9f61b8750e4c62,39d97fe3a4a580c8525f,1,False,pending
76122c9f61b8750e4c62,e82abb15272c9f6046aa,4,False,pending
046859c1c2fd9654f242,8e9e43a515d09fbbb50d,1,False,pending
046859c1c2fd9654f242,ec912d7c1025433977c7,4,False,pending
046859c1c2fd9654f242,5e7b7ff8f9b72d5e1c84,3,False,pending
046859c1c2fd9654f242,484e2a69f1a51892e0a5,3,False,pending
046859c1c2fd9654f242,dfdb0f4da777a7013bac,3,False,pending
046859c1c2fd9654f242,59ab979a5d840b82a137,4,False,pending
046859c1c2fd9654f242,4e53530df9daad392968,4,False,pending
046859c1c2fd9654f242,29e20af7223f62d58366,3,False,pending
046859c1c2fd9654f242,f7650498eba905e2109b,4,False,pending
046859c1c2fd9654f242,3d85d8318f370d53a5ba,4,False,pending
046859c1c2fd9654f242,a459c33b02d141a9ab19,4,False,pending
046859c1c2fd9654f242,1906ae5373b7dbf959c3,3,False,pending
046859c1c2fd9654f242,54e61ade16391dd5d586,4,False,pending
046859c1c2fd9654f242,18de7c43e0cef6718eec,4,False,pending
046859c1c2fd9654f242,d941796a03bd4903bd9e,0,False,pending
046859c1c2fd9654f242,d03695c649ff8f564205,3,False,pending
046859c1c2fd9654f242,39d97fe3a4a580c8525f,1,False,pending
046859c1c2fd9654f242,e82abb15272c9f6046aa,4,False,pending
8e9e43a515d09fbbb50d,ec912d7c1025433977c7,3,False,pending
8e9e43a515d09fbbb50d,5e7b7ff8f9b72d5e1c84,2,False,pending
8e9e43a515d09fbbb50d,484e2a69f1a51892e0a5,2,False,pending
8e9e43a515d09fbbb50d,dfdb0f4da777a7013bac,4,False,pending
8e9e43a515d09fbbb50d,f0bdee2819912caef661,4,False,pending
8e9e43a515d09fbbb50d,59ab979a5d840b82a137,3,False,pending
8e9e43a515d09fbbb50d,4a99ce1e12fbf775759e,4,False,pending
8e9e43a515d09fbbb50d,29e20af7223f62d58366,2,False,pending
8e9e43a515d09fbbb50d,f7650498eba905e2109b,3,False,pending
8e9e43a515d09fbbb50d,3d85d8318f370d53a5ba,3,False,pending
8e9e43a515d09fbbb50d,a459c33b02d141a9ab19,3,False,pending
8e9e43a515d09fbbb50d,1906ae5373b7dbf959c3,2,False,pending
8e9e43a515d09fbbb50d,60f9a82a90c0d0702e0f,4,False,pending
8e9e43a515d09fbbb50d,a1106fabbe8b22451a7f,4,False,pending
8e9e43a515d09fbbb50d,54e61ade16391dd5d586,3,False,pending
8e9e43a515d09fbbb50d,d941796a03bd4903bd9e,1,False,pending
8e9e43a515d09fbbb50d,d03695c649ff8f564205,4,False,pending
8e9e43a515d09fbbb50d,39d97fe3a4a580c8525f,2,False,pending
8e9e43a515d09fbbb50d,e82abb15272c9f6046aa,3,False,pending
ec912d7c1025433977c7,5e7b7ff8f9b72d5e1c84,1,False,pending
ec912d7c1025433977c7,484e2a69f1a51892e0a5,3,False,pending
ec912d7c1025433977c7,012d8d5f251a0318a330,4,False,pending
ec912d7c1025433977c7,789a012e661120910223,4,False,pending
ec912d7c1025433977c7,1605553a34e57ac7347b,4,False,pending
ec912d7c1025433977c7,d941796a03bd4903bd9e,4,False,pending
ec912d7c1025433977c7,d03695c649ff8f564205,1,False,pending
ec912d7c1025433977c7,39d97fe3a4a580c8525f,3,False,pending
ec912d7c1025433977c7,e82abb15272c9f6046aa,4,False,pending
5e7b7ff8f9b72d5e1c84,484e2a69f1a51892e0a5,4,False,pending
5e7b7ff8f9b72d5e1c84,29e20af7223f62d58366,4,False,pending
5e7b7ff8f9b72d5e1c84,1906ae5373b7dbf959c3,4,False,pending
5e7b7ff8f9b72d5e1c84,d941796a03bd4903bd9e,3,False,pending
5e7b7ff8f9b72d5e1c84,d03695c649ff8f564205,2,False,pending
5e7b7ff8f9b72d5e1c84,39d97fe3a4a580c8525f,2,False,pending
484e2a69f1a51892e0a5,57506348fe047a659b6c,4,False,pending
484e2a69f1a51892e0a5,dfdb0f4da777a7013bac,4,False,pending
484e2a69f1a51892e0a5,43830366dd0e693f09fb,4,False,pending
484e2a69f1a51892e0a5,f0bdee2819912caef661,4,False,pending
484e2a69f1a51892e0a5,e4fc790a90c18394a04b,4,False,pending
484e2a69f1a51892e0a5,29e20af7223f62d58366,4,False,pending
484e2a69f1a51892e0a5,1906ae5373b7dbf959c3,4,False,pending
484e2a69f1a51892e0a5,a1106fabbe8b22451a7f,4,False,pending
484e2a69f1a51892e0a5,54e61ade16391dd5d586,3,False,pending
484e2a69f1a51892e0a5,d941796a03bd4903bd9e,3,False,pending
484e2a69f1a51892e0a5,d03695c649ff8f564205,4,False,pending
484e2a69f1a51892e0a5,39d97fe3a4a580c8525f,4,False,pending
484e2a69f1a51892e0a5,e82abb15272c9f6046aa,1,False,pending
484e2a69f1a51892e0a5,a56593060e60dc141471,3,False,pending
57506348fe047a659b6c,36e8a7814b4268cf922f,3,False,pending
57506348fe047a659b6c,5149914dd48bcbae591a,3,False,pending
57506348fe047a659b6c,b1058c09bf558892ca11,4,False,pending
36e8a7814b4268cf922f,5149914dd48bcbae591a,0,False,pending
36e8a7814b4268cf922f,c604c199710b43cddc0e,4,False,pending
36e8a7814b4268cf922f,b1058c09bf558892ca11,3,False,pending
36e8a7814b4268cf922f,e82abb15272c9f6046aa,4,False,pending
5149914dd48bcbae591a,c604c199710b43cddc0e,4,False,pending
5149914dd48bcbae591a,b1058c09bf558892ca11,3,False,pending
5149914dd48bcbae591a,e82abb15272c9f6046aa,4,False,pending
c604c199710b43cddc0e,8926e9ff64b0b83d7633,4,False,pending
6b0958d73260e95bea3f,4c140a02633bb28b04f6,1,False,pending
43ae5e109278c672ee29,ca63ccc710f0ff807144,2,False,pending
43ae5e109278c672ee29,28162d1f9a6515239497,2,False,pending
ca63ccc710f0ff807144,28162d1f9a6515239497,0,False,pending
bb9b1d395e079335c773,7e9d90974d45d1ad4d68,0,False,pending
bb9b1d395e079335c773,017b30dc4e277f9ec395,2,False,pending
bb9b1d395e079335c773,17c8931bac2e5e49340d,4,False,pending
bb9b1d395e079335c773,87464d775c98ded95e8d,0,False,pending
7e9d90974d45d1ad4d68,017b30dc4e277f9ec395,2,False,pending
7e9d90974d45d1ad4d68,17c8931bac2e5e49340d,4,False,pending
7e9d90974d45d1ad4d68,87464d775c98ded95e8d,0,False,pending
017b30dc4e277f9ec395,87464d775c98ded95e8d,2,False,pending
17c8931bac2e5e49340d,87464d775c98ded95e8d,4,False,pending
96402c3a195be0fc35b8,1f71a69fdba1cad82ba8,4,False,pending
1f71a69fdba1cad82ba8,80dc3e76060380af6978,3,False,pending
1f71a69fdba1cad82ba8,b1058c09bf558892ca11,4,False,pending
80dc3e76060380af6978,b1058c09bf558892ca11,3,False,pending
dfdb0f4da777a7013bac,f0bdee2819912caef661,2,False,pending
dfdb0f4da777a7013bac,4a99ce1e12fbf775759e,4,False,pending
dfdb0f4da777a7013bac,d941796a03bd4903bd9e,3,False,pending
dfdb0f4da777a7013bac,d03695c649ff8f564205,4,False,pending
dfdb0f4da777a7013bac,39d97fe3a4a580c8525f,4,False,pending
dfdb0f4da777a7013bac,a56593060e60dc141471,3,False,pending
43830366dd0e693f09fb,f0bdee2819912caef661,4,False,pending
43830366dd0e693f09fb,e4fc790a90c18394a04b,4,False,pending
43830366dd0e693f09fb,e82abb15272c9f6046aa,3,False,pending
43830366dd0e693f09fb,132605278b7d28016192,4,False,pending
43830366dd0e693f09fb,7966becb186755884ea1,4,False,pending
f0bdee2819912caef661,4a99ce1e12fbf775759e,4,False,pending
f0bdee2819912caef661,5448785d6bcce9b60bd4,4,False,pending
f0bdee2819912caef661,a56593060e60dc141471,3,False,pending
f0bdee2819912caef661,d200889af0cd34953b1f,3,False,pending
ad8b88cf9c87db65939d,99ce34858375f42eba04,4,False,pending
bfd1581ff89a321672f9,7807654f6ca7cd1c525a,4,False,pending
bfd1581ff89a321672f9,5e558496e01985518360,4,False,pending
bfd1581ff89a321672f9,39ed12b3233e92559dbe,4,False,pending
3955e40ba9ea44389373,067268d676534cd22cc3,4,False,pending
3955e40ba9ea44389373,c9367c9094853574516d,4,False,pending
7807654f6ca7cd1c525a,b781c20c93bb59093ad7,1,False,pending
7807654f6ca7cd1c525a,5e558496e01985518360,2,False,pending
7807654f6ca7cd1c525a,39ed12b3233e92559dbe,4,False,pending
7807654f6ca7cd1c525a,bf42352356bd08444402,4,False,pending
b781c20c93bb59093ad7,5e558496e01985518360,3,False,pending
5e558496e01985518360,39ed12b3233e92559dbe,4,False,pending
5e558496e01985518360,bf42352356bd08444402,4,False,pending
d6426357b8eb358e8f6f,6de273f24bb05f1f8e8b,3,False,pending
d6426357b8eb358e8f6f,ba603f58ebba86034bc0,2,False,pending
d6426357b8eb358e8f6f,39ed12b3233e92559dbe,4,False,pending
d6426357b8eb358e8f6f,aee46d851c40dd98cab7,4,False,pending
d6426357b8eb358e8f6f,f09bc65b0e2631bb0322,4,False,pending
6de273f24bb05f1f8e8b,ba603f58ebba86034bc0,1,False,pending
6de273f24bb05f1f8e8b,47ee8ee65bfe29d4bf8b,3,False,pending
6de273f24bb05f1f8e8b,8472d0a404a61d4cc243,4,False,pending
6de273f24bb05f1f8e8b,886825379518bd394d20,3,False,pending
6de273f24bb05f1f8e8b,20034084df8305d5fb4b,3,False,pending
ba603f58ebba86034bc0,39ed12b3233e92559dbe,4,False,pending
ba603f58ebba86034bc0,bf42352356bd08444402,4,False,pending
ba603f58ebba86034bc0,47ee8ee65bfe29d4bf8b,4,False,pending
ba603f58ebba86034bc0,8472d0a404a61d4cc243,3,False,pending
ba603f58ebba86034bc0,886825379518bd394d20,4,False,pending
ba603f58ebba86034bc0,20034084df8305d5fb4b,4,False,pending
ba603f58ebba86034bc0,f09bc65b0e2631bb0322,4,False,pending
39ed12b3233e92559dbe,bf42352356bd08444402,2,False,pending
39ed12b3233e92559dbe,99ce34858375f42eba04,3,False,pending
39ed12b3233e92559dbe,c9367c9094853574516d,3,False,pending
47ee8ee65bfe29d4bf8b,8472d0a404a61d4cc243,3,False,pending
47ee8ee65bfe29d4bf8b,886825379518bd394d20,0,False,pending
47ee8ee65bfe29d4bf8b,20034084df8305d5fb4b,2,False,pending
47ee8ee65bfe29d4bf8b,f09bc65b0e2631bb0322,4,False,pending
8472d0a404a61d4cc243,886825379518bd394d20,3,False,pending
8472d0a404a61d4cc243,20034084df8305d5fb4b,1,False,pending
8472d0a404a61d4cc243,f09bc65b0e2631bb0322,3,False,pending
8a45c66f8bd5e4de5ab9,aee46d851c40dd98cab7,3,False,pending
8a45c66f8bd5e4de5ab9,f09bc65b0e2631bb0322,3,False,pending
aee46d851c40dd98cab7,067268d676534cd22cc3,3,False,pending
aee46d851c40dd98cab7,f09bc65b0e2631bb0322,2,False,pending
a204c02eee1077435363,cbd1fbbb4c858ffca0d3,3,False,pending
a204c02eee1077435363,8f3e3fd7f400ab607ed6,3,False,pending
a204c02eee1077435363,1aa4b99ba1516514862b,3,False,pending
0ffbfb269455c26982c6,29e20af7223f62d58366,3,False,pending
0ffbfb269455c26982c6,f7650498eba905e2109b,4,False,pending
0ffbfb269455c26982c6,3d85d8318f370d53a5ba,4,False,pending
0ffbfb269455c26982c6,a459c33b02d141a9ab19,4,False,pending
292861fe9af6a84206fb,6f841b253ddc46891f95,1,False,pending
292861fe9af6a84206fb,81528a43ee8eb37f3eb9,4,False,pending
292861fe9af6a84206fb,e5013a8c474d11ade8ad,3,False,pending
6f841b253ddc46891f95,e5013a8c474d11ade8ad,2,False,pending
ce8e815a6604cf34fad5,59ab979a5d840b82a137,3,False,pending
ce8e815a6604cf34fad5,4a99ce1e12fbf775759e,4,False,pending
ce8e815a6604cf34fad5,78f929222e9f541da3f0,4,False,pending
ce8e815a6604cf34fad5,1aa4b99ba1516514862b,4,False,pending
59ab979a5d840b82a137,f7650498eba905e2109b,4,False,pending
59ab979a5d840b82a137,3d85d8318f370d53a5ba,4,False,pending
59ab979a5d840b82a137,d941796a03bd4903bd9e,4,False,pending
ea2d25d6c531b74da218,cbd1fbbb4c858ffca0d3,4,False,pending
ea2d25d6c531b74da218,1aa4b99ba1516514862b,4,False,pending
4a99ce1e12fbf775759e,cbd1fbbb4c858ffca0d3,4,False,pending
cbd1fbbb4c858ffca0d3,0a2198a7076c4bd295d1,4,False,pending
cbd1fbbb4c858ffca0d3,65854757dcaff384c670,4,False,pending
cbd1fbbb4c858ffca0d3,e5013a8c474d11ade8ad,4,False,pending
cbd1fbbb4c858ffca0d3,1aa4b99ba1516514862b,2,False,pending
641ea654e99bccdc289c,de218c0593e1317ca728,3,False,pending
8f3e3fd7f400ab607ed6,de218c0593e1317ca728,4,False,pending
8f3e3fd7f400ab607ed6,1aa4b99ba1516514862b,4,False,pending
46bde6cf2771ce1e2a86,e5013a8c474d11ade8ad,4,False,pending
a6413e34de013089bd0c,81528a43ee8eb37f3eb9,4,False,pending
0a2198a7076c4bd295d1,37398ad10beba62489cc,3,False,pending
0a2198a7076c4bd295d1,3dbf303aefe1ba68357e,3,False,pending
0a2198a7076c4bd295d1,1df108a6a2bf9dd9a421,4,False,pending
0a2198a7076c4bd295d1,2a4c16c694a952f358b5,2,False,pending
2b37745dd6ec5d7c34e9,132605278b7d28016192,4,False,pending
2b37745dd6ec5d7c34e9,7966becb186755884ea1,4,False,pending
37398ad10beba62489cc,3dbf303aefe1ba68357e,4,False,pending
37398ad10beba62489cc,2a4c16c694a952f358b5,3,False,pending
3dbf303aefe1ba68357e,1df108a6a2bf9dd9a421,3,False,pending
3dbf303aefe1ba68357e,27c0cd78316a24cea48e,4,False,pending
3dbf303aefe1ba68357e,b265f9a9921bc3d6a403,3,False,pending
1df108a6a2bf9dd9a421,78f929222e9f541da3f0,2,False,pending
c95f71b8878058b16a37,b2b188539af0c9aa06f2,4,False,pending
c95f71b8878058b16a37,651c7db8427aaf2cee9f,4,False,pending
c95f71b8878058b16a37,5bf4f67ac535ceb382b0,4,False,pending
c95f71b8878058b16a37,37302a74bac6c4a4417c,3,False,pending
63b1775031d4dec6c517,6939757f1c84bf43b0ef,3,False,pending
63b1775031d4dec6c517,4d8f3e181473d964bf6e,4,False,pending
0e57a4765ab4c37a5668,db12171e3185d342f63c,3,False,pending
211ff666c9efdb42cca5,e82abb15272c9f6046aa,4,False,pending
211ff666c9efdb42cca5,1cf572a214d6c100c127,4,False,pending
211ff666c9efdb42cca5,2db3ac04732dc13f45b8,4,False,pending
b2b188539af0c9aa06f2,6b0bed58484c783e56c7,1,False,pending
b2b188539af0c9aa06f2,e4fc790a90c18394a04b,3,False,pending
b2b188539af0c9aa06f2,e82abb15272c9f6046aa,4,False,pending
b2b188539af0c9aa06f2,5e85163cec5bc3abbad6,4,False,pending
b2b188539af0c9aa06f2,1cf572a214d6c100c127,4,False,pending
b2b188539af0c9aa06f2,2db3ac04732dc13f45b8,4,False,pending
8ace67357e01757b9e78,6b0bed58484c783e56c7,4,False,pending
6b0bed58484c783e56c7,e4fc790a90c18394a04b,4,False,pending
0da40567493a05a177f7,d2b955626304599652e9,4,False,pending
0da40567493a05a177f7,a473364c52013dfa23f5,2,False,pending
0da40567493a05a177f7,132605278b7d28016192,1,False,pending
0da40567493a05a177f7,7966becb186755884ea1,1,False,pending
0da40567493a05a177f7,cc75cd7faffdb0e9f76f,4,False,pending
d2b955626304599652e9,a473364c52013dfa23f5,2,False,pending
d2b955626304599652e9,cc75cd7faffdb0e9f76f,4,False,pending
5448785d6bcce9b60bd4,9ef50bb0e8fa5c4770b1,2,False,pending
5448785d6bcce9b60bd4,ee77d7fd08a6d3d8994c,4,False,pending
5448785d6bcce9b60bd4,d200889af0cd34953b1f,3,False,pending
9ef50bb0e8fa5c4770b1,ee77d7fd08a6d3d8994c,4,False,pending
ee77d7fd08a6d3d8994c,e4fc790a90c18394a04b,4,False,pending
ee77d7fd08a6d3d8994c,d200889af0cd34953b1f,3,False,pending
e4fc790a90c18394a04b,a71ac2c6e3ce6d0f19f7,4,False,pending
e4fc790a90c18394a04b,e82abb15272c9f6046aa,3,False,pending
e4fc790a90c18394a04b,37302a74bac6c4a4417c,4,False,pending
a71ac2c6e3ce6d0f19f7,012d8d5f251a0318a330,3,False,pending
a71ac2c6e3ce6d0f19f7,e428bb69935cfa93a9a4,3,False,pending
a71ac2c6e3ce6d0f19f7,b91734e9231f2ffd5499,1,False,pending
012d8d5f251a0318a330,789a012e661120910223,2,False,pending
012d8d5f251a0318a330,1605553a34e57ac7347b,2,False,pending
012d8d5f251a0318a330,fd642d59d39859aa5f34,3,False,pending
012d8d5f251a0318a330,97ca381a93c5a7964be7,3,False,pending
012d8d5f251a0318a330,b91734e9231f2ffd5499,2,False,pending
789a012e661120910223,1605553a34e57ac7347b,0,False,pending
789a012e661120910223,fd642d59d39859aa5f34,3,False,pending
789a012e661120910223,18de7c43e0cef6718eec,4,False,pending
789a012e661120910223,d03695c649ff8f564205,3,False,pending
789a012e661120910223,b91734e9231f2ffd5499,4,False,pending
1605553a34e57ac7347b,fd642d59d39859aa5f34,3,False,pending
1605553a34e57ac7347b,18de7c43e0cef6718eec,4,False,pending
1605553a34e57ac7347b,d03695c649ff8f564205,3,False,pending
1605553a34e57ac7347b,b91734e9231f2ffd5499,4,False,pending
fd642d59d39859aa5f34,97ca381a93c5a7964be7,2,False,pending
fd642d59d39859aa5f34,92cde679f5c5b6d6ccd7,4,False,pending
fd642d59d39859aa5f34,966cb17b522bfb453d9b,4,False,pending
fd642d59d39859aa5f34,319b3dc3465c2a68f031,4,False,pending
97ca381a93c5a7964be7,92cde679f5c5b6d6ccd7,2,False,pending
97ca381a93c5a7964be7,966cb17b522bfb453d9b,4,False,pending
97ca381a93c5a7964be7,319b3dc3465c2a68f031,4,False,pending
92cde679f5c5b6d6ccd7,966cb17b522bfb453d9b,2,False,pending
92cde679f5c5b6d6ccd7,cc6c1505a609f92ec10a,3,False,pending
92cde679f5c5b6d6ccd7,319b3dc3465c2a68f031,4,False,pending
2980389f99cd1f2e66e9,55be0d3e5f69ff29e1f3,4,False,pending
e428bb69935cfa93a9a4,b91734e9231f2ffd5499,4,False,pending
e428bb69935cfa93a9a4,d633d002695da6d897d6,4,False,pending
58d595ff7be5e95f3a0c,966cb17b522bfb453d9b,3,False,pending
76ad5c08109e3bf7d715,30487a13f17a0b1d04e7,3,False,pending
76ad5c08109e3bf7d715,c61d4600ad32ec840e9a,3,False,pending
30487a13f17a0b1d04e7,16a5dbbd29b83fa748d4,4,False,pending
30487a13f17a0b1d04e7,c61d4600ad32ec840e9a,4,False,pending
16a5dbbd29b83fa748d4,87f9c24a0928237dbfb0,4,False,pending
c61d4600ad32ec840e9a,87f9c24a0928237dbfb0,4,False,pending
c61d4600ad32ec840e9a,b61ee59c33d22abc9343,4,False,pending
87f9c24a0928237dbfb0,d6f3488c7b954c888882,4,False,pending
87f9c24a0928237dbfb0,d8d92aa81d0f8db2b2fa,4,False,pending
b61ee59c33d22abc9343,d03695c649ff8f564205,4,False,pending
b61ee59c33d22abc9343,d8d92aa81d0f8db2b2fa,4,False,pending
d6f3488c7b954c888882,d8d92aa81d0f8db2b2fa,2,False,pending
9d5fa53e36ab521931bd,854afadb33a7208f919f,3,False,pending
9d5fa53e36ab521931bd,ff6364b1dc657458df39,4,False,pending
9d5fa53e36ab521931bd,9e5df5519f3824f219f6,4,False,pending
9d5fa53e36ab521931bd,bb08dfff3a6a253ac141,4,False,pending
9d5fa53e36ab521931bd,6e789998150f5ec2fd57,2,False,pending
9d5fa53e36ab521931bd,feba64fe7e95bc62a537,3,False,pending
30b7ceadced9cb7697c1,854afadb33a7208f919f,3,False,pending
30b7ceadced9cb7697c1,ff6364b1dc657458df39,4,False,pending
30b7ceadced9cb7697c1,9e5df5519f3824f219f6,4,False,pending
30b7ceadced9cb7697c1,bb08dfff3a6a253ac141,4,False,pending
30b7ceadced9cb7697c1,6e789998150f5ec2fd57,2,False,pending
30b7ceadced9cb7697c1,feba64fe7e95bc62a537,3,False,pending
854afadb33a7208f919f,50b35866606609772541,4,False,pending
854afadb33a7208f919f,6e789998150f5ec2fd57,3,False,pending
50b35866606609772541,ff6364b1dc657458df39,3,False,pending
ff6364b1dc657458df39,9e5df5519f3824f219f6,2,False,pending
ff6364b1dc657458df39,bb08dfff3a6a253ac141,2,False,pending
ff6364b1dc657458df39,6e789998150f5ec2fd57,4,False,pending
9e5df5519f3824f219f6,6e789998150f5ec2fd57,2,False,pending
bb08dfff3a6a253ac141,6e789998150f5ec2fd57,2,False,pending
6e789998150f5ec2fd57,feba64fe7e95bc62a537,3,False,pending
a23443f29a53e1fe54ca,e9ff0663c21970225ad3,3,False,pending
e9ff0663c21970225ad3,1ff42ebe0f836e852ed1,2,False,pending
e9ff0663c21970225ad3,a08ed75164c338e6703c,2,False,pending
1ff42ebe0f836e852ed1,84ac59e5cd60d0b2eae7,4,False,pending
a08ed75164c338e6703c,84ac59e5cd60d0b2eae7,4,False,pending
baf000635aef153fa23b,669f37836572beecc8c0,1,False,pending
baf000635aef153fa23b,f9ed9794c5846d1f1811,4,False,pending
baf000635aef153fa23b,b691e4d7d16f3fd0e389,3,False,pending
669f37836572beecc8c0,c617c224c2859199b606,4,False,pending
669f37836572beecc8c0,f9ed9794c5846d1f1811,3,False,pending
669f37836572beecc8c0,41fc5fd468498e7a5af2,4,False,pending
669f37836572beecc8c0,b691e4d7d16f3fd0e389,2,False,pending
e21c7cc4f46139e595ff,c617c224c2859199b606,3,False,pending
e21c7cc4f46139e595ff,f9ed9794c5846d1f1811,2,False,pending
e21c7cc4f46139e595ff,3781a0e98b5f8841f934,1,False,pending
c617c224c2859199b606,f9ed9794c5846d1f1811,1,False,pending
c617c224c2859199b606,3781a0e98b5f8841f934,4,False,pending
c617c224c2859199b606,b691e4d7d16f3fd0e389,4,False,pending
f9ed9794c5846d1f1811,3781a0e98b5f8841f934,3,False,pending
f9ed9794c5846d1f1811,b691e4d7d16f3fd0e389,3,False,pending
41fc5fd468498e7a5af2,b691e4d7d16f3fd0e389,2,False,pending
f6a1251291888b3691e4,23b75d02d460181cec13,3,False,pending
f6a1251291888b3691e4,a878345117133df91bbf,3,False,pending
f6a1251291888b3691e4,75df72aa179c78ffbe31,4,False,pending
23b75d02d460181cec13,a878345117133df91bbf,0,False,pending
23b75d02d460181cec13,c4efb8904da4ab8c274b,4,False,pending
a878345117133df91bbf,c4efb8904da4ab8c274b,4,False,pending
75df72aa179c78ffbe31,9179d315d0d08ba25ef6,2,False,pending
75df72aa179c78ffbe31,80b87f54dfd2a494a781,3,False,pending
75df72aa179c78ffbe31,e219802634da8eb1dcf8,3,False,pending
75df72aa179c78ffbe31,c7262d33ee6ba4782d74,3,False,pending
75df72aa179c78ffbe31,78dbd32d8b78c2736c7d,4,False,pending
75df72aa179c78ffbe31,c4efb8904da4ab8c274b,3,False,pending
75df72aa179c78ffbe31,55a3042d8baeb03b1d2a,2,False,pending
9179d315d0d08ba25ef6,80b87f54dfd2a494a781,3,False,pending
9179d315d0d08ba25ef6,e219802634da8eb1dcf8,3,False,pending
9179d315d0d08ba25ef6,c7262d33ee6ba4782d74,3,False,pending
9179d315d0d08ba25ef6,78dbd32d8b78c2736c7d,4,False,pending
9179d315d0d08ba25ef6,c4efb8904da4ab8c274b,3,False,pending
9179d315d0d08ba25ef6,55a3042d8baeb03b1d2a,2,False,pending
80b87f54dfd2a494a781,e219802634da8eb1dcf8,2,False,pending
80b87f54dfd2a494a781,c7262d33ee6ba4782d74,2,False,pending
80b87f54dfd2a494a781,cfd957b2a6280fa78798,2,False,pending
80b87f54dfd2a494a781,099f55d726609c3e067a,2,False,pending
80b87f54dfd2a494a781,78dbd32d8b78c2736c7d,3,False,pending
80b87f54dfd2a494a781,c4efb8904da4ab8c274b,4,False,pending
80b87f54dfd2a494a781,55a3042d8baeb03b1d2a,3,False,pending
e219802634da8eb1dcf8,cfd957b2a6280fa78798,2,False,pending
e219802634da8eb1dcf8,099f55d726609c3e067a,2,False,pending
e219802634da8eb1dcf8,78dbd32d8b78c2736c7d,1,False,pending
e219802634da8eb1dcf8,c4efb8904da4ab8c274b,4,False,pending
e219802634da8eb1dcf8,55a3042d8baeb03b1d2a,3,False,pending
c7262d33ee6ba4782d74,cfd957b2a6280fa78798,2,False,pending
c7262d33ee6ba4782d74,099f55d726609c3e067a,2,False,pending
c7262d33ee6ba4782d74,78dbd32d8b78c2736c7d,1,False,pending
c7262d33ee6ba4782d74,c4efb8904da4ab8c274b,4,False,pending
c7262d33ee6ba4782d74,55a3042d8baeb03b1d2a,3,False,pending
cfd957b2a6280fa78798,78dbd32d8b78c2736c7d,1,False,pending
099f55d726609c3e067a,78dbd32d8b78c2736c7d,1,False,pending
78dbd32d8b78c2736c7d,55a3042d8baeb03b1d2a,4,False,pending
c4efb8904da4ab8c274b,55a3042d8baeb03b1d2a,1,False,pending
2815cf97da77bcf9b1bc,07d7a712d8ed7e24d7ae,0,False,pending
2815cf97da77bcf9b1bc,33edaac6b2a8ec2ae66d,3,False,pending
07d7a712d8ed7e24d7ae,33edaac6b2a8ec2ae66d,3,False,pending
b94caabc4b10487bdec5,107768ca7825c509d025,1,False,pending
b94caabc4b10487bdec5,7263cae6e898bc7f20a8,1,False,pending
b94caabc4b10487bdec5,05e8c1eee0399894908c,2,False,pending
b94caabc4b10487bdec5,593775773d3c5912b25e,4,False,pending
b94caabc4b10487bdec5,335603eeb8e00360812a,4,False,pending
b94caabc4b10487bdec5,1fc549a3f42c99dd7b4f,3,False,pending
b94caabc4b10487bdec5,4ce09bb5dd2b2104683e,3,False,pending
b94caabc4b10487bdec5,c263b10acbed7d9ce56e,2,False,pending
b94caabc4b10487bdec5,7dfa8a88e189555d71ca,1,False,pending
b94caabc4b10487bdec5,b77776a9914b2542a475,1,False,pending
b94caabc4b10487bdec5,a8381cf3831847e1b254,0,False,pending
b94caabc4b10487bdec5,70bfcd6593828bddbc28,2,False,pending
b94caabc4b10487bdec5,644b08ea92be7e5966f5,3,False,pending
b94caabc4b10487bdec5,a9f2d079250f8ca533f2,3,False,pending
b94caabc4b10487bdec5,3435b205cf2894c16d94,1,False,pending
b94caabc4b10487bdec5,561e219f4507a73d9826,2,False,pending
b94caabc4b10487bdec5,55fb626c9581efc07447,3,False,pending
b94caabc4b10487bdec5,b8f70e59b3e6a470efd1,3,False,pending
b94caabc4b10487bdec5,02637da2d1bec857f727,2,False,pending
b94caabc4b10487bdec5,e7306963a8ec3a39a8c6,2,False,pending
b94caabc4b10487bdec5,5dd7c49e1a9ce0914e81,4,False,pending
107768ca7825c509d025,7263cae6e898bc7f20a8,2,False,pending
107768ca7825c509d025,05e8c1eee0399894908c,3,False,pending
107768ca7825c509d025,c33622b54ccb66b8ea42,4,False,pending
107768ca7825c509d025,250ae161e30aac952b55,4,False,pending
107768ca7825c509d025,593775773d3c5912b25e,3,False,pending
107768ca7825c509d025,335603eeb8e00360812a,3,False,pending
107768ca7825c509d025,1fc549a3f42c99dd7b4f,4,False,pending
107768ca7825c509d025,4ce09bb5dd2b2104683e,4,False,pending
107768ca7825c509d025,c263b10acbed7d9ce56e,3,False,pending
107768ca7825c509d025,7dfa8a88e189555d71ca,2,False,pending
107768ca7825c509d025,b77776a9914b2542a475,2,False,pending
107768ca7825c509d025,a8381cf3831847e1b254,1,False,pending
107768ca7825c509d025,70bfcd6593828bddbc28,3,False,pending
107768ca7825c509d025,644b08ea92be7e5966f5,4,False,pending
107768ca7825c509d025,a9f2d079250f8ca533f2,4,False,pending
107768ca7825c509d025,3435b205cf2894c16d94,2,False,pending
107768ca7825c509d025,561e219f4507a73d9826,3,False,pending
107768ca7825c509d025,55fb626c9581efc07447,4,False,pending
107768ca7825c509d025,b8f70e59b3e6a470efd1,4,False,pending
107768ca7825c509d025,02637da2d1bec857f727,3,False,pending
107768ca7825c509d025,e7306963a8ec3a39a8c6,3,False,pending
7263cae6e898bc7f20a8,05e8c1eee0399894908c,3,False,pending
7263cae6e898bc7f20a8,593775773d3c5912b25e,3,False,pending
7263cae6e898bc7f20a8,335603eeb8e00360812a,3,False,pending
7263cae6e898bc7f20a8,1fc549a3f42c99dd7b4f,2,False,pending
7263cae6e898bc7f20a8,4ce09bb5dd2b2104683e,4,False,pending
7263cae6e898bc7f20a8,c263b10acbed7d9ce56e,1,False,pending
7263cae6e898bc7f20a8,7dfa8a88e189555d71ca,2,False,pending
7263cae6e898bc7f20a8,b77776a9914b2542a475,2,False,pending
7263cae6e898bc7f20a8,a8381cf3831847e1b254,1,False,pending
7263cae6e898bc7f20a8,70bfcd6593828bddbc28,1,False,pending
7263cae6e898bc7f20a8,644b08ea92be7e5966f5,2,False,pending
7263cae6e898bc7f20a8,a9f2d079250f8ca533f2,2,False,pending
7263cae6e898bc7f20a8,3435b205cf2894c16d94,2,False,pending
7263cae6e898bc7f20a8,561e219f4507a73d9826,3,False,pending
7263cae6e898bc7f20a8,55fb626c9581efc07447,4,False,pending
7263cae6e898bc7f20a8,b8f70e59b3e6a470efd1,4,False,pending
7263cae6e898bc7f20a8,02637da2d1bec857f727,3,False,pending
7263cae6e898bc7f20a8,e7306963a8ec3a39a8c6,3,False,pending
05e8c1eee0399894908c,7c9c871f531293c4e57a,4,False,pending
05e8c1eee0399894908c,8252eceecef1ba121f59,4,False,pending
05e8c1eee0399894908c,c33622b54ccb66b8ea42,3,False,pending
05e8c1eee0399894908c,250ae161e30aac952b55,3,False,pending
05e8c1eee0399894908c,593775773d3c5912b25e,4,False,pending
05e8c1eee0399894908c,335603eeb8e00360812a,4,False,pending
05e8c1eee0399894908c,1fc549a3f42c99dd7b4f,3,False,pending
05e8c1eee0399894908c,c263b10acbed7d9ce56e,4,False,pending
05e8c1eee0399894908c,7dfa8a88e189555d71ca,3,False,pending
05e8c1eee0399894908c,b77776a9914b2542a475,3,False,pending
05e8c1eee0399894908c,a8381cf3831847e1b254,2,False,pending
05e8c1eee0399894908c,70bfcd6593828bddbc28,4,False,pending
05e8c1eee0399894908c,3435b205cf2894c16d94,3,False,pending
05e8c1eee0399894908c,561e219f4507a73d9826,4,False,pending
05e8c1eee0399894908c,02637da2d1bec857f727,4,False,pending
05e8c1eee0399894908c,e7306963a8ec3a39a8c6,4,False,pending
7c9c871f531293c4e57a,8252eceecef1ba121f59,4,False,pending
7c9c871f531293c4e57a,c33622b54ccb66b8ea42,3,False,pending
7c9c871f531293c4e57a,250ae161e30aac952b55,3,False,pending
7c9c871f531293c4e57a,593775773d3c5912b25e,4,False,pending
7c9c871f531293c4e57a,335603eeb8e00360812a,4,False,pending
8252eceecef1ba121f59,c33622b54ccb66b8ea42,1,False,pending
8252eceecef1ba121f59,250ae161e30aac952b55,1,False,pending
8252eceecef1ba121f59,f98f843aca25aa543bd5,4,False,pending
8252eceecef1ba121f59,079cc4c9bd31d0b67455,4,False,pending
593775773d3c5912b25e,1fc549a3f42c99dd7b4f,1,False,pending
593775773d3c5912b25e,c263b10acbed7d9ce56e,4,False,pending
593775773d3c5912b25e,e174998ba34c2ba61621,4,False,pending
593775773d3c5912b25e,b7c4dd5b39b047b665c9,4,False,pending
593775773d3c5912b25e,a8381cf3831847e1b254,4,False,pending
593775773d3c5912b25e,70bfcd6593828bddbc28,4,False,pending
593775773d3c5912b25e,561e219f4507a73d9826,4,False,pending
593775773d3c5912b25e,02637da2d1bec857f727,4,False,pending
593775773d3c5912b25e,e7306963a8ec3a39a8c6,4,False,pending
335603eeb8e00360812a,1fc549a3f42c99dd7b4f,1,False,pending
335603eeb8e00360812a,c263b10acbed7d9ce56e,4,False,pending
335603eeb8e00360812a,e174998ba34c2ba61621,4,False,pending
335603eeb8e00360812a,b7c4dd5b39b047b665c9,4,False,pending
335603eeb8e00360812a,a8381cf3831847e1b254,4,False,pending
335603eeb8e00360812a,70bfcd6593828bddbc28,4,False,pending
335603eeb8e00360812a,561e219f4507a73d9826,4,False,pending
335603eeb8e00360812a,02637da2d1bec857f727,4,False,pending
335603eeb8e00360812a,e7306963a8ec3a39a8c6,4,False,pending
1fc549a3f42c99dd7b4f,c263b10acbed7d9ce56e,3,False,pending
1fc549a3f42c99dd7b4f,7dfa8a88e189555d71ca,4,False,pending
1fc549a3f42c99dd7b4f,b77776a9914b2542a475,4,False,pending
1fc549a3f42c99dd7b4f,a8381cf3831847e1b254,3,False,pending
1fc549a3f42c99dd7b4f,70bfcd6593828bddbc28,3,False,pending
1fc549a3f42c99dd7b4f,644b08ea92be7e5966f5,4,False,pending
1fc549a3f42c99dd7b4f,a9f2d079250f8ca533f2,4,False,pending
1fc549a3f42c99dd7b4f,3435b205cf2894c16d94,4,False,pending
1fc549a3f42c99dd7b4f,561e219f4507a73d9826,3,False,pending
1fc549a3f42c99dd7b4f,55fb626c9581efc07447,4,False,pending
1fc549a3f42c99dd7b4f,b8f70e59b3e6a470efd1,4,False,pending
1fc549a3f42c99dd7b4f,02637da2d1bec857f727,3,False,pending
1fc549a3f42c99dd7b4f,e7306963a8ec3a39a8c6,3,False,pending
608aad897a203d6db23c,3991432061a3cba6f7ce,3,False,pending
608aad897a203d6db23c,809e7de53a77ba6fe344,3,False,pending
608aad897a203d6db23c,d3e3ac77447dcc1c6a8b,2,False,pending
608aad897a203d6db23c,52c647ea2d0295eb3a97,1,False,pending
608aad897a203d6db23c,f690152a7687eb90f3ff,2,False,pending
8a9b0118f749f46fee61,3991432061a3cba6f7ce,3,False,pending
8a9b0118f749f46fee61,809e7de53a77ba6fe344,3,False,pending
8a9b0118f749f46fee61,d3e3ac77447dcc1c6a8b,2,False,pending
8a9b0118f749f46fee61,52c647ea2d0295eb3a97,1,False,pending
8a9b0118f749f46fee61,f690152a7687eb90f3ff,2,False,pending
3991432061a3cba6f7ce,d3e3ac77447dcc1c6a8b,1,False,pending
3991432061a3cba6f7ce,52c647ea2d0295eb3a97,2,False,pending
3991432061a3cba6f7ce,f690152a7687eb90f3ff,1,False,pending
809e7de53a77ba6fe344,d3e3ac77447dcc1c6a8b,1,False,pending
809e7de53a77ba6fe344,52c647ea2d0295eb3a97,2,False,pending
809e7de53a77ba6fe344,f690152a7687eb90f3ff,1,False,pending
d3e3ac77447dcc1c6a8b,52c647ea2d0295eb3a97,1,False,pending
d3e3ac77447dcc1c6a8b,f690152a7687eb90f3ff,0,False,pending
52c647ea2d0295eb3a97,f690152a7687eb90f3ff,1,False,pending
aaf60e6ea4ea16114454,ed1ddb6b4bb6d8f893ba,1,False,pending
4ce09bb5dd2b2104683e,7dfa8a88e189555d71ca,4,False,pending
4ce09bb5dd2b2104683e,b77776a9914b2542a475,4,False,pending
4ce09bb5dd2b2104683e,a8381cf3831847e1b254,3,False,pending
4ce09bb5dd2b2104683e,70bfcd6593828bddbc28,3,False,pending
4ce09bb5dd2b2104683e,644b08ea92be7e5966f5,4,False,pending
4ce09bb5dd2b2104683e,a9f2d079250f8ca533f2,4,False,pending
4ce09bb5dd2b2104683e,3435b205cf2894c16d94,2,False,pending
4ce09bb5dd2b2104683e,561e219f4507a73d9826,3,False,pending
4ce09bb5dd2b2104683e,55fb626c9581efc07447,4,False,pending
4ce09bb5dd2b2104683e,b8f70e59b3e6a470efd1,4,False,pending
4ce09bb5dd2b2104683e,02637da2d1bec857f727,3,False,pending
4ce09bb5dd2b2104683e,e7306963a8ec3a39a8c6,3,False,pending
c263b10acbed7d9ce56e,7dfa8a88e189555d71ca,3,False,pending
c263b10acbed7d9ce56e,b77776a9914b2542a475,3,False,pending
c263b10acbed7d9ce56e,a8381cf3831847e1b254,2,False,pending
c263b10acbed7d9ce56e,70bfcd6593828bddbc28,2,False,pending
c263b10acbed7d9ce56e,644b08ea92be7e5966f5,3,False,pending
c263b10acbed7d9ce56e,a9f2d079250f8ca533f2,3,False,pending
c263b10acbed7d9ce56e,3435b205cf2894c16d94,3,False,pending
c263b10acbed7d9ce56e,561e219f4507a73d9826,4,False,pending
c263b10acbed7d9ce56e,02637da2d1bec857f727,4,False,pending
c263b10acbed7d9ce56e,e7306963a8ec3a39a8c6,4,False,pending
7dfa8a88e189555d71ca,b77776a9914b2542a475,0,False,pending
7dfa8a88e189555d71ca,a8381cf3831847e1b254,1,False,pending
7dfa8a88e189555d71ca,70bfcd6593828bddbc28,3,False,pending
7dfa8a88e189555d71ca,644b08ea92be7e5966f5,4,False,pending
7dfa8a88e189555d71ca,a9f2d079250f8ca533f2,4,False,pending
7dfa8a88e189555d71ca,3435b205cf2894c16d94,2,False,pending
7dfa8a88e189555d71ca,561e219f4507a73d9826,3,False,pending
7dfa8a88e189555d71ca,55fb626c9581efc07447,4,False,pending
7dfa8a88e189555d71ca,b8f70e59b3e6a470efd1,4,False,pending
7dfa8a88e189555d71ca,02637da2d1bec857f727,3,False,pending
7dfa8a88e189555d71ca,e7306963a8ec3a39a8c6,3,False,pending
b77776a9914b2542a475,a8381cf3831847e1b254,1,False,pending
b77776a9914b2542a475,70bfcd6593828bddbc28,3,False,pending
b77776a9914b2542a475,644b08ea92be7e5966f5,4,False,pending
b77776a9914b2542a475,a9f2d079250f8ca533f2,4,False,pending
b77776a9914b2542a475,3435b205cf2894c16d94,2,False,pending
b77776a9914b2542a475,561e219f4507a73d9826,3,False,pending
b77776a9914b2542a475,55fb626c9581efc07447,4,False,pending
b77776a9914b2542a475,b8f70e59b3e6a470efd1,4,False,pending
b77776a9914b2542a475,02637da2d1bec857f727,3,False,pending
b77776a9914b2542a475,e7306963a8ec3a39a8c6,3,False,pending
125c057295824f0369c7,1a48a408851dab6540de,2,False,pending
125c057295824f0369c7,d7578bc0a9ca62383e56,3,False,pending
125c057295824f0369c7,ad92397dcbd78e14b658,2,False,pending
1a48a408851dab6540de,d7578bc0a9ca62383e56,3,False,pending
1a48a408851dab6540de,ad92397dcbd78e14b658,4,False,pending
19ea107e0c01cedc3cec,974a13efce9381e1b3c2,2,False,pending
19ea107e0c01cedc3cec,7ea8f449f427df103512,4,False,pending
19ea107e0c01cedc3cec,a1284abf4f7f09fec6d3,1,False,pending
974a13efce9381e1b3c2,d66ce1886d240680f8c7,3,False,pending
974a13efce9381e1b3c2,7ea8f449f427df103512,4,False,pending
974a13efce9381e1b3c2,a1284abf4f7f09fec6d3,1,False,pending
d66ce1886d240680f8c7,7ea8f449f427df103512,1,False,pending
d66ce1886d240680f8c7,a1284abf4f7f09fec6d3,4,False,pending
7ea8f449f427df103512,a1284abf4f7f09fec6d3,3,False,pending
4e17f91ae8ee849a1691,ba6419dc9167e9237b71,3,False,pending
4e17f91ae8ee849a1691,2e4d52511b2426c955df,4,False,pending
4e17f91ae8ee849a1691,cc3c34712ddf2900bc2f,4,False,pending
4e17f91ae8ee849a1691,1f931daf1d2f81116c5b,4,False,pending
2cacb01c5b28c601db53,ba6419dc9167e9237b71,4,False,pending
2cacb01c5b28c601db53,2dfc622c5e5f06b28c84,0,False,pending
ba6419dc9167e9237b71,2dfc622c5e5f06b28c84,4,False,pending
ba6419dc9167e9237b71,2e4d52511b2426c955df,1,False,pending
ba6419dc9167e9237b71,cc3c34712ddf2900bc2f,1,False,pending
6894dc06474ef3ac5b94,f17dcd4cd61eb0fe3ddb,3,False,pending
1676ec98fb9c76c39733,e174998ba34c2ba61621,3,False,pending
1676ec98fb9c76c39733,b7c4dd5b39b047b665c9,3,False,pending
08aa995f346373c7b53b,e174998ba34c2ba61621,3,False,pending
08aa995f346373c7b53b,b7c4dd5b39b047b665c9,3,False,pending
e8aef625c65a43f871f4,8fd76bf0fefa4b1ef756,2,False,pending
cc23e451bcf4412aa859,c5db0d54e31757641f41,4,False,pending
cc23e451bcf4412aa859,e112bb55b65992c0b4c6,4,False,pending
bde9664d568fc3d4970e,e112bb55b65992c0b4c6,2,False,pending
c5db0d54e31757641f41,e112bb55b65992c0b4c6,4,False,pending
a40cc548cd81502de9f6,ece9c2831a45bac2acf7,4,False,pending
ece9c2831a45bac2acf7,1aef742bd93f38c3f02f,4,False,pending
19fed5d94a5541b666bd,757c62e22c6cb7da3a2d,4,False,pending
a8381cf3831847e1b254,70bfcd6593828bddbc28,2,False,pending
a8381cf3831847e1b254,644b08ea92be7e5966f5,3,False,pending
a8381cf3831847e1b254,a9f2d079250f8ca533f2,3,False,pending
a8381cf3831847e1b254,3435b205cf2894c16d94,1,False,pending
a8381cf3831847e1b254,561e219f4507a73d9826,2,False,pending
a8381cf3831847e1b254,55fb626c9581efc07447,3,False,pending
a8381cf3831847e1b254,b8f70e59b3e6a470efd1,3,False,pending
a8381cf3831847e1b254,02637da2d1bec857f727,2,False,pending
a8381cf3831847e1b254,e7306963a8ec3a39a8c6,2,False,pending
a8381cf3831847e1b254,5dd7c49e1a9ce0914e81,4,False,pending
70bfcd6593828bddbc28,644b08ea92be7e5966f5,1,False,pending
70bfcd6593828bddbc28,a9f2d079250f8ca533f2,1,False,pending
70bfcd6593828bddbc28,3435b205cf2894c16d94,1,False,pending
70bfcd6593828bddbc28,561e219f4507a73d9826,2,False,pending
70bfcd6593828bddbc28,55fb626c9581efc07447,3,False,pending
70bfcd6593828bddbc28,b8f70e59b3e6a470efd1,3,False,pending
70bfcd6593828bddbc28,02637da2d1bec857f727,2,False,pending
70bfcd6593828bddbc28,e7306963a8ec3a39a8c6,2,False,pending
644b08ea92be7e5966f5,3435b205cf2894c16d94,2,False,pending
644b08ea92be7e5966f5,561e219f4507a73d9826,3,False,pending
644b08ea92be7e5966f5,55fb626c9581efc07447,2,False,pending
644b08ea92be7e5966f5,b8f70e59b3e6a470efd1,4,False,pending
644b08ea92be7e5966f5,02637da2d1bec857f727,3,False,pending
644b08ea92be7e5966f5,e7306963a8ec3a39a8c6,3,False,pending
a9f2d079250f8ca533f2,3435b205cf2894c16d94,2,False,pending
a9f2d079250f8ca533f2,561e219f4507a73d9826,3,False,pending
a9f2d079250f8ca533f2,55fb626c9581efc07447,2,False,pending
a9f2d079250f8ca533f2,b8f70e59b3e6a470efd1,4,False,pending
a9f2d079250f8ca533f2,02637da2d1bec857f727,3,False,pending
a9f2d079250f8ca533f2,e7306963a8ec3a39a8c6,3,False,pending
3435b205cf2894c16d94,561e219f4507a73d9826,1,False,pending
3435b205cf2894c16d94,55fb626c9581efc07447,2,False,pending
3435b205cf2894c16d94,b8f70e59b3e6a470efd1,2,False,pending
3435b205cf2894c16d94,02637da2d1bec857f727,1,False,pending
3435b205cf2894c16d94,e7306963a8ec3a39a8c6,1,False,pending
3435b205cf2894c16d94,2b7e2505835e91470cb8,4,False,pending
561e219f4507a73d9826,55fb626c9581efc07447,1,False,pending
561e219f4507a73d9826,b8f70e59b3e6a470efd1,1,False,pending
561e219f4507a73d9826,02637da2d1bec857f727,0,False,pending
561e219f4507a73d9826,e7306963a8ec3a39a8c6,0,False,pending
55fb626c9581efc07447,b8f70e59b3e6a470efd1,2,False,pending
55fb626c9581efc07447,02637da2d1bec857f727,1,False,pending
55fb626c9581efc07447,e7306963a8ec3a39a8c6,1,False,pending
b8f70e59b3e6a470efd1,02637da2d1bec857f727,1,False,pending
b8f70e59b3e6a470efd1,e7306963a8ec3a39a8c6,1,False,pending
b8f70e59b3e6a470efd1,2b7e2505835e91470cb8,4,False,pending
2b7e2505835e91470cb8,5dd7c49e1a9ce0914e81,3,False,pending
aac7d5d4fbe5645c3af1,a7afddf396cf14f8cdd8,4,False,pending
aac7d5d4fbe5645c3af1,208df034d912252c7f52,4,False,pending
aac7d5d4fbe5645c3af1,16d7f8f71fa9eabcddf0,3,False,pending
8f88eee1e9a55d164d4d,a7afddf396cf14f8cdd8,3,False,pending
8f88eee1e9a55d164d4d,2b0d963ede6a0a83445a,4,False,pending
8f88eee1e9a55d164d4d,c5035e71893af4571894,4,False,pending
8f88eee1e9a55d164d4d,208df034d912252c7f52,3,False,pending
8f88eee1e9a55d164d4d,16d7f8f71fa9eabcddf0,4,False,pending
208df034d912252c7f52,16d7f8f71fa9eabcddf0,1,False,pending
479449efa99186c75307,7e901805c9f7724e606a,3,False,pending
479449efa99186c75307,c62a89224598f6801f1a,4,False,pending
479449efa99186c75307,3579cd0148e3dac5f5ee,4,False,pending
36c4e55d700bbd3de09e,7e901805c9f7724e606a,3,False,pending
36c4e55d700bbd3de09e,c62a89224598f6801f1a,4,False,pending
36c4e55d700bbd3de09e,3579cd0148e3dac5f5ee,4,False,pending
c62a89224598f6801f1a,3579cd0148e3dac5f5ee,2,False,pending
1bc6afa518a22e35bfa2,fea7423b840b1b113e94,3,False,pending
9b3a0ceb3e27aeb9ff54,2d187f3e52ff69ff948c,4,False,pending
9b3a0ceb3e27aeb9ff54,42c75b0f7a2c6fb1d4d8,4,False,pending
06d1a28ed5a5f972bf01,cbeded38866e29e09ab1,4,False,pending
05a4651199b41d9a4a6f,ca0ae6a55cebfc10e0ca,3,False,pending
6f677862141a25b11580,59c725fd58ba20f7d642,4,False,pending
b809c5114076b1fee1d1,0f91cace7dacd45bff2c,3,False,pending
fce1d829e48c7f70605d,144aa3d8a64788b83794,4,False,pending
16a0e089b88f374274f4,69032c8feb7db4e9157e,1,False,pending
44ea6a459e8cb9696e06,4d86ff8010924b932c4f,4,False,pending
44ea6a459e8cb9696e06,f8ec1845b218c280efd3,3,False,pending
2449b65b6155edc3b536,a760fcd6ea4bee5b7e64,1,False,pending
a760fcd6ea4bee5b7e64,b4b1e5696f223a31804f,4,False,pending
7b385fda3a9c0e17796f,8751eea7cbe5eef799db,4,False,pending
7b385fda3a9c0e17796f,0ee56494eecb5a2b1b9d,4,False,pending
8751eea7cbe5eef799db,0ee56494eecb5a2b1b9d,4,False,pending
571804c966767ba58821,e0070e9876c4d2176c57,2,False,pending
571804c966767ba58821,641c8c9cfed1b13ac4b0,4,False,pending
571804c966767ba58821,011f195c7f1e51e6a659,2,False,pending
571804c966767ba58821,ebccab9eff05b67553da,2,False,pending
8aa793c756a936b42e53,563959cc3c437171fb7f,1,False,pending
53bafb86c88574385e06,bc1a0d24ffdce6195fc7,4,False,pending
53bafb86c88574385e06,4e5ca2a14be3b765c4ca,2,False,pending
423df0ac0ef55c66bc9d,abbb00998481c4fb0004,4,False,pending
423df0ac0ef55c66bc9d,b0491ebb72da05fafe85,4,False,pending
abbb00998481c4fb0004,ebccab9eff05b67553da,3,False,pending
b0491ebb72da05fafe85,ebccab9eff05b67553da,3,False,pending
d9e9c4364829af3818b5,1196bce24f1eb099a755,2,False,pending
d9e9c4364829af3818b5,aaae494cf29f9ac0ffe3,3,False,pending
d9e9c4364829af3818b5,afebe7935ccc160972f3,4,False,pending
e0070e9876c4d2176c57,641c8c9cfed1b13ac4b0,4,False,pending
e0070e9876c4d2176c57,011f195c7f1e51e6a659,4,False,pending
e0070e9876c4d2176c57,ebccab9eff05b67553da,4,False,pending
e0070e9876c4d2176c57,bc1a0d24ffdce6195fc7,4,False,pending
641c8c9cfed1b13ac4b0,011f195c7f1e51e6a659,2,False,pending
641c8c9cfed1b13ac4b0,7203fab706ba9902b453,2,False,pending
1196bce24f1eb099a755,aaae494cf29f9ac0ffe3,3,False,pending
1196bce24f1eb099a755,afebe7935ccc160972f3,2,False,pending
1196bce24f1eb099a755,a93aaaf471abc454d6d1,4,False,pending
011f195c7f1e51e6a659,ebccab9eff05b67553da,4,False,pending
011f195c7f1e51e6a659,7203fab706ba9902b453,4,False,pending
ebccab9eff05b67553da,bc1a0d24ffdce6195fc7,4,False,pending
d5b2ea1effcad07b33dc,ca870bce05b41ac5bb4d,4,False,pending
a93aaaf471abc454d6d1,ca870bce05b41ac5bb4d,1,False,pending
bc1a0d24ffdce6195fc7,4e5ca2a14be3b765c4ca,2,False,pending
4e5ca2a14be3b765c4ca,2960b970e5aae28673fe,3,False,pending
ee66d0a83e49db5cbc79,2960b970e5aae28673fe,4,False,pending
316073930b73a2b1ab7d,2960b970e5aae28673fe,4,False,pending
7422657b8bf3508af1d0,226612d7fe5d716e94a1,3,False,pending
ce6d7407cc5c36555d50,dcee82111e2ec0649611,1,False,pending
55f31fdbf045e05eac24,fc5d4eaa38669a0a38dd,2,False,pending
55f31fdbf045e05eac24,9d257fbd361163df7f9f,4,False,pending
fc5d4eaa38669a0a38dd,9d257fbd361163df7f9f,4,False,pending
ded71a0f0ec3520a0ed6,19226f847e1046c86677,4,False,pending
761341eb65c379faf656,dc5e5bf4768f92784ff5,4,False,pending
0eff94b51784511c4656,191449046ebd0b8b1eb3,2,False,pending
0eff94b51784511c4656,b2840ca73465a59983c9,0,False,pending
0eff94b51784511c4656,3770dc9e457a40cdf875,0,False,pending
0eff94b51784511c4656,2e3cb1acf03ca9ec49f3,2,False,pending
191449046ebd0b8b1eb3,b2840ca73465a59983c9,2,False,pending
191449046ebd0b8b1eb3,3770dc9e457a40cdf875,2,False,pending
191449046ebd0b8b1eb3,2e3cb1acf03ca9ec49f3,4,False,pending
b2840ca73465a59983c9,3770dc9e457a40cdf875,0,False,pending
b2840ca73465a59983c9,2e3cb1acf03ca9ec49f3,2,False,pending
3770dc9e457a40cdf875,2e3cb1acf03ca9ec49f3,2,False,pending
b156b117ba2e4497ea91,436e493650eddb7347a9,4,False,pending
597830f41b5091ed7a26,c7e23242b4d66f5bd7d8,3,False,pending
597830f41b5091ed7a26,c9c0587ca012821d5b64,2,False,pending
436e493650eddb7347a9,c7e23242b4d66f5bd7d8,4,False,pending
294076963b122eae259d,bfa4b3e7eac7af4297a7,3,False,pending
c7e23242b4d66f5bd7d8,0aa2898c5d4a62c3e12f,4,False,pending
011f932540b783ae47da,41e21646bfd2ec43f2c5,3,False,pending
0d3f8171d7e0b91af356,90417d964dfb59985b34,4,False,pending
6a84a1d8e6ed7e234662,c084e0fb618a458997ed,2,False,pending
6a84a1d8e6ed7e234662,0ecb6985266d0ae6edba,3,False,pending
119abaa9f0be0c5ff99c,9aeafda254b3b9adf2fb,2,False,pending
5c97c7e7e4df72530597,55be0d3e5f69ff29e1f3,3,False,pending
5c97c7e7e4df72530597,963fec2a4f00c73c5f6e,3,False,pending
651c7db8427aaf2cee9f,5bf4f67ac535ceb382b0,2,False,pending
651c7db8427aaf2cee9f,d200889af0cd34953b1f,4,False,pending
4e4de07921fd2f9ee453,5bf4f67ac535ceb382b0,4,False,pending
963fec2a4f00c73c5f6e,1906ae5373b7dbf959c3,4,False,pending
df14a7a5a5e88b0e5bcd,424911e1c5853e8987fe,3,False,pending
f18fecad181d9e6a6ea4,c813aab3ecd44e6ad93b,4,False,pending
f18fecad181d9e6a6ea4,27c0cd78316a24cea48e,1,False,pending
f18fecad181d9e6a6ea4,b265f9a9921bc3d6a403,4,False,pending
c813aab3ecd44e6ad93b,27c0cd78316a24cea48e,3,False,pending
c813aab3ecd44e6ad93b,b265f9a9921bc3d6a403,4,False,pending
a473364c52013dfa23f5,27c0cd78316a24cea48e,4,False,pending
a473364c52013dfa23f5,b265f9a9921bc3d6a403,3,False,pending
a473364c52013dfa23f5,132605278b7d28016192,3,False,pending
a473364c52013dfa23f5,7966becb186755884ea1,3,False,pending
a473364c52013dfa23f5,5e85163cec5bc3abbad6,4,False,pending
a473364c52013dfa23f5,cc75cd7faffdb0e9f76f,4,False,pending
27c0cd78316a24cea48e,b265f9a9921bc3d6a403,3,False,pending
4e53530df9daad392968,54e61ade16391dd5d586,4,False,pending
4e53530df9daad392968,18de7c43e0cef6718eec,4,False,pending
4e53530df9daad392968,d941796a03bd4903bd9e,4,False,pending
4e53530df9daad392968,39d97fe3a4a580c8525f,3,False,pending
29e20af7223f62d58366,f7650498eba905e2109b,1,False,pending
29e20af7223f62d58366,3d85d8318f370d53a5ba,1,False,pending
29e20af7223f62d58366,a459c33b02d141a9ab19,1,False,pending
29e20af7223f62d58366,1906ae5373b7dbf959c3,2,False,pending
29e20af7223f62d58366,60f9a82a90c0d0702e0f,4,False,pending
29e20af7223f62d58366,d941796a03bd4903bd9e,3,False,pending
29e20af7223f62d58366,39d97fe3a4a580c8525f,4,False,pending
f7650498eba905e2109b,a459c33b02d141a9ab19,2,False,pending
f7650498eba905e2109b,1906ae5373b7dbf959c3,3,False,pending
f7650498eba905e2109b,d941796a03bd4903bd9e,4,False,pending
3d85d8318f370d53a5ba,a459c33b02d141a9ab19,2,False,pending
3d85d8318f370d53a5ba,1906ae5373b7dbf959c3,3,False,pending
3d85d8318f370d53a5ba,d941796a03bd4903bd9e,4,False,pending
a459c33b02d141a9ab19,1906ae5373b7dbf959c3,3,False,pending
a459c33b02d141a9ab19,d941796a03bd4903bd9e,4,False,pending
1906ae5373b7dbf959c3,60f9a82a90c0d0702e0f,2,False,pending
1906ae5373b7dbf959c3,a1106fabbe8b22451a7f,4,False,pending
1906ae5373b7dbf959c3,54e61ade16391dd5d586,3,False,pending
1906ae5373b7dbf959c3,d941796a03bd4903bd9e,3,False,pending
1906ae5373b7dbf959c3,39d97fe3a4a580c8525f,4,False,pending
60f9a82a90c0d0702e0f,a1106fabbe8b22451a7f,4,False,pending
60f9a82a90c0d0702e0f,54e61ade16391dd5d586,3,False,pending
a1106fabbe8b22451a7f,54e61ade16391dd5d586,1,False,pending
54e61ade16391dd5d586,18de7c43e0cef6718eec,4,False,pending
54e61ade16391dd5d586,d941796a03bd4903bd9e,4,False,pending
54e61ade16391dd5d586,e82abb15272c9f6046aa,4,False,pending
18de7c43e0cef6718eec,d941796a03bd4903bd9e,4,False,pending
18de7c43e0cef6718eec,39d97fe3a4a580c8525f,3,False,pending
d941796a03bd4903bd9e,d03695c649ff8f564205,3,False,pending
d941796a03bd4903bd9e,39d97fe3a4a580c8525f,1,False,pending
d941796a03bd4903bd9e,e82abb15272c9f6046aa,4,False,pending
d03695c649ff8f564205,39d97fe3a4a580c8525f,2,False,pending
e82abb15272c9f6046aa,a56593060e60dc141471,4,False,pending
e82abb15272c9f6046aa,4d8f3e181473d964bf6e,4,False,pending
e82abb15272c9f6046aa,1cf572a214d6c100c127,4,False,pending
e82abb15272c9f6046aa,2db3ac04732dc13f45b8,4,False,pending
65854757dcaff384c670,1aa4b99ba1516514862b,4,False,pending
886825379518bd394d20,20034084df8305d5fb4b,2,False,pending
886825379518bd394d20,f09bc65b0e2631bb0322,4,False,pending
20034084df8305d5fb4b,f09bc65b0e2631bb0322,4,False,pending
e5013a8c474d11ade8ad,1aa4b99ba1516514862b,4,False,pending
132605278b7d28016192,7966becb186755884ea1,0,False,pending
37302a74bac6c4a4417c,fec50bb835cccdcf5907,4,False,pending
fec50bb835cccdcf5907,0e59cb5655ca33457ae2,3,False,pending
0e59cb5655ca33457ae2,5e85163cec5bc3abbad6,2,False,pending
1cf572a214d6c100c127,2db3ac04732dc13f45b8,0,False,pending
966cb17b522bfb453d9b,cc6c1505a609f92ec10a,3,False,pending
966cb17b522bfb453d9b,319b3dc3465c2a68f031,2,False,pending
08fa112a6332342ffaac,bff4c29a892d6808325b,2,False,pending
